44743
48066
21816
46262
30322
28555
3641
79408
83390
34349
90808
12747
41321
11855
85342
66407
59742
7592
36897
3987
31867
53590
95007
48634
82378
35119
35643
42584
68365
5681
16013
29459
53746
37828
75721
84067
82735
95713
79827
82476
30061
70634
95223
71382
98841
96916
54140
58582
4507
7388
78920
36373
60977
90278
1358
43354
25397
37000
2289
93761
42680
18302
23220
12777
72481
15292
13196
71567
27356
93022
54043
57417
80007
65617
45150
78847
62532
15641
53780
67038
23028
32700
19762
84004
22977
21119
43709
64725
74470
45998
58486
17150
80651
98057
46278
69483
29700
59473
57402
57055
52494
27796
14471
48853
93412
75972
27699
55943
91612
81479
39332
14639
30530
75445
14994
53506
96563
58703
34583
71032
21052
93068
4533
18054
7476
50811
3888
53527
26635
61289
10581
95481
89084
41404
44333
98847
17375
72031
71141
25339
69861
10472
39977
390
85916
54971
70248
98830
30025
4830
86214
67428
14249
90746
85481
21724
57908
89368
75250
895
67009
2182
96375
72444
59937
40707
71291
77312
29089
42431
2650
98950
69255
58978
99339
71522
30300
85938
86704
60324
90767
72917
27751
5015
80014
29583
43090
37922
35303
34691
38816
2311
36873
51542
74754
96809
8600
62396
90472
37688
21179
9473
52989
6785
68451
68680
78306
98750
54617
65009
75426
45384
54277
3176
50398
34291
49111
9840
88564
84413
44530
27379
3075
81402
95272
94180
94563
3871
56576
1386
41558
94106
10859
10899
890
95661
79578
95547
10762
34194
76908
86187
95929
31184
5715
62679
65474
54825
72518
54037
55589
17047
97767
58663
14801
9390
69194
25715
13260
42121
27100
71170
36226
37958
82068
53467
33618
61645
49014
44380
12190
25921
46918
8119
57104
52632
87149
38930
23808
59666
9318
79396
93064
23437
54410
7864
32826
23604
33578
46086
82076
60678
17255
14987
15674
71768
64957
77318
37133
9336
5859
63053
72605
30329
36509
25237
17477
75438
49044
77142
1107
44792
70206
24543
15553
94421
57369
55508
44351
19806
37584
5028
53412
72237
36366
69085
60356
1322
62754
97489
10657
84964
76893
83262
15293
13401
24850
32769
5190
90245
26263
6297
51388
12820
47191
66941
23592
20911
22448
67942
57068
76383
72969
10479
48619
25687
95915
8975
27008
58668
22815
54017
43632
99707
53630
75276
13108
78479
24396
34649
85075
50658
57297
36463
79829
20840
3403
3421
41750
42202
71362
98818
18585
60683
25648
67203
86369
21563
92529
13376
96582
15343
67392
56565
15050
21021
31840
44509
15851
56236
95509
926
23245
69158
37388
19426
89997
57142
22846
31746
99343
10559
46915
17927
87593
72563
85130
90313
10477
94010
20041
7058
9353
3784
63623
40754
41157
95462
1614
73359
68049
13474
74284
91294
82631
28023
27071
72627
85164
66268
4373
84507
93178
67639
18785
80771
40201
3914
87435
50677
14276
7475
74087
23628
27611
37709
80733
85119
33170
82346
58477
17571
95819
49113
25216
94802
77135
52286
78651
18553
88152
79509
11730
55791
98293
8852
12343
18559
96287
79372
32834
20113
53458
72813
64075
91166
53545
49193
40687
52242
7670
58257
64412
56782
83472
59213
50268
52109
26641
28918
70661
31144
24778
98743
86934
23071
7594
99277
57981
20232
78648
7166
40345
48457
79978
20771
39622
49874
69964
80308
2115
77633
54917
82878
50766
54740
58443
1033
6849
1435
46303
93861
32578
87432
92603
19512
10502
16549
35140
84834
36780
30139
91999
93476
78595
88328
14247
34568
38201
84210
31227
56667
78194
86143
39545
45311
57235
14339
62695
64083
15773
8997
57943
48350
96429
66898
84213
23282
83446
19352
24468
36577
65842
32818
46405
44436
21146
60651
79003
75698
61212
10230
32365
39405
12724
88261
84715
69958
2599
47409
50392
18371
72758
24687
83072
85538
91584
67285
25171
91381
86636
49638
44309
68830
98808
90713
13265
19953
51363
8620
95650
28926
35201
44366
84682
64276
32626
85748
34234
51576
49509
977
69946
22266
25663
53018
24155
33598
36654
65677
41330
39641
31667
85639
8470
30474
76351
38087
50426
44066
46706
62427
89343
98258
6793
74025
62533
55770
59772
13118
7346
9280
14095
93643
47897
39757
46660
72051
73355
83313
37728
31036
22954
85746
16674
47775
16219
9377
85861
82996
69794
48918
45422
59136
47175
52214
33160
26060
24336
92932
39177
31681
18563
69623
25323
66460
25732
88335
38510
99086
71647
92589
46473
10952
78334
63147
75079
10904
88875
60939
93899
9857
39321
34155
73383
7886
67315
99442
32221
76598
63901
95160
24593
89224
77971
50324
77558
32833
65761
65556
41773
12234
92860
20107
91732
84290
47362
80606
45228
41261
39273
71436
80581
73427
44819
4818
57093
44260
37039
50042
15582
17291
61554
40175
22866
39524
6850
16775
88708
72611
98683
30481
1196
7894
66939
92927
92183
14300
73532
37410
55560
29156
8846
52492
18934
70016
57310
92379
14275
94348
42420
46209
27990
20325
86383
50856
76201
93232
67630
64908
82194
66312
95388
83389
74205
78678
92667
82739
92978
66198
20149
48537
11705
45346
1029
30639
15361
58338
39369
45987
69037
98140
92195
13378
18465
94929
64233
11017
88161
48215
92276
86706
30878
87664
86447
21435
66341
79113
4173
75670
61663
24321
24207
73367
86018
41587
20357
1378
16276
59725
47365
1664
57865
39559
15041
92681
34488
79274
20049
39000
43840
12324
42057
74717
16339
28503
96151
99032
7616
324
74701
69278
40996
15259
58996
27014
56845
79353
28391
89472
55429
92107
91135
29645
31666
6176
38677
82505
1801
58725
37856
45640
71049
79912
20356
87387
8415
32859
86418
32382
33182
61119
18011
74177
92729
93358
17542
49574
89062
45933
39045
44491
38039
30180
90487
86056
52707
29164
84912
54507
4240
22767
16498
91640
2679
53205
79027
27445
86063
81796
76178
35596
59266
94188
9773
51995
3897
43666
17920
92959
89598
73316
53801
43989
3495
44287
46396
72553
89802
31308
43411
10394
70426
59908
2033
73104
29465
97411
16900
15527
79207
93077
51123
54824
3616
77247
6818
7513
20912
41089
16823
26862
14405
70623
87202
34251
31261
49949
6804
21063
81256
50214
31456
51682
26474
49840
41137
55938
47251
74389
87816
26457
83817
55290
81280
87433
32536
4450
11297
69800
61890
28119
96661
76294
15093
214
10545
46353
50162
17348
83767
47770
83913
31574
99451
26738
81414
56939
99027
28664
