21391
62878
42427
91521
25250
89499
17702
80305
83869
73331
39355
62438
89177
6756
23339
91993
87519
51617
18077
5231
14153
72192
1827
14047
5106
64553
28729
19833
13251
3200
7273
50994
66077
66051
42514
7679
55549
76568
87983
39417
66250
43689
18206
55426
50445
57897
47418
54315
9513
81847
75897
40018
70390
77723
70416
75496
58627
99144
11680
88230
2343
18952
39223
84772
85002
98088
92450
56903
74655
96784
12671
57256
40473
47229
12681
7269
5125
76451
77935
30989
58297
53831
87358
28686
31554
57773
20533
6532
56917
48564
94761
75611
83867
33983
60382
68869
48423
69183
42123
39429
65967
54793
96685
22791
2021
9365
46411
23497
2167
24345
54486
60463
78175
41843
5501
26080
15968
42385
32612
89236
90949
27372
64846
91167
77707
25228
60035
26129
10762
18509
81909
93080
73302
78593
15870
91674
4310
78632
15171
6476
2976
86008
83291
97503
44202
88791
23582
76521
47527
56193
65756
54827
99917
30602
45994
93975
72181
22380
36455
82942
40889
18363
76022
30542
13308
8243
22215
17617
86875
53737
40444
6202
56096
23734
3704
16650
28876
43638
93170
92755
16182
58926
47581
32450
89527
93574
26424
61707
32306
61000
73194
81241
37021
3735
10900
61616
42301
28516
48490
96038
85311
71043
52133
9045
91099
68782
54272
51088
78304
47026
67269
37229
94607
99719
43107
4532
42494
4813
36837
5372
65812
10030
2964
19185
30116
13863
80800
72417
58730
45641
84806
44040
33035
53290
69436
24133
38424
23708
75220
16727
70733
58841
53955
81691
74911
97061
2575
17404
18225
39411
22775
388
65793
25738
35924
95908
55952
16723
84676
14681
78715
69481
75073
11750
22771
44508
35882
77546
84567
27454
94272
55300
86294
64578
53342
77556
77990
55916
94959
96214
11679
17734
12953
77471
59823
48877
89730
32127
65599
74406
63159
44314
60238
38231
72415
99360
82739
8296
76905
83657
52101
71176
38956
54746
52105
8650
32301
30094
64565
27260
26307
92595
61345
55612
70065
37519
4488
59795
85997
86438
50552
49156
47103
27141
87386
19517
26501
86476
44165
19757
70133
96265
7285
25440
51011
59389
34089
99663
89483
15006
26922
32141
7600
4618
87752
94017
58489
8591
70163
44485
95029
37066
93640
58483
64206
81026
78000
7058
83853
38516
26815
53985
34780
34099
79425
2142
93487
29865
1805
82969
61222
45078
31462
85174
49696
19213
79190
8184
27804
65704
52668
39184
2769
46308
97666
66974
43685
75665
90384
27537
14180
17198
81522
65312
67648
77298
67453
61134
23514
69257
60455
1088
14335
91916
86261
80382
27480
81802
88565
55283
47505
57584
94466
50273
3891
92132
33598
47575
84148
23981
91464
14680
57530
89337
79991
25177
66634
63795
2663
6499
49404
79469
7586
80090
87736
10198
76823
15215
91999
65387
86850
39503
39322
81315
6127
43213
89798
56077
7139
90298
96409
14954
4977
70291
4290
1319
95467
87275
81465
14481
93774
47220
10301
17711
27309
98036
27909
4131
29603
19907
85869
16452
75762
25191
97766
98240
84755
3916
54316
8245
94213
67077
23199
15541
37367
27488
33211
49185
31115
31027
80018
24888
78247
90318
58950
21907
88354
86858
42390
17956
23117
28258
34407
15230
69800
48524
29821
70906
68791
489
79151
79355
67565
2349
94895
21283
46188
44457
70467
77302
75484
50484
18541
53730
40802
77491
91988
45507
80700
34377
79814
20168
62635
30572
51749
48786
95447
81570
19692
64238
98410
98842
43592
65974
17542
54839
87256
80081
15647
74074
57383
91130
24558
92275
61211
81711
86117
53199
27217
83169
87575
23382
19688
66561
53953
71437
31699
49399
69358
51390
13636
67767
66583
73580
50092
476
44770
53699
96908
60416
27772
70642
67898
68681
62917
29108
66743
49033
98658
10311
48553
2585
33692
68241
85497
87644
39677
17195
53395
25386
84936
83382
9504
67870
56961
75947
84697
1730
29645
81605
78498
73768
52246
46395
58801
15162
91854
25543
80547
90512
35854
29099
9448
69545
13691
94944
73541
69719
28491
26935
95104
13426
10316
4607
81296
83629
96905
65992
85358
26549
63948
80207
16669
16194
26601
75469
47707
34807
1011
28253
41670
53216
73704
51117
22761
87394
46060
12653
57113
90902
39587
68568
4328
49902
1975
33530
86431
84318
35240
12980
48266
31798
46000
64459
58399
21468
28517
9557
38830
56770
51226
92046
46825
2342
31158
50570
64753
43810
7682
55655
83396
92602
76334
49649
82128
94660
99531
68558
78977
51122
97889
43594
82919
43888
24404
57669
81707
52921
67225
20537
26042
18450
28934
72866
37143
76443
23435
18248
20252
47469
90254
19999
40070
66587
69647
22197
61246
85529
90754
56574
36650
4995
168
19569
65234
24571
93589
46941
93843
60814
83829
19884
95615
29114
92749
49110
5556
32536
67357
25807
80004
73962
62157
20073
56900
48155
42269
34497
33684
49374
91070
86685
70720
7589
22605
35954
48512
82894
42354
77007
83074
62238
88973
12187
71338
38082
34094
3873
21790
76252
83876
95751
38408
3948
52650
86562
62568
87146
36597
28294
94568
23282
99013
2156
45886
34966
50667
78431
34211
9373
55437
33636
87962
60762
62174
59299
98843
96267
63172
36985
72518
47047
32735
27277
67347
1737
30191
46266
5234
83139
74559
99801
6420
73572
18309
68658
24889
85327
63440
75452
94699
18877
9087
82660
95990
87613
58311
11184
83879
21482
48168
72749
84880
97255
16377
68578
15343
46567
14844
20576
46058
89402
36729
68829
79325
55037
37486
20566
40363
926
12369
51414
36154
21455
50425
48495
25419
8735
59678
25650
30216
24198
98398
31448
21452
31126
25
36794
94045
14868
73721
40102
20622
10449
8930
16298
65485
62768
53215
22200
80045
65583
89965
32550
3390
40389
81044
28808
49124
40721
54457
95691
64918
69206
43490
2721
332
43515
39514
10728
74734
29587
50829
11707
40035
59758
44357
21872
38877
97571
60423
18921
63154
50387
51470
82895
7127
48865
11702
56250
89586
82511
68293
70855
51716
11782
73576
68399
71648
29441
79126
62734
75379
29954
74440
15414
6064
18796
53637
44940
16367
14059
80213
95872
64445
31682
78766
71571
6819
44173
86484
89329
28817
73690
41045
56950
63617
9443
44950
9410
88569
7683
84788
34874
82122
201
40937
918
70189
2229
84247
82441
45859
65043
30474
24624
52966
47794
97138
13855
37123
42306
3897
94519
15607
67513
3961
60556
76922
8881
68238
61710
60107
50360
78262
1043
67629
48451
19623
17616
32697
18415
63474
14092
48889
4449
67057
76260
52242
80546
6467
5716
22851
10363
234
38457
94227
20547
71149
29427
67250
49210
89533
33961
27471
6928
17941
92273
42902
35556
41322
61317
15381
55413
26557
19829
22469
2816
88423
3014
25634
94138
42216
52348
94372
80672
46575
14918
96036
34075
60696
79638
83284
66581
13598
27106
89860
47891
35731
32761
83446
77052
10429
98827
48816
35007
87636
56153
23429
7001
81786
33919
49216
50486
44642
46239
97060
75911
42275
47486
36606
38264
30769
19538
68213
74226
9397
16103
9956
58510
15901
3359
68938
14727
68526
5923
66085
56161
62075
5866
63161
60212
56136
28728
10697
777
74967
24108
76687
33593
87945
29644
71856
18713
49182
40068
9291
74930
72523
35598
33439
38957
18729
19501
7482
24651
85585
79995
3077
7802
43155
79640
63937
71883
6689
64713
63201
47148
57751
96793
35093
87395
85000
70157
52928
41419
95799
27857
13941
31397
77648
2363
86705
96376
38215
94186
37378
23800
74180
56806
47953
33687
36445
11890
21921
59485
92954
85121
22985
50705
98265
58077
54451
83264
44585
23730
24682
40384
51586
38623
71780
45585
57337
58484
41960
95552
69021
79337
35703
59553
36142
7
9591
88939
11896
31511
64775
21202
32983
87759
88258
31247
62187
59060
14510
6772
82789
55543
47155
50726
10517
35286
96311
84206
93769
38270
79757
62789
33959
31811
38693
86452
31817
48283
91742
60065
79793
56517
81266
29127
44275
85875
60373
6462
44934
91234
29585
27722
46777
76739
94799
73645
12024
91109
57850
22144
45731
37606
1284
96041
85768
39977
82492
33937
88259
74234
94001
84404
47102
91618
13530
7728
93844
90255
14189
38777
81488
60125
82850
44616
36863
18261
65238
85109
76110
87381
47191
30068
5017
43231
32187
44993
25722
66123
49603
16307
76475
50358
79760
84444
80240
87488
78287
86846
18028
17063
84685
78153
16264
29301
31367
10264
63913
96605
95372
56374
337
42562
86441
5353
2144
18628
66697
27865
1102
32652
60524
77577
99361
40283
62020
95952
27770
56659
82797
62150
90073
67482
40302
6337
96782
71668
16600
77046
84624
28323
33419
84961
87236
36212
6665
89379
71191
89714
33595
72292
22365
94118
66220
38077
50753
44592
34029
94874
1250
16825
57023
91322
84306
97324
97658
97439
85344
30609
74484
69967
58931
7903
54927
62518
60466
77944
51896
31656
67657
85491
3947
6373
95960
70167
44449
46712
14758
94829
57938
16007
11654
14960
7328
12311
28636
21338
26102
13979
68298
585
83945
43581
24839
55224
6098
85304
33167
57994
16959
17175
59836
37258
23547
72147
7424
84347
35211
38533
79176
93148
70891
7181
8107
94570
35843
53094
15907
61944
67072
557
62529
51017
44137
3719
22592
50234
5375
55758
24579
38685
72932
84414
75942
12830
56561
99717
13528
91771
38249
9055
1270
9139
16235
25728
20061
52078
78822
52319
30373
45893
52875
9253
13261
97011
12972
35852
47245
34698
7961
71823
73382
80892
72589
49324
10073
45501
49040
23601
53623
3641
32655
54892
29131
65242
80619
49191
33671
59440
1510
64043
21685
70736
73296
34945
67747
2619
87149
31343
37316
95109
3165
92353
92105
76372
18777
37605
41764
42377
91227
61756
91384
62470
90886
56625
43089
56429
6647
2528
74290
70689
24212
45025
60336
75509
29123
62954
79009
60465
16621
90469
79982
43670
99173
72086
20041
17950
26043
78156
76678
33621
39911
68061
96091
30797
41037
39179
3577
47683
58058
77866
34724
98622
39242
11411
74130
68365
74365
69490
28829
7337
59958
25162
51006
59131
97248
87399
93432
23290
65554
70109
56910
5465
38170
53000
52613
79206
8530
56189
43241
66588
50406
94316
65209
89647
5726
55690
74363
25179
19544
3779
1488
44705
54784
76970
58304
42182
70401
97945
7736
40510
54855
29552
95031
24206
82164
90588
49088
38352
33828
15675
88757
28143
97235
94755
33869
52924
85470
30310
94454
21365
34088
95941
82421
5224
89263
40725
63757
59663
38669
87844
172
9875
17395
95202
50433
15910
85790
99520
54261
35969
31546
59369
80464
28780
70476
14332
81703
72297
60993
76156
93661
11433
88448
76081
33008
77710
16805
96764
37373
71826
960
53896
81700
34706
65450
32132
50616
67591
48003
4876
19911
79548
80597
374
8327
51072
31057
6381
39720
92050
98888
33380
19834
87336
9460
52841
65045
42617
65956
18769
14442
83267
89017
12493
17973
70818
44625
84940
8979
6167
74670
88527
86763
75044
13205
54186
6100
19586
93905
14501
34825
27284
50686
22160
53096
19878
3557
12064
2186
38677
26505
85452
27693
55349
19776
14862
16325
4715
69621
25304
10882
44291
30182
13996
19334
43386
68182
41785
79323
78438
72638
14148
22074
23323
52659
75169
56215
3584
61738
11244
46440
63541
55288
1788
99669
70150
18113
4383
39770
43416
31616
84060
73597
45612
19745
33334
30145
77882
29009
24934
50519
59508
47007
90193
12166
38527
66097
84733
42110
44186
12328
88549
7727
67615
90337
7395
54116
8449
28129
93886
68216
76097
94297
41812
38060
30394
91497
84556
8275
36857
9489
75145
96364
56496
81689
24882
95022
47786
25966
53484
91971
54645
42032
16049
22259
48720
39795
76375
73520
84276
86612
41735
60372
80908
99898
14783
27653
91395
99338
52279
44603
8826
27423
40967
81673
25464
82200
93047
73249
24517
46530
81571
79161
4913
97620
17771
53633
53766
94145
27152
38041
97108
68887
14764
94368
68784
29546
22020
76530
45235
74299
21133
70413
18073
78451
52085
43536
77002
45131
16784
1518
91660
14707
97030
96573
28678
14800
66557
82443
25297
93708
20484
38756
78946
51599
33123
64082
81145
55143
40611
26379
45793
78095
96791
63865
56545
65228
7401
49898
10358
40536
18370
55242
64796
31294
83919
95948
97850
82714
37596
7909
3197
76351
3207
54795
9474
67288
52291
80968
24250
43112
2345
8164
6976
75241
73391
30728
25139
101
87616
92905
18470
42857
74053
66115
43128
70000
63964
25841
23947
88224
45389
297
91430
16535
26122
58717
68826
23441
82967
80199
66552
88362
89880
76903
78105
20607
2041
78205
8222
94946
13026
67431
85350
79140
26910
59455
69102
79295
47678
14490
95943
55460
47376
38417
14176
32553
61857
13494
12751
28409
15156
17465
34640
92059
95569
55246
10451
90125
79820
21748
19502
63602
7097
98641
90511
78797
74447
59612
74443
38476
90453
70386
93935
54180
8802
24463
86733
87010
37956
99483
31770
69464
16947
66409
61522
28867
38007
71972
18991
34178
93720
38492
97779
816
88289
79613
27930
64252
70407
82758
71056
40792
76692
25235
65945
1154
11967
52955
55462
27802
1076
24925
61100
67485
2798
89967
21843
74769
25309
56020
84840
63801
53798
2008
58438
97972
77918
39041
68378
60675
26448
25522
37366
51682
91466
54872
80001
60772
10333
24154
61848
51609
85253
45684
54406
91571
83878
45526
16880
39897
30366
97032
93694
32373
30667
68483
46696
8584
7523
15073
69258
33970
40594
22976
2003
48412
77847
98355
25535
4531
38860
3734
56139
40465
65769
26896
32035
49646
72421
65266
89542
2786
62297
99587
51510
92964
68069
14557
17899
91943
45982
87157
42264
2927
26484
60619
51338
4330
75325
93225
25212
14185
96958
97702
71001
62727
24597
3035
12372
13369
68301
18266
32507
30597
17852
368
39912
2273
14925
57811
94215
60906
61319
52831
63832
87802
13449
31522
8483
24746
50046
19309
21703
47747
6661
84429
88695
9696
13153
2063
94348
31418
34569
41296
65621
51289
97560
67893
66213
55370
78460
27118
33040
47642
7301
37193
61090
38822
45675
82566
63567
12072
1875
85270
59818
8535
86050
64864
34582
15554
83278
45281
63323
34199
86577
28944
85487
84136
13188
51699
55857
7999
95168
5248
55640
2468
42440
33081
41290
4466
4856
16537
33873
6477
92706
58759
8879
57569
93341
24432
40846
54973
87755
41549
33050
60530
42036
62589
12228
14244
70588
23747
19491
26227
26215
61930
75660
67504
82747
91306
88711
99283
41530
11540
288
20418
49556
9980
61201
6754
64953
65307
81797
22853
98356
58679
64889
60945
87258
79132
47884
11005
14975
74110
37219
93256
66121
21074
76003
57426
9784
75285
98955
37675
83625
15595
58092
49532
25574
19293
56285
90526
951
54434
13379
99307
13112
94619
76603
369
90102
24486
11373
5076
14947
64943
98332
81068
86016
74334
54845
12152
65970
70152
49826
65946
85746
24270
15478
11319
59914
88114
18197
60864
42547
31575
76522
72010
42545
53124
72379
32646
77609
103
37722
92556
65046
52405
89975
67413
26738
44819
79564
9059
14970
45742
75005
715
86363
6834
12034
46276
94947
30230
37494
13
9503
37052
53136
98233
69697
30745
14688
23770
39652
96085
76174
29626
63497
19263
74444
59413
44674
89414
21506
36030
6480
7868
42863
34865
70495
37809
81446
93985
91654
75953
93997
17509
13004
47133
32093
99053
94229
46780
22822
50232
42864
15348
79857
22713
50962
70652
98477
95635
76417
36334
31664
82897
44201
90878
17761
14695
28687
99207
8679
36692
75159
2676
54200
4515
66160
86293
3567
76740
49424
42740
26971
8640
58087
23179
31352
25401
93830
46180
37387
86599
82513
85403
85847
43065
76280
3607
57759
4966
19165
41658
10676
1816
12209
15190
84327
14853
35108
61066
64277
88036
72916
52286
11214
20619
77686
21396
83150
15072
7994
65662
474
93840
8726
76754
13798
82836
98071
32963
81976
56080
59990
144
84641
91531
84470
99493
26638
45536
63769
4484
49923
53036
73121
77489
90006
50806
98884
73155
82230
6877
38816
82703
17068
63893
75808
30865
63080
90231
80179
61408
62662
40168
61551
47302
48050
62372
46795
74687
24259
26915
95523
74182
79951
68643
51670
69956
35801
66905
59463
18030
73781
14630
17084
90848
78523
92892
21712
57954
99474
18243
35713
62135
74762
97263
9437
22812
75987
72583
13850
245
99497
9372
90778
94367
58799
82107
30167
25703
41569
64548
56198
81631
6682
90874
44746
25378
90347
62988
52482
37749
74705
78270
76912
50691
50852
90762
50935
66700
133
58065
62499
10851
16863
60957
57369
42566
2525
21916
42048
75074
19899
65082
42498
10772
26179
67875
17471
89166
28964
86304
43266
20020
64573
20178
70710
31776
10939
37997
98475
96061
77325
38274
12923
38281
95642
55488
40805
33910
13888
32231
53808
95321
74728
80931
21499
42602
98401
27016
87917
1056
70281
24289
81980
6810
94998
13755
17748
49346
28582
61523
45406
5906
99796
74681
60539
11789
46520
17695
45698
76759
49925
15857
72079
24652
96788
93577
83605
20592
87874
12596
7225
12162
10927
14034
7159
48134
72857
69615
26008
34614
75520
25803
9294
36058
53943
55814
53753
15993
48924
20029
48201
21003
44681
44988
30931
44637
72880
32510
75099
44671
12753
5484
37434
69969
41038
23400
95976
75651
15272
38130
1297
51329
8425
73462
21433
24417
22385
57814
72617
59739
18846
33957
90670
63482
6836
58544
95992
8662
33642
57014
37766
55477
41547
91552
25446
98936
14951
37773
90939
30222
75903
92235
97903
679
82048
35687
25095
4432
93500
14063
64171
12345
48019
71192
75827
71206
29735
88170
96219
79728
61535
33985
35204
3082
25536
77001
18369
56838
9307
87060
23380
17893
84962
24058
99940
20648
49152
20724
79566
1246
26492
43937
72437
18670
15142
18523
23191
27713
98250
84726
78049
49805
4159
19936
43158
22527
76773
74283
48186
97662
66078
48793
21719
82370
69441
87222
19445
66787
20690
42783
10723
9478
61453
42217
28000
995
69929
42601
85720
64329
92405
6230
84264
35562
28757
61036
26196
93294
24868
23857
59371
90012
61927
41740
59452
49148
61184
75743
32287
98225
18526
59361
24054
96330
1577
52053
87857
99396
52185
19762
5625
36448
71675
50733
97484
97871
44026
38703
38079
19749
28714
6
77840
4518
65505
55376
80260
14143
69952
15137
73504
94006
27818
91432
62410
41494
79289
73415
47825
93176
62865
625
64850
29950
98108
62720
73975
53162
17151
10075
81875
17156
87915
86392
99012
43290
83004
13155
29593
98140
3010
23598
42310
94441
83803
90081
75774
24691
54258
68949
3907
54882
50150
33856
69341
29222
24183
22502
46372
34257
4376
79879
38523
7120
78890
81812
90123
8396
27757
4614
51354
63275
38550
37361
47077
28630
29486
88119
82887
98434
92026
37768
48584
42233
23460
77805
66415
45961
40528
672
66689
20406
39194
73808
37358
80282
40395
65114
1247
68151
32819
64522
6700
86532
27950
16017
16069
34568
14451
24446
88688
79386
66678
12147
73542
49445
74460
14069
66468
41148
50826
5661
31307
66472
59370
27940
6866
40835
45538
91369
73654
26411
98068
60185
54361
49749
76201
86781
669
7003
27578
5708
2740
10607
34206
76281
60051
8665
6701
26518
66164
57526
48531
97470
40350
7900
41761
47215
65087
87299
38583
55092
13709
53003
15276
84421
2751
7828
87553
19771
31183
15130
25478
33922
42089
59684
26555
2139
68348
49607
45009
50864
7133
93539
48333
47482
17790
90094
11048
82876
93744
65983
37967
23804
35337
69594
24577
38087
12129
74210
24956
43611
99687
75229
85699
75722
18135
87837
60422
67742
49197
11285
74874
42735
75969
38707
76877
82414
66106
76104
76157
48440
30423
99961
83776
16
24537
10141
53017
12424
51448
96627
28462
26677
82325
20536
44811
86514
80957
12552
52062
92241
3777
94797
68209
58835
88025
50623
41293
64128
43131
89732
94550
59443
94566
331
28074
21058
53348
56849
72506
66326
1662
99182
65003
60344
67868
3153
89248
19929
11745
93024
31077
79954
68211
19101
46928
83229
90058
99234
77778
65853
89093
66183
33518
9753
90366
82258
2208
92028
97791
67210
14224
58134
35077
33729
47381
55005
45473
56757
2434
41778
24967
21534
88705
34469
4762
95115
50054
82540
60967
39147
87586
43501
72664
97338
79383
79382
79595
81590
71409
93737
65151
1984
51871
227
35712
15603
71583
81185
72359
90368
22962
97325
11902
28019
48145
16663
23133
98199
451
53697
3140
43951
26360
16829
39685
22093
12776
21274
9853
6512
86424
28189
3002
63900
90937
61436
62695
81304
750
28768
24516
26220
68252
22714
58125
85054
76410
77616
45356
19122
94445
85041
57566
23572
6314
67419
30083
9090
95607
4817
28443
75858
95153
37294
74199
33387
38043
42943
83162
91438
85514
67765
30503
43639
52818
6913
21254
98173
42386
32050
99565
99951
55621
22231
83721
2056
31320
79327
6872
76114
71537
18376
11845
8830
8926
61583
63224
75848
4525
62737
67285
90039
30501
97787
50029
99670
21051
71282
14194
79788
19684
13759
79739
91656
35989
79811
93711
83660
59138
16934
76125
30674
35309
87969
55855
60587
49551
35430
36434
70428
98166
20070
45018
17856
10494
61039
55259
98127
91584
35046
34162
5342
31136
25818
57682
10947
19528
57693
86436
52814
33818
33461
88122
38138
89315
65060
4041
41096
1493
74468
55613
21562
51285
630
55770
78130
78020
27380
92608
69603
78777
26770
91297
9913
68939
65330
37211
4818
23023
23646
57631
73192
73458
62105
27681
79124
27164
31721
20219
22540
75831
82922
73824
92812
55043
68305
87183
82422
60913
56785
61199
4034
64433
87463
72972
29763
24673
94141
69137
64670
51772
58680
38127
13876
86360
17250
41039
18081
53820
2399
40620
29650
85321
30796
38813
99100
25995
39137
60012
82779
335
80397
63564
4149
69720
93326
45173
63861
78814
9842
15632
37493
64320
29507
23852
97921
86897
41932
51740
89296
98904
81389
90968
29699
36553
31330
45150
62547
70466
5162
61677
87152
1910
25240
91300
71630
18565
52824
35490
13730
62665
67473
51222
43336
13331
41256
33357
92995
5874
48612
90735
96841
78310
27287
44523
89833
14988
44973
67862
18492
63234
93101
9791
34863
28018
62615
86704
41747
41631
54176
92969
67506
84394
42574
84085
34102
51921
6310
42655
3151
77375
69942
64025
17186
76126
95364
78510
43987
41744
53440
39998
92958
81457
18964
79662
39555
76946
50189
48875
78264
33268
20838
1779
83722
72758
24440
82787
31764
43942
60161
18057
7966
93699
94183
3330
88560
54521
17184
30303
24312
73533
39613
5768
92496
19274
45323
69442
85814
94197
47705
3508
43817
84894
21638
43890
74003
46078
26676
5767
90019
86836
23823
97985
96886
34357
17666
85446
5230
51201
32100
29541
24734
71712
51661
33581
13335
3022
93151
23883
67079
13010
84051
68324
34648
97077
54615
3447
57803
4619
1431
54688
55328
35448
56485
60557
86649
88585
6449
27734
76648
58109
61314
87795
80688
9839
11678
47766
39200
95728
32441
90199
23668
91119
78282
71915
90722
36084
76534
8504
7124
31861
43952
79960
8769
46952
68544
15217
74685
61544
89678
35998
78232
77472
16685
4422
89149
80802
43621
1229
29595
33820
24896
20713
37446
19529
8980
28167
71965
85513
53023
95440
33725
13326
75399
58845
60277
60295
90413
34961
21838
87310
16421
73914
20347
20842
79414
1148
64462
80642
47094
14633
21889
67807
52079
41418
76786
96597
29734
78650
49619
25173
28726
62944
571
87570
39572
60865
77982
90884
99054
58072
78194
31826
48337
98540
52667
27750
16039
33481
8392
63133
48113
30280
47291
16543
88049
40428
13140
17782
19077
79110
59306
64154
58406
59877
51723
97977
37093
29704
88861
52499
4127
83406
84324
52463
81945
36991
96565
86823
4956
77467
51287
51587
41109
67830
39636
81536
97321
73769
16964
92782
33075
81117
51187
9303
65516
78895
70728
98893
99373
54133
83217
68188
52429
36559
64752
83115
39733
86059
76934
91019
53997
18042
75200
93632
99578
88872
83753
32893
81654
16827
30362
49192
79552
31059
88875
74798
1786
87768
74171
72270
58710
24698
40246
39813
24165
79978
42223
1098
87348
19139
62548
6203
35068
67771
89955
67961
98322
14968
49261
77873
46026
54487
52671
64164
42254
43193
36433
45941
18254
77483
86186
74418
1647
82515
16640
2744
69863
12858
21882
32410
35412
180
25366
41262
48498
55935
97275
14110
50159
59652
68597
19181
23815
27202
78725
76600
73143
96978
54082
75680
71395
72080
58195
4386
74823
44409
33596
13056
69007
2709
9701
94373
43970
75656
59222
16256
89282
73332
48934
58280
1947
72748
85481
49347
74975
77649
19780
50655
65396
91859
25201
69781
83033
85961
3376
12441
79130
88735
15149
88830
83107
75471
80838
91726
70119
32011
74492
19052
90290
92791
8152
92123
57498
67097
67462
93630
34103
32857
1840
75655
18990
84873
61615
38717
97313
40744
27451
28813
29574
26909
4283
10411
85589
12361
80529
33951
3204
15933
40593
95994
24084
32715
85807
97933
99811
53269
91562
50266
2477
93402
25920
37818
94626
87535
76535
8290
28278
20337
37102
74203
47246
57737
84613
49186
70097
81494
83136
89652
13778
23728
85646
37861
72794
87804
35793
72605
41072
43707
22870
43549
53460
65141
81366
48085
52675
74252
72726
80953
10941
9827
71507
74538
67563
72472
23723
54011
53965
23210
60015
63290
62012
21954
36083
49815
74098
25039
90887
17804
64260
50787
87615
29401
48504
52051
82075
22756
24776
79379
33696
34603
50886
8233
18517
23357
48307
88880
93673
71516
48894
77766
34805
10905
16071
87240
60719
90168
12278
67957
24324
76538
18743
11938
5938
67247
63989
4364
6354
88764
83743
40049
39718
50980
64633
58235
90688
29291
63466
712
806
12359
78477
51963
39615
10899
55554
333
1066
67831
68290
25389
60720
3384
53679
66657
70630
17667
87373
76983
22782
71115
33383
62500
38446
14367
37086
29133
43657
16903
29844
60815
29261
24672
29129
85227
35570
84682
1911
52987
68864
86552
78376
29584
89936
48406
12592
76917
82424
99964
70252
5205
87430
19986
84056
25875
34353
71359
94361
54395
17554
71527
58577
17007
85233
10498
18040
87144
63485
86904
73695
58212
32839
6617
45430
56899
89040
61746
27150
10596
49175
47135
94652
91402
97839
48496
79112
8552
2891
13018
80078
19249
71594
13437
4482
82092
31476
7977
61928
18379
81671
20139
51217
61653
12999
34903
74744
62052
59093
40270
25538
70096
48023
23377
34944
27135
31928
37834
40152
28357
57082
28097
41793
77915
26540
73269
85891
88467
83914
24957
75568
61918
68063
88566
96820
32912
79661
58871
92005
19930
84408
78452
67953
24136
13395
11439
67580
51590
772
41014
42564
18928
22578
32184
21171
11044
56535
5084
36001
32102
67001
20415
37019
63820
53327
16679
39042
61683
36608
39801
40134
20912
69881
32350
36351
53812
291
53474
11177
96329
12390
46457
18906
44573
67627
29949
17459
89062
82301
49560
56062
2716
86578
36233
56042
3256
91626
34076
56216
31426
74209
93479
11714
60441
42181
64417
30605
42471
17890
41781
38799
30279
88237
74056
91204
55863
20357
44924
19009
74574
17337
21724
61151
69921
94117
80759
61546
28192
53326
92972
18753
46804
21037
95545
88984
85453
26149
47807
3343
67930
2957
49973
77013
57528
28381
13721
82542
89656
32729
57115
23345
54453
18265
93265
64921
15375
54811
9465
68700
64134
44569
31856
85170
40113
20839
86975
82614
84997
90317
50543
87954
56641
39412
81318
30521
84144
95038
13062
73800
27766
70176
13496
98570
4792
6760
79843
20167
77922
89307
5218
42055
33875
37073
43577
90339
74264
30551
72952
59260
39846
47213
10211
79258
28530
40731
63401
39919
53792
53552
67685
23967
67047
82606
45111
90159
62448
65277
68080
51754
70494
26487
1980
23919
70063
92319
98182
16965
65270
57441
54183
21006
64393
725
65887
5124
80477
5806
75267
89842
15586
17427
72447
7585
34895
25972
92017
3000
12817
34855
4980
36735
4917
13650
34916
38233
95271
8709
92415
16738
46066
73159
17462
11952
94634
14291
34109
69901
64671
23950
85486
82097
96397
62533
6034
47643
88504
14402
50642
17672
49256
71973
70759
70524
85622
5674
8756
97245
30734
17522
13982
76799
90680
47796
5103
1666
62086
39211
87918
26756
79513
73403
25204
75909
52287
31237
39903
57142
61990
6896
74813
11245
78869
45571
98120
80842
67597
6875
78086
98330
24396
92068
91481
31428
96583
18300
52145
37362
61407
31657
27116
86610
23917
79402
63819
36543
96188
70715
11355
23785
65935
73278
21904
63128
40874
41214
55555
85878
49633
47035
17305
22199
59969
66749
56850
12114
20462
18256
60122
47577
21217
84039
26978
71767
47857
63520
84307
34923
8091
17209
64504
46346
80337
21729
91476
37902
77283
77354
3886
40670
11010
26084
638
94111
82933
29103
14572
1188
89225
62149
73263
89126
10523
37471
68998
88746
76576
2919
5954
41079
49264
2642
62807
57092
40543
56441
34445
44428
97110
45454
70511
14100
39564
53443
59554
54136
70982
48778
32636
9738
38392
21761
20260
92215
7110
31440
97312
83685
34358
3265
41115
99973
5907
20273
73416
62801
76714
7860
7229
73823
69666
94091
4274
25581
47534
63828
96068
34867
28957
28703
44604
67349
66816
81215
75915
73925
29006
73226
79715
92842
15076
96040
98748
35349
69455
61549
12062
77315
85129
2236
63332
79219
6510
88912
43104
86689
84980
77971
15645
30034
38926
82993
96849
36493
75259
87126
65498
48484
61087
45213
41326
92514
41252
56425
44214
10706
34325
72627
4372
35805
74863
84055
15024
97724
89319
74479
84412
74298
52449
56
20683
99401
17532
60571
74659
4657
26068
39495
82095
87632
97172
90960
53596
35174
72293
4273
7800
93016
40077
82662
77071
55100
96737
66389
29579
97500
57038
98379
97556
77720
22457
11603
83027
87966
32611
9095
43812
14705
13078
40983
5665
58313
94579
40838
98851
64989
23620
55279
47651
17042
26731
60739
83430
56309
58239
56819
71039
72146
34539
93496
62493
89770
1968
33582
9808
31398
74564
31824
89710
85494
89013
36666
696
54002
60285
55975
18004
77327
82705
78742
77108
55365
53332
33927
26403
25477
84817
36250
27281
47309
29124
17051
42412
47443
50632
68572
78840
16747
68549
27041
5760
5214
44088
59761
81851
62
94116
75529
82766
89209
68988
54482
42541
2914
97237
84369
4082
33486
11650
51391
78961
45052
10154
26404
12035
5243
53581
95472
90144
96973
17583
11709
41061
93695
93559
41122
87810
85439
40240
77018
54427
11073
35910
73692
8309
20279
77774
58147
48280
45516
37107
93331
55669
63510
5365
50746
68753
75297
46217
75248
80151
86956
13330
73845
96867
70803
61654
82305
27394
55023
53083
38467
90933
43127
46775
11211
20900
4921
75842
42028
85524
38435
90888
89180
6993
66184
51748
82240
54805
31898
69196
84486
5742
66062
71641
67395
64718
99034
38770
34153
53852
29702
77279
627
57264
14530
21899
33105
97296
80278
35730
25867
25511
8402
93009
7751
63207
24907
93298
64044
47000
75711
35684
30747
56780
51070
69516
90932
99217
84562
56480
99091
43798
5936
96386
40427
40915
32116
58945
66781
73377
84456
91534
82737
8558
71092
23995
1855
35136
70995
93917
87171
1741
50696
38240
71256
57980
43161
86824
65059
59655
41632
25208
65590
54369
65635
22856
2836
5988
92564
97521
75301
33943
68613
99295
52149
20100
70289
62417
7270
88381
29465
45510
59636
87444
88670
62811
46336
70080
22465
87967
95288
4406
42336
77274
27261
18204
33248
54087
43590
29387
93884
15733
28681
62385
35832
15322
41153
43101
3702
70617
88610
63338
58060
93631
26148
4396
80063
64965
8714
91702
69370
67401
68975
96631
28924
3530
29878
83010
63471
76998
12396
57355
92730
57428
36091
28561
77243
71662
47860
76623
56140
22271
86606
98639
43018
66668
63603
51732
58369
32973
35484
43695
45955
64407
47224
92184
47416
10695
69182
76163
84401
61911
49943
36843
6824
22691
