51229
63613
12068
75915
56720
72395
22389
43752
71556
2395
41079
42919
69521
12958
89273
9816
50637
52891
23652
49034
71784
24143
8796
38312
39017
49445
11564
50677
5783
54661
92726
73363
34625
21146
65629
91345
93540
4369
51448
81447
6763
92526
24366
76283
21835
29990
2450
72471
82880
42453
37856
71015
66595
63003
25678
5612
12447
37241
72640
34581
8253
65366
24295
42877
86511
89923
50573
96402
10644
2020
77848
17406
10898
18565
10041
49084
48554
28842
37907
31433
71295
75762
18799
37889
38765
44476
59852
67563
98068
32492
18496
6320
14209
42790
65549
17071
49065
32473
13472
59708
34493
7671
77113
61742
26236
3505
27177
74789
32347
65083
22574
3641
57197
41372
57881
95961
2200
17733
79875
267
66576
98370
22939
80784
41160
4839
97854
6576
37311
27677
66283
88155
35347
59747
49896
61582
63252
77073
52723
95598
58507
91648
15590
15703
49371
73470
28015
51570
7554
7890
68189
74129
6259
7479
54912
63770
12317
69117
70345
49627
13145
52979
37782
64844
12726
4029
26425
92329
97453
95499
4278
55960
87146
19867
71662
52869
9688
99677
20790
17242
7566
88978
7722
30176
96456
78986
93946
8772
48102
80642
58399
77599
33621
12532
42442
46346
16560
85218
38674
14013
80717
59303
69972
84214
79169
57985
37082
5208
74013
57872
38801
97930
63201
46523
28106
76009
25508
38403
84780
89961
19044
59530
67559
52664
88413
10000
15361
21325
95218
70386
35337
92286
29688
21660
92851
25208
95996
46285
46768
70009
4156
85568
67938
83708
32090
96043
59716
57597
50797
60848
63910
69841
36729
31468
38856
41494
57820
70569
62818
69389
57306
98154
61674
3346
36165
70876
28553
32160
17160
75320
18520
37667
77240
86458
21375
9329
98852
97442
83278
49649
74641
47187
35841
27722
95006
91048
69215
52825
61616
32032
38565
35274
46537
16590
38619
82701
87466
67171
31212
4625
58843
49732
42292
36082
52541
80018
61762
51392
93811
45039
17392
68452
8577
69584
96173
3583
60632
65387
72759
22247
13770
27676
57520
60306
44265
12490
59358
31730
79661
6921
52707
54855
73004
11350
7288
25544
91367
69049
93288
85177
30440
10679
69980
39016
80263
82504
58950
57246
64242
48061
95844
78011
75736
69716
54668
20000
82205
14025
68082
78217
20946
20788
33071
93949
32137
56710
35845
39855
25759
29132
41383
72550
56162
11363
11565
52776
93866
86867
10021
58108
34927
5865
52470
10662
91932
7138
47013
74136
21162
15094
52353
58459
35881
1775
68760
84369
58485
20956
24223
595
66439
81958
73144
22600
93320
1060
91728
3537
87926
1748
61644
22852
23964
14114
49865
15895
37603
96878
6383
75116
11971
58735
33575
64204
60509
18686
64924
35345
55993
5499
35939
22431
87456
25434
45030
80775
26494
53109
84311
14419
71209
62307
53623
95172
92772
3487
27419
30374
16716
33801
5489
8887
55415
9242
85747
90452
90517
37444
46444
96015
73382
85226
83470
98816
30256
80596
41661
99716
81259
56079
70924
59917
9701
66096
52688
29540
9866
99413
62607
60018
21253
7645
85256
93020
33238
71002
83471
23755
8445
46267
36121
98179
31492
19591
13346
78099
16538
55006
94167
97796
27436
65090
57712
53489
47537
26751
99380
57402
26163
61986
33771
63768
69631
19026
56787
2868
6380
56609
42974
31176
19227
79095
45706
67071
15037
75403
61521
31574
30408
55687
29370
74196
20777
87081
27684
68313
30184
27063
42067
56346
89048
75837
20113
75030
11215
93251
94250
33946
49860
37223
81473
69086
32669
27179
36156
47705
2581
97677
95631
49341
69715
25000
23536
90491
28432
67571
58804
58615
10985
870
31313
32
93058
67777
91414
20624
61028
85663
54569
10887
39237
36042
96324
88258
79572
48832
52314
98504
62860
47944
47844
32574
72943
87731
23065
17727
55301
98220
76341
66285
15441
24005
82669
24850
91782
90434
45474
52809
92448
16394
80047
48036
68787
92722
36293
64710
41553
88607
63214
20764
52902
11057
53338
42197
98788
92754
59923
70440
7325
52615
36725
39117
76620
35745
63966
68401
26178
25791
21209
18625
58537
17607
66660
27323
10328
19305
92033
68233
24263
71598
88996
77164
82654
58685
19360
97793
67790
79282
84585
91466
31897
37661
30582
24868
73405
94548
93268
15934
36690
30828
34558
95226
48434
17569
38901
75113
36873
47285
43345
61135
18882
48693
38299
1535
7377
57658
15680
91519
53292
264
82984
1540
54276
13566
26407
27680
24465
36026
43613
77506
66853
94522
72732
31638
12090
27984
6750
48963
75268
66447
26449
94149
15139
64747
12035
38867
38757
44066
46737
8400
60681
29721
26291
14956
59638
52697
42635
454
88722
2599
77959
71926
97120
67042
3563
25562
95025
26664
90876
70292
9462
17324
80792
24600
98423
92827
79819
53531
36892
26555
78282
97573
72627
4572
28880
48616
57268
71515
49069
62341
90465
43380
50618
3937
10421
54180
29498
21798
97195
8441
6657
70400
89233
47608
85174
82059
43778
38704
35302
86685
16985
49226
75663
21556
78106
24279
95175
65972
89699
73867
72788
33078
24484
76724
59851
95015
22573
81648
92210
59297
90088
15218
46049
79320
79177
31222
77730
22955
86278
29384
25991
19614
94961
1653
57522
89418
25931
69048
55389
31982
42915
28177
65059
67398
21252
24909
78765
43825
6556
87326
19473
12996
2543
65521
92315
98071
13095
86397
37377
15724
15780
63367
27092
65020
92858
16510
7302
61906
88250
39283
21172
16426
20694
4921
54030
45602
83685
68510
71010
33678
81505
89904
15551
90171
4327
28645
76567
41703
44368
8698
5070
96056
35790
86441
5266
52299
93742
83523
40548
49377
4694
73326
70070
9614
27355
32023
9651
41560
532
97012
75237
98388
86916
7139
88559
91242
35783
81477
49296
96502
90175
54365
8910
42316
40805
14175
10966
50899
97697
67865
16627
2390
41190
3048
28355
84896
35070
38005
42807
51954
51369
18044
50341
54636
25182
38899
45877
77317
36728
90170
26902
65889
99079
85569
23045
29605
96534
73943
27301
64398
46042
21940
9968
90749
6835
45038
45105
65994
96991
96473
84037
63683
51108
25570
18934
13336
19238
55661
24860
25760
98914
90748
84482
30144
70795
97367
4087
14447
61764
11007
76841
55
20975
83941
23242
82364
29045
89235
95706
41870
73271
59388
92977
15192
78321
22665
50782
33981
63876
76541
32894
54623
17730
33727
1118
88524
31093
5204
19323
92857
32563
96163
9263
69889
80103
32504
52252
25499
21738
64309
67368
11360
23696
76697
26552
2017
15713
77333
52349
79588
70225
85243
50562
87954
35321
51679
92830
66414
73235
28504
75622
5797
24666
84884
92037
21120
17388
60640
62970
55477
24948
30338
66837
48643
23386
9740
50659
39098
3424
35037
73648
4602
85598
61601
56274
37276
70782
22687
26862
99285
14660
32658
40302
99544
24694
77773
33283
85333
40743
88759
26632
87432
55595
75275
10817
81686
42285
66266
85109
1302
58756
82597
3251
36709
38871
56878
7490
77909
83740
6775
92569
16397
63428
8464
57443
41201
41746
59127
81943
46856
85759
69374
18803
77385
96542
488
19669
62807
85597
97665
80460
44352
80261
62
97412
35483
56939
4902
13392
40678
28028
22312
73427
91455
30775
47221
49007
88872
22699
30949
35727
24809
16674
70881
2193
13215
71369
38214
92373
73317
52230
89184
34020
48842
89245
31432
84325
62536
52685
14068
3213
80712
36379
92991
88518
67153
40211
37525
72376
79262
84825
24454
4070
1499
95335
22615
14713
83055
77180
23438
56371
29409
12621
6742
78250
18218
38173
78926
80753
90857
92993
317
87920
29371
93308
76438
12875
49870
30314
85250
29131
15138
9704
49553
16636
21390
72167
47701
4444
49346
71138
77166
78754
110
83907
73355
18327
38432
52281
15431
45640
45273
15748
33560
90996
9055
26349
20222
75276
73014
5472
4407
88151
31527
53959
4787
52916
42477
68839
57359
8174
39976
50876
3279
40085
34782
76633
74764
89565
45265
90194
35205
90538
5941
85116
97885
31347
27816
18106
6623
829
39929
27381
88979
71455
97691
10117
24370
40167
78955
98080
48340
35282
48955
51618
91719
89
44602
82834
89653
89867
73027
41209
96756
95320
26324
94640
43018
70491
29097
49640
87671
69026
93372
76650
40480
91062
3118
64850
47580
98425
79281
12271
33706
28236
80240
41776
28324
24842
24609
17976
31060
13988
59185
27815
9307
1860
38806
52324
88703
67902
18316
76373
36927
11687
77407
19101
88844
58608
66680
87268
37888
78951
37325
82475
59190
79101
10798
383
20061
45126
31442
34048
20662
59256
43354
38873
98061
12030
27575
82315
46697
20300
19241
58383
89673
12999
77483
78516
71606
60515
82135
25846
39465
19460
24672
15006
14912
51822
15389
34972
96947
46830
69020
33960
22438
28725
72832
36850
57106
16759
19164
3802
37058
38405
78537
43082
67755
56019
37950
55713
16533
36436
97910
72349
72247
22581
87355
87158
74402
19095
38482
87700
82276
23853
21659
21065
68929
94491
57915
26035
27601
93430
29836
81010
31834
8372
40443
15941
80743
78392
71653
13627
31180
69562
2328
3426
92142
89682
6936
82896
25128
45417
70595
7403
85621
92254
28468
54549
3096
2734
80583
30696
26771
28057
44349
35142
68499
60289
32236
63243
31941
45863
94422
17854
48190
97847
9995
54223
4782
95702
66550
79837
3104
52170
72090
47923
23071
91537
50656
3653
38584
63171
30423
66640
7519
81917
35138
84159
14152
14732
16099
76366
9153
33952
24555
7000
60298
95129
28133
69540
90830
11035
65728
10286
79556
54169
74560
2626
45705
25216
22631
84288
4738
69405
67279
12256
51321
18768
96414
81825
33500
28864
58190
42652
79167
99097
66003
55816
10577
10488
25355
1407
37874
91082
28044
17429
61602
2603
36407
7306
44170
75389
7945
48907
44793
91575
77514
96114
10343
73927
94290
60194
19142
52479
2845
98308
67927
85200
54124
78504
95687
95830
96262
49912
3264
24305
67340
64865
26907
20098
88523
71077
95486
12819
36335
40279
4394
13849
52744
14736
4127
63385
74929
23269
15863
94125
37928
83790
95676
92051
78645
91362
4233
74906
41273
7496
99210
24965
88712
26116
61414
77234
13544
56900
90053
49879
13530
94446
63727
82625
25533
67853
46009
16813
7473
78223
27289
45401
78364
22965
53803
57008
30678
58035
31913
88303
81882
47474
13267
70594
89942
91032
64179
3485
47931
54231
77812
65028
49793
60436
6912
33998
22796
23724
57822
1019
67365
3222
79382
90329
57025
52742
21006
15059
1006
9308
13293
48480
38926
83886
38421
29958
48064
58257
94240
18647
44324
72052
83674
10468
48839
6938
44465
71635
2287
72653
14377
21860
68386
4705
78884
37479
25711
10295
38485
51370
23587
86964
90296
23824
41736
20253
88239
99992
30844
6885
60667
2895
6911
71135
51734
13848
31951
23368
60860
34237
12372
91589
72449
97109
96293
51332
34588
38355
77978
73072
89725
17916
76387
96372
58091
18122
32976
46330
18113
63819
53214
95132
66714
76476
34799
6675
98216
74518
83887
48805
86889
75475
349
71767
88936
34936
10122
66914
24359
16198
1181
745
12569
59272
18866
45544
5601
53331
25714
75166
48462
92427
51642
14727
27225
58316
29294
1742
42202
78098
4982
17676
99350
5331
5795
88286
56618
32268
71551
80977
48465
72731
81721
32002
587
39280
53954
53917
64993
29120
18730
73772
80761
49808
996
55428
19090
13982
57199
40423
48009
72900
45753
77537
2371
2422
49087
99699
67238
38170
81419
44622
70171
82005
253
40477
52273
65246
69596
66708
20809
56364
22135
16262
91805
52468
73460
32228
477
62711
94332
70631
40248
13054
73053
89334
12752
40290
43855
94171
1264
14026
92527
17868
54502
61152
99465
40449
32153
38481
7156
69314
11197
45642
85575
3001
98110
75386
51580
14938
38096
45912
94695
58965
74972
381
71717
31614
44235
82239
49229
74612
74765
67096
45465
35916
66561
85913
84421
21393
9420
70086
32589
55062
72012
51942
69523
47397
19873
84460
1844
82136
86379
12891
41101
61351
13271
29169
92964
57505
27759
42192
48469
2523
25639
93933
54791
92199
79846
55563
29944
5617
25648
60678
97659
47177
30200
61407
67050
31011
79602
49185
17390
8844
6637
78740
22114
52157
88055
95971
79915
46598
44439
98790
72236
38371
53580
80787
34568
25494
10730
40185
51141
89613
17214
65151
36790
63766
42909
3839
94776
38862
69375
12165
47706
76012
7256
86171
44520
95310
82141
24435
41907
26579
23224
30495
81302
93155
11281
32221
18648
22010
88757
86140
11622
5971
67642
48411
86088
10550
68601
80863
65763
54328
9380
29820
46691
16635
15991
91210
11945
98131
15644
70203
41062
55219
697
38715
48373
11977
70935
83372
33986
76044
69511
61960
98366
37152
26722
84453
64053
11675
65315
46168
66002
74694
75987
12692
91329
91977
3901
19625
6460
35897
89827
47521
91115
6876
2587
39488
18852
73521
22859
69190
65916
8722
47501
64281
45873
74222
48733
26278
85896
30400
72445
68249
5093
48431
80940
12773
56760
84841
48749
63219
20737
54928
10739
28203
61803
29677
67690
97006
3197
6901
66195
85465
15622
30047
49745
77846
4269
98478
20475
6516
28877
92919
50321
57702
55704
79446
14461
56896
28194
94031
93984
83121
21121
22187
44923
6228
58281
29480
40827
55809
61453
70874
5554
55651
75142
20383
76125
98009
49259
85396
72773
15931
59449
44829
95376
90261
18076
23570
84291
28412
23042
5411
66950
84317
56207
73177
42597
26551
19009
83423
98712
80461
54296
4265
36111
45789
24647
12236
43798
90257
97631
16570
6187
73431
77750
17915
63691
95826
57836
47981
40589
80877
69743
7538
81545
25949
80714
24141
68851
99722
23916
67562
96535
94563
88178
32645
40352
29176
44880
84149
19432
58862
17070
41971
32292
11172
76237
12334
23349
34072
60314
63937
31300
30056
71474
12845
72356
68539
53337
57559
84613
77252
41472
81147
71815
46002
13791
28518
75177
75023
29018
94609
50236
62439
52931
98880
73610
29167
11213
96958
63238
71527
77246
10889
17934
48719
23733
6642
33610
77070
80552
18222
70673
22023
15720
58839
68024
45862
3708
59553
20884
32725
70513
87472
95164
23443
86351
85125
68961
97563
82083
48550
85441
59328
59438
19727
24399
83171
26368
58008
76592
23271
92581
63616
45293
8300
22455
29669
54161
42514
89221
75045
75239
59733
78868
86754
99527
65218
71878
68487
79132
70312
17036
64573
45992
92825
651
70390
92347
43370
44749
68938
37329
48906
28284
45628
71360
74304
16140
30225
79876
7536
5463
39608
86403
8568
55486
51620
80446
40324
30752
67109
73711
11676
13100
66536
28678
99841
58882
72047
60941
44172
38686
98269
93077
83321
60248
80788
57625
76388
11012
37500
83923
32827
93460
70326
41394
48945
38297
21839
5621
85400
88948
79331
97075
18399
62218
42104
34592
21100
14150
95532
65271
69187
93801
74699
52508
26484
46787
66497
63983
47062
15675
73794
17387
57069
22739
55683
78907
44711
57435
84206
24041
70861
18957
86259
12965
53548
23710
27114
49079
5332
12653
59231
80030
81512
29631
51867
7995
76417
34715
71977
23478
50390
45771
57216
7458
84861
29251
2716
45923
3274
69963
57545
22230
72573
70509
92129
12634
13975
41207
17965
26627
438
14346
8138
30068
66212
16132
22836
927
4460
62666
51316
66582
19881
75125
67794
49131
77840
13716
52167
81113
31
9712
19694
88955
96572
11822
1589
26898
69381
35905
53524
69818
66603
78013
16237
32814
10496
39072
50092
31308
1737
17759
14241
37970
92883
82035
3452
87075
12102
55619
84539
12132
81682
20585
1087
78253
32406
19027
5151
1786
71283
75026
87955
37885
69391
4191
87051
79886
59615
37142
27545
77703
71253
41786
15672
80487
23820
35476
67561
35921
91094
64405
72775
89036
81843
67379
37793
17221
88881
55931
88503
63907
43885
26388
64428
13438
29534
40394
66931
18096
54535
15216
50120
35022
39035
85595
91307
93040
87385
72063
65814
53905
49544
30565
87477
38425
2847
75980
2331
46731
18719
51979
27510
48508
97864
67903
31790
71294
2351
86325
86509
68822
21346
41895
70768
56631
49554
63807
44016
37968
45972
53139
8225
95515
95701
33939
2901
71680
52621
65984
20951
93493
55257
18815
61396
3399
80098
89723
9321
48919
11068
67567
19686
67698
33472
99844
28065
71440
45815
97556
79664
57681
97610
91716
91620
16863
79748
44240
82846
86497
65191
76338
58106
357
54085
61504
23168
34182
51226
48840
99452
16407
35489
62694
66230
35332
7111
54021
97498
4666
50036
55179
18627
41752
46798
21499
7389
18334
88931
11024
82452
5639
81460
43955
28807
15642
11532
93998
15093
90176
26756
66934
69222
92986
2265
76332
47006
16115
80997
97042
71293
15975
38793
34442
51464
76643
41830
86149
989
47113
13524
83441
52751
94984
27395
97909
26977
55279
91907
58421
45454
18662
25354
14675
27999
27619
7358
75005
60085
4706
88398
31377
20681
43542
65818
88496
20184
23999
71111
4520
4612
40214
15855
48359
54474
42831
3637
46380
1251
65442
81394
26605
96469
9392
70575
3826
748
30659
8532
89145
78387
45564
49038
44204
34059
69221
84554
25054
90393
72017
29573
11356
28582
45427
76066
4609
96054
45787
5860
61496
27180
32464
74316
52923
19390
94493
70023
50048
19376
75519
28434
64939
24557
88989
98997
93777
89894
24051
521
61910
69975
28229
6843
31754
4294
89898
36362
16700
35684
58573
94547
79215
7388
68862
26777
63354
18511
93176
82730
94030
37961
64020
18586
26949
63017
12362
33195
3419
29235
95104
89745
57463
1947
37850
78108
8196
90564
94807
43879
49136
89353
39445
56524
74566
87933
99652
54272
6444
9180
53353
473
47140
17372
19058
90441
80388
47771
23635
158
93357
35090
89903
53388
44104
45279
61583
34667
56437
21813
83803
62142
61257
56678
36707
49190
72681
90978
71985
81860
44330
72457
29000
78054
7866
19440
74793
71988
59426
74951
65345
94515
81205
32515
47903
25308
94145
25837
59975
50582
47650
60129
12723
25258
33158
65781
90799
22190
73111
62783
4050
33792
51591
49401
11845
59456
85192
86638
31444
44617
61588
13140
55483
59144
45654
3385
84451
39799
29222
60777
6732
93223
20905
35806
18480
70414
1586
25631
92604
74696
13005
24840
40004
62405
36684
15811
63948
39673
47254
8564
1260
60393
64046
76755
22399
83783
61206
78549
29356
21982
85280
22578
59239
21085
57409
46004
39022
83039
38607
30070
87804
67963
54909
27807
30367
91592
43617
10666
31265
7223
19229
48876
83967
99627
41983
6365
99761
3188
84913
29116
41521
86544
68045
17111
7628
41805
63115
63002
41196
18073
93071
28999
86036
47979
73157
32754
55922
16773
43420
3538
40347
79000
68766
24314
78626
10748
47030
94738
30287
48295
40205
71807
34838
8249
5270
58818
66406
84736
21819
7601
2808
14889
52951
88843
79219
26107
21597
35140
81368
55030
99578
60367
23795
40243
55345
50894
87272
50082
81180
51918
90287
69338
86756
14887
74607
45573
81292
59342
67391
5244
78502
98631
58194
67344
77849
84300
5292
29340
59883
3011
59460
63378
8163
16054
18722
59056
19677
85155
56587
71595
91793
25925
74702
6680
16883
20274
4323
92577
4016
9567
71078
18998
67760
96846
68412
60065
26185
28294
63075
26906
4105
42804
51420
36510
77877
26828
56186
63032
83414
44132
54824
25690
18833
61503
42573
55458
65826
35149
75825
91744
6226
94822
59503
60998
8019
44266
37414
50556
72559
16841
77461
93015
59644
29524
37521
55707
85710
16904
55473
46193
71727
81162
65026
49582
23734
36835
31759
75234
12660
39854
81459
23833
99356
42457
31852
59974
96222
82407
32532
13062
76219
25547
72706
5098
71422
26578
77157
57131
43481
32629
19676
31559
13790
84701
97492
53876
21535
29109
50546
85455
26920
74379
1163
85728
6230
61136
81949
4988
10019
95011
81206
51917
84068
2655
23339
10645
79811
96821
70477
28791
16496
18387
58933
17548
15879
12808
55435
77832
58268
5980
63287
85187
80358
80801
70914
2939
41936
7926
68306
64225
5483
20223
64644
59913
91640
4300
56733
62116
49443
89581
96854
8375
7128
29084
37534
62562
6916
12153
68542
86554
97340
65251
67354
84605
68190
25641
92467
50747
97950
30520
15390
22439
90432
7029
26738
47165
85496
76180
53097
98702
906
60224
27785
38439
22786
34700
50592
7679
64283
72929
4958
65239
57470
46950
35410
49937
40896
86156
64238
87767
17898
86676
78199
41278
29765
41715
26774
5945
94811
25475
23202
71386
69611
61641
10523
4311
28584
18201
41915
9218
7482
63225
90808
64951
10174
26217
31239
67421
95476
55188
46622
98503
49738
87899
28268
7804
31024
50564
2614
72850
73765
90351
42461
51757
874
63123
96692
19074
21389
5909
96717
7858
94787
39285
55448
62207
68009
50924
33746
30982
65778
83483
35233
94045
91286
82608
44608
10251
34725
602
14270
86481
1475
93744
99525
36900
15132
21785
79807
16097
18501
87664
10883
74138
59463
89441
58498
23187
5832
92516
23021
41064
86560
14307
23671
47520
40909
95480
82244
41510
26101
85076
59336
19844
84600
96236
51328
6385
76042
67424
41237
80057
94658
31726
39519
84098
90224
82609
23636
96055
75124
63009
53470
61683
77315
93492
9202
34575
88972
7797
76085
31424
92873
51772
51268
93824
48007
18947
208
40400
86370
57797
36808
97379
89522
92679
97828
79745
75287
21464
92151
50410
824
61972
28444
78138
55464
37646
29064
60787
61794
5148
71018
56920
59829
64842
21278
78775
81401
61678
81496
39197
98485
78874
28719
7515
76702
24815
82801
14517
33318
33210
15340
95289
61654
9829
67104
15651
38892
27890
93796
60392
36452
64814
33663
96280
29655
54940
91407
11055
32969
72902
66604
47806
51776
95322
55320
36488
38121
59345
69805
87682
91036
81446
65687
864
48549
81337
56107
92791
75133
16498
29242
56298
50160
41873
85952
5100
33279
13358
54420
6181
79961
2225
74308
75282
35488
28122
12017
11184
14278
99698
2219
12075
81737
19434
60624
63073
75540
69766
54557
92038
15359
10854
58549
57231
13157
80000
90510
26515
34420
13042
6475
36644
3701
98109
10540
39188
42582
22556
50371
56859
38606
68941
68934
20342
88374
45909
99766
80265
32026
70675
72302
47384
97880
47203
4614
11037
27202
11475
53903
61621
24516
76729
98265
44568
91189
25156
83755
33770
64064
50477
6981
2669
35769
92266
39362
40494
38174
55479
20759
86551
26153
9412
33934
40385
56614
38547
51421
83816
66374
21675
45436
90889
98403
60052
51809
89592
1560
51915
39713
65623
2392
46693
84643
54512
55310
40356
9835
95834
15764
96385
38339
41527
30318
78723
98141
85217
46495
51590
68169
43743
58830
66571
20147
10638
72514
38058
62553
28579
3680
81296
75271
88322
52159
30581
28677
47164
56767
40862
79279
53152
79200
20806
83469
74274
35298
85037
20768
33605
52978
93699
28160
71859
30197
38797
60724
68254
17701
89302
71933
15348
80925
76606
67507
27857
5282
31022
84623
62496
10301
37774
41695
47458
37595
15969
82755
38983
53088
32711
91961
42024
26409
20120
30234
56606
90957
24859
96611
13144
24668
77535
89749
92174
21743
11383
39548
73878
49848
60491
31924
13657
98085
64244
12763
37067
17332
45473
45379
75707
88233
81850
5940
44838
57118
13248
86049
66438
26210
99192
7457
3744
88940
15983
25486
322
55530
48203
90551
5377
8693
22475
35385
6777
86718
48147
60195
20401
9971
21926
96107
98203
3775
18398
43041
77244
47998
45441
60033
74207
44632
67490
94303
49923
83472
36140
66597
39001
84342
57147
60729
93034
95973
96113
16162
99043
60611
92709
19443
70581
14634
15550
68783
34760
50299
28175
28356
98296
73615
88388
88855
34598
55877
83157
84521
39348
19296
51117
94700
3638
24615
13023
36940
67892
45537
35982
28502
38245
55424
99082
69230
87325
84217
20341
37624
12391
48696
52271
86006
37084
41125
36955
9312
24281
21475
65012
59929
88943
59711
79918
29910
92940
66849
99382
38476
2830
27884
93072
74605
26965
62301
61930
11181
82642
15905
39924
47689
68175
42281
84772
25652
79235
94084
49932
17062
59095
26212
6004
35157
6129
52265
66647
99069
19113
66029
53896
38294
93912
46968
12899
37228
9268
91180
64761
8261
23436
4684
7962
63316
57073
33613
42550
67508
99897
59611
42954
26108
81967
94463
32237
34231
61109
47657
69696
27137
1552
24341
37400
48519
53591
74628
74139
61122
55740
98751
84557
76775
71052
92519
40090
44477
26131
82639
28336
26027
58602
87642
82104
723
7502
43212
48379
93549
86701
49930
17890
24100
14801
71480
15079
88939
48954
87170
87689
33510
63944
75093
26028
4033
19569
68511
3024
47904
77977
35545
79375
34896
34000
80097
42397
77212
44827
52298
80264
11109
70187
4363
25909
58018
35794
14847
6971
22963
18887
56833
86907
93979
82860
7291
29899
67722
10314
94155
78611
88290
46051
39537
80051
38082
98286
73614
99260
50583
53877
10368
37121
74591
36276
11490
10384
67474
18461
49699
2713
75293
52957
13043
74504
60247
42942
42226
86913
37096
37188
91554
99498
31091
79548
49605
45728
69513
48865
96310
23389
59232
49782
97980
11860
61271
24715
79333
96083
90765
82045
71375
43721
95088
62231
20320
54381
20808
7232
7828
57995
15137
53166
46227
3225
19123
91954
72737
67987
4615
12478
43570
54396
26809
55429
32019
67875
34762
28101
58640
15828
18712
44597
78058
39031
15329
15217
62614
23156
89563
77751
46833
59080
40329
66409
78202
48635
55497
46188
69601
67974
89758
23997
11134
45186
72367
79009
96299
467
54000
45809
16294
72711
6757
10703
28094
22086
25919
7059
61593
31833
84809
24777
90913
41490
7537
69114
90124
63034
31654
59724
47359
37763
72
58493
99300
72438
37501
95599
72905
91500
57759
5550
80562
64515
16253
25007
2952
58523
32066
80897
6708
33226
5673
97620
74715
13210
83085
81190
92595
14738
57266
39953
52500
57337
98445
51800
46127
52297
63750
35383
60148
37860
40932
57062
2374
73536
82068
21678
30485
2574
55118
63711
24598
52737
54777
37807
52173
35967
46753
66911
93232
86706
35762
66920
1502
3913
13046
70151
67662
48428
46650
21873
5712
3711
24247
2131
62276
44009
32615
64849
15478
96325
89446
68214
51102
43605
36739
3420
90357
3649
96651
77062
55762
63570
94916
59675
76616
65066
43688
41395
11715
65561
63458
31778
6159
59057
33908
68434
19417
66522
33282
34895
79199
39079
30300
82683
56198
33719
73040
76198
46721
66453
31960
10290
77720
91634
3257
42785
51673
61004
70852
17233
24461
2629
23391
99869
36536
8176
19286
19409
41457
98607
96888
89991
45258
79570
46189
78976
22386
25696
51766
54345
52338
29485
62330
55594
72270
14003
16597
59473
47587
57410
78453
87330
57278
31340
95505
76563
50748
36962
47094
49355
33849
37085
10964
29770
83273
89940
98731
31987
50496
92707
676
96332
71388
56270
84953
89218
44425
49329
62979
22877
36658
20257
54216
48514
13171
21316
1827
60265
87022
52027
13701
97985
81797
13325
87924
96879
35334
36263
63726
44392
36938
60057
9559
45010
33873
15129
89434
83201
78107
28663
36210
14715
99230
1076
44238
20545
2902
20854
54929
34554
5551
47878
9826
49955
99563
62440
13680
60307
99378
92438
25288
35097
26310
56768
40883
25863
51227
85897
78424
65941
85126
79499
26530
5671
82401
47383
29588
81936
90405
46165
61316
40359
62080
39484
60477
31175
64772
11926
57484
37891
69160
89117
55056
94474
71410
56533
73972
97939
62203
72724
45322
91791
10052
43609
43280
16808
89774
4595
73518
68205
44702
60259
6942
84185
37088
38116
65308
49013
11951
3199
34524
28001
5931
22474
63724
62463
96445
78015
69169
23336
32808
95572
66944
92439
28732
73069
13386
2249
58087
62508
48214
58623
15947
2681
23931
81311
14632
15834
42632
52147
21764
65105
32223
84226
77901
10237
25243
47069
33572
58050
58993
16867
66841
87724
89936
80226
6324
47560
85183
12126
13286
1129
14806
37216
82439
29437
97048
98272
88420
49195
36387
69876
81417
20613
47777
91653
41576
36609
70189
58442
3449
74264
64729
80588
12289
38337
65770
24414
51622
83251
55571
5190
65689
85008
2237
80313
89779
51431
16699
59655
49199
53663
7431
40851
15870
34979
98778
52478
21520
57220
55926
95783
38300
55951
66940
10639
58492
7705
78612
41742
63276
83801
23782
64635
4094
54413
70172
20793
30419
19371
74455
54201
76573
90324
89180
75351
59153
10699
32570
15078
6481
87221
87380
15555
98018
74046
76630
32139
41492
76782
55920
6126
79171
76891
49343
97158
7309
85065
87964
61510
61637
67041
36987
53792
77739
85908
85222
571
89481
72601
32477
43641
86971
6522
21857
63600
55012
79701
40381
27284
2178
35904
79068
1598
17158
2729
86662
21473
80590
64650
16112
47630
1637
86256
41720
3896
71477
58642
93376
60429
91119
53368
47399
13992
91577
27350
85356
71277
67731
28991
73454
19986
48991
68874
21583
66148
71602
24596
87620
52191
20084
16172
7233
6339
74243
27481
49236
20856
54595
40354
74224
18346
70698
82152
45695
72405
53428
29777
1395
43233
49762
50385
12106
87696
32884
59
12291
20503
17888
56938
75366
68952
24602
89808
28389
81307
80383
46734
68356
62534
8780
40760
32313
38557
42154
75545
88318
92538
4003
76014
25421
4061
4656
72662
38895
19213
73785
80367
98841
49151
49318
88986
90104
17374
52211
80459
39766
14744
89239
80525
63408
27795
38953
47920
42955
24829
73341
47015
51968
36028
68379
87532
9813
65097
2724
75315
14415
91710
65418
86243
25435
53179
38454
5894
92944
53197
11484
89821
16605
55630
28851
71909
88093
76770
31215
29274
66462
94581
58758
34781
30609
43488
22313
40421
8585
41388
32087
39351
33097
97504
25593
74884
50682
80777
59978
33595
8612
49798
66551
64241
95000
38459
68685
88121
69673
97958
64253
73067
5715
32907
44379
67985
57843
2119
71
97193
51567
13926
39137
26450
64608
19535
23578
40937
53129
32189
7086
19679
12781
18437
74489
81466
6557
60513
95775
93843
41117
85194
15910
52330
18100
76640
36666
75942
78758
36737
89486
30325
50662
44974
56774
31621
64508
80352
88909
17636
28892
95994
53666
41673
14430
44506
39490
37339
21370
51616
47533
62487
36809
63442
31168
71260
56434
67833
63553
35191
20921
53038
81867
71583
14364
54993
19555
78871
35344
24816
12859
80587
66524
22259
27382
78100
5281
48751
29716
52813
27589
32607
37784
89040
26589
1336
40582
63861
70726
22449
35443
85089
77441
71350
63959
29136
96165
76817
9722
33325
59693
48333
1267
26432
6547
52176
56147
75712
79765
22671
8318
54872
76806
13709
97812
78141
54290
61673
48866
76738
13467
50306
70530
1168
30617
99665
13684
7433
25739
47009
83477
74071
64627
3254
16854
87526
71782
73001
63237
67898
12023
87906
22769
88828
1614
20581
83320
55903
82253
48538
48993
12071
98843
19522
13239
29459
35539
26922
53244
61277
90282
53072
51699
56326
68552
42434
44459
41552
5670
12356
69926
9927
35124
75105
11540
58425
83794
54308
23314
49138
66379
22156
85012
79617
67967
20550
22890
37562
81826
13172
6985
33524
68080
79662
2075
10513
24120
59979
32534
36475
46256
58812
71599
21361
86703
43654
79785
70496
14314
19450
35986
97044
41605
20997
93012
25923
41546
15901
79836
39723
29072
86821
89598
13503
66482
8024
24015
90602
68002
27076
14258
31711
15026
51970
18413
58680
48106
5261
72993
67555
41246
86388
25511
78594
79399
51434
36491
95299
31269
76213
40723
34441
65810
54225
923
73833
94592
91524
58187
67491
18599
88796
15554
33625
40765
33966
8656
88870
55578
98000
56424
13175
84387
81934
91768
63785
49719
28258
75435
20822
16157
31780
86631
70382
32702
76816
64973
40577
35002
48815
75528
23797
64368
25504
80913
14686
34159
69782
70263
48510
42557
99790
49248
40842
7909
13032
6913
36167
4818
20604
73340
52383
59971
7708
1437
36786
89032
58365
88139
37846
33892
28287
18566
59395
9199
49603
9905
95332
19865
74766
36006
24013
95081
43915
53396
