232
261
298
456
463
468
657
737
848
908
940
1006
1298
1308
1566
1620
1870
2186
2352
2542
2668
2771
2851
3266
3565
3586
3751
3852
4165
4329
4362
4426
4498
4525
4713
4730
4760
4780
4784
4949
5163
5258
5510
5547
5584
5701
5774
5841
6003
6009
6108
6135
6345
6437
6466
6476
6559
6601
6652
6862
7047
7131
7143
7230
7308
7343
7353
7438
7612
7701
7732
7891
7971
8076
8087
8113
8240
8269
8500
8571
8834
8863
8902
9063
9071
9085
9278
9357
9471
9702
9765
9984
10139
10355
10457
10648
10837
11135
11256
11351
11482
11515
11574
11808
11833
11959
11992
12005
12051
12129
12423
12604
12784
12916
13035
13096
13103
13124
13212
13386
13705
13815
14081
14252
14269
14377
14428
14501
14514
14553
14615
14626
14678
14706
14736
14779
14845
15030
15153
15211
15285
15680
15692
15754
16066
16086
16460
16471
16512
16576
16607
16656
16718
16723
16789
16811
16863
16891
17077
17089
17220
17328
17502
17664
17801
17929
18136
18170
18177
18182
18391
18489
18552
18563
18589
18812
18828
18884
18927
19127
19183
19512
19668
19797
19834
19847
19899
19942
20102
20119
20179
20204
20286
20294
20394
20497
20613
20620
20653
20672
20700
20795
20838
20839
21029
21136
21190
21404
21521
21531
21818
22022
22091
22312
22358
22537
22726
22770
22786
22827
22875
22930
22942
23205
23274
23382
23489
23513
23546
23633
23642
23778
23804
23823
23926
23962
23967
24012
24060
24106
24138
24153
24199
24561
24607
25082
25253
25283
25454
25462
25471
25611
25646
25683
25995
26021
26070
26116
26300
26516
26532
26548
26559
26742
26818
27019
27026
27060
27076
27098
27118
27236
27359
27363
27456
27528
27732
27735
27771
27884
28018
28178
28246
28522
28534
28554
28671
28746
28760
28774
28923
29293
29295
29468
29513
29616
29652
29663
29815
29938
29974
30170
30219
30325
30329
30574
30684
30780
30957
30963
31103
31166
31315
31617
31703
31821
31841
31929
32070
32155
32245
32491
32620
32690
32733
32741
32798
33148
33222
33436
33472
33504
33552
33601
33688
33753
33830
33943
33981
34009
34512
34549
34594
34890
34896
34989
35003
35142
35481
35508
35589
35661
35689
35737
35810
35812
35877
35891
36004
36286
36374
36445
36502
36540
36810
36886
37030
37047
37067
37199
37263
37311
37385
37386
37457
37600
37743
37912
37979
38026
38091
38214
38249
38262
38350
38470
38482
38500
38547
38668
38899
38914
39088
39212
39247
39263
39268
39358
39451
39456
39508
39672
39749
40100
40259
40502
41048
41162
41290
41305
41493
41601
41810
41830
41874
42061
42148
42169
42268
42288
42319
42398
42470
42493
42781
42987
42988
43004
43053
43152
43204
43282
43515
43540
43750
43930
43951
44021
44027
44098
44174
44251
44549
44571
44589
44614
44648
44835
44875
44978
45201
45206
45339
45349
45542
45549
45806
45837
45912
45919
45921
45966
46040
46117
46163
46201
46261
46271
46287
46824
46844
46892
47001
47004
47091
47191
47206
47456
47524
47666
47781
47810
47829
47917
47926
48093
48122
48170
48275
48277
48652
48713
48776
48823
48893
48957
48966
48999
49022
49052
49259
49264
49272
49297
49373
49442
49508
49718
49737
50036
50140
50174
50365
50382
50391
50449
50552
50573
50588
50619
50815
50818
51047
51062
51299
51703
51705
51733
51792
51870
51884
52054
52340
52422
52563
52577
52664
52673
52820
52841
52863
52954
52960
52972
52982
52987
53005
53077
53100
53166
53206
53399
53440
53507
53547
53582
53739
53853
53979
54016
54224
54238
54275
54335
54509
54566
54641
54729
54774
54850
54854
55014
55027
55047
55126
55374
55386
55444
55743
56077
56085
56166
56291
56387
56452
56487
56529
56678
56820
57001
57204
57250
57306
57392
57493
57552
57663
57666
57907
58242
58396
58442
58582
58683
58792
58805
58841
58936
59009
59054
59281
59304
59515
59603
59704
59754
59817
59863
59877
60069
60101
60148
60305
60383
60409
60521
60625
60737
60894
60918
61036
61115
61355
61399
61407
61424
61535
61640
61661
61813
61847
61858
61923
61939
61954
61972
62384
62611
62788
62796
63146
63337
63720
63799
63930
64070
64133
64227
64357
64604
64619
64762
64866
64867
64950
64960
65051
65079
65130
65237
65295
65432
65575
65756
65828
65903
65928
66130
66187
66423
66471
66515
66551
66651
66705
66812
66907
66912
66924
66974
67516
67679
68045
68301
68488
68740
68970
69048
69110
69167
69179
69207
69257
69396
69407
69411
69601
69656
69839
69973
69984
70266
70316
70494
70619
70691
70704
70837
70903
70945
70984
71003
71205
71219
71393
71589
71614
72076
72080
72107
72148
72389
72514
72554
72565
72579
72662
72681
72750
72782
72809
72887
73100
73115
73141
73195
73435
73580
73777
73823
73853
74061
74248
74274
74366
74421
74544
74678
74738
74879
74992
75100
75124
75202
75272
75301
75466
75559
75576
75582
75723
75734
75913
75939
75976
76075
76099
76149
76199
76398
76468
76839
77048
77137
77197
77575
77821
77837
77938
78026
78130
78150
78191
78240
78252
78345
78352
78559
78672
78700
78710
78759
78782
78879
79037
79197
79427
79511
79849
79947
80194
80457
80459
80697
80893
80906
80909
80936
80959
81202
81313
81351
81525
81529
81710
81757
81926
81995
82208
82368
82480
82486
82619
82651
82706
82809
82890
83031
83101
83108
83281
83290
83428
83464
83521
83593
83626
83835
83851
83873
84181
84261
84272
84283
84295
84343
84633
84685
84874
84915
85084
85161
85345
85552
85623
85802
85855
86111
86160
86162
86341
86544
86758
86972
87021
87086
87094
87129
87188
87238
87433
87570
87602
87604
87679
87983
88051
88065
88131
88187
88781
89071
89261
89370
89684
89691
89859
90056
90057
90177
90251
90275
90317
90345
90353
90512
90548
90590
90612
90666
90741
90825
90881
91138
91155
91196
91218
91271
91419
91423
91519
91565
91681
91708
91783
91961
91986
92009
92046
92130
92155
92173
92222
92426
92585
92649
92689
92736
92757
92768
92859
93105
93197
93207
93216
93321
93763
93765
93787
93807
93880
94041
94054
94160
94756
94758
94790
94875
94999
95215
95251
95270
95343
95363
95521
95535
95570
95604
95639
95680
95743
95857
95933
95989
96054
96090
96122
96132
96159
96379
96385
96411
96774
97061
97199
97260
97424
97495
97596
97850
97863
98092
98114
98211
98230
98282
98377
98439
98506
98624
98719
98735
98833
98851
98900
99087
99164
99229
99355
99578
99998
100024
100143
100213
100376
100457
100568
100627
100696
100706
100707
100763
100880
100981
101129
101210
101219
101257
101326
101351
101389
101404
101430
101432
101493
101556
101590
101806
101836
102237
102266
102312
102348
102419
102624
102626
102671
102983
102987
103191
103276
103577
103602
103631
103662
103730
103782
103821
103828
103944
104058
104450
104826
105040
105045
105167
105190
105334
105403
105481
105566
105567
105664
105673
105706
105715
105731
106239
106300
106328
106805
107278
107383
107483
107495
107587
107733
107741
107931
108041
108183
108316
108343
108348
108375
108413
108538
108615
108691
108697
108709
108733
108800
108839
109062
109100
109175
109312
109491
109571
109659
109786
109870
109896
110044
110053
110311
110468
110533
110585
110608
110712
110788
110833
110884
110888
110974
111106
111240
111411
111478
111484
111486
111551
112149
112155
112167
112186
112370
112372
112416
112431
112630
112639
112688
112716
112841
113041
113055
113257
113298
113321
113342
113475
113567
113671
113672
113798
114115
114250
114258
114326
114380
114422
114517
114565
114573
114658
114936
115037
115332
115449
115565
115829
115847
115853
115858
115965
115976
116091
116200
116244
116515
116589
116676
116787
116799
117130
117192
117333
117437
117503
117754
117775
117793
117812
117935
118021
118063
118199
118229
118450
118542
118708
118784
118876
118887
119354
119487
119498
119593
119623
119627
119743
119804
119951
120007
120044
120072
120098
120102
120158
120310
120544
120586
120628
120650
120708
120792
120823
120871
120885
120889
120902
120929
121017
121147
121352
121374
121397
121535
121928
122093
122128
122150
122178
122230
122298
122317
122430
122560
123073
123301
123314
123860
124163
124218
124271
124310
124343
124429
124487
124653
124656
124755
124760
124928
125118
125179
125202
125240
125397
125456
125631
125668
125754
125918
126006
126049
126064
126274
126664
126702
126711
126842
126977
126999
127075
127202
127375
127655
127659
127784
127793
128344
128358
128509
128691
128783
128787
128871
128910
129150
129158
129173
129245
129331
129451
129578
129622
129811
130092
130248
130277
130409
130591
130619
130643
130704
130820
130849
131000
131011
131036
131147
131298
131432
131470
131700
131836
131943
131962
132284
132558
132973
133013
133018
133125
133139
133242
133415
133421
133516
133962
134087
134116
134126
134352
134484
134508
134526
134529
134558
134733
134765
134772
134868
134874
134931
134935
134994
134998
135028
135196
135210
135246
135300
135718
135796
135994
136122
136141
136314
136364
136500
136502
136503
136674
136814
136968
137059
137127
137433
137529
137603
137767
137834
138136
138174
138191
138521
138567
138588
138641
138807
138871
138950
139179
139266
139740
139789
139820
139968
139969
140047
140102
140333
140529
140582
140661
140890
140909
140946
141012
141083
141344
141380
141575
141732
141879
141998
142058
142205
142245
142261
142272
142276
142325
142381
142387
142478
142641
143009
143030
143116
143239
143505
143841
144010
144105
144216
144276
144337
144355
144544
144563
144620
144809
144828
144930
145045
145364
145532
145565
145637
145704
145957
146004
146013
146016
146079
146152
146221
146325
146373
146461
146660
146878
147376
147467
147662
147836
147989
148069
148254
148540
148548
148617
148760
148805
148865
149043
149137
149164
149253
149290
149340
149342
149489
149506
149664
149693
149715
149765
149899
150037
150044
150252
150405
150754
150884
150944
150966
150969
151055
151096
151310
151322
151346
151359
151429
151446
151723
151889
152022
152194
152234
152289
152373
152390
152658
152843
152916
152930
153091
153245
153251
153338
153344
153415
153545
153546
153667
153862
154078
154265
154366
154787
154913
154941
155040
155132
155211
155335
155374
155425
155556
155578
155638
155757
155827
155977
156040
156100
156146
156310
156322
156446
156453
156556
156564
156730
156797
156935
156986
157049
157100
157436
157548
157564
157789
157806
157943
157985
158129
158266
158300
158304
158312
158515
158535
158553
158563
158636
158933
158996
159047
159138
159179
159181
159287
159510
159518
159648
159678
159711
159802
159830
159922
160050
160122
160351
160395
160461
160462
160523
160554
160559
160618
160674
161261
161307
161385
161525
161545
161547
161613
161721
161730
161865
162070
162086
162213
162290
162300
162307
162313
162347
162411
162574
162610
162857
162955
163295
163368
163645
163688
163696
163872
163994
164046
164078
164103
164416
164537
164604
164605
164737
164755
164815
164834
164852
165286
165370
165429
165552
165590
165599
165721
165811
165999
166294
166724
166730
166732
166755
166885
166976
167069
167282
167294
167610
167862
167914
167996
168033
168111
168357
168570
168710
168782
168793
168810
168874
169147
169183
169193
169358
169506
169931
169945
170047
170061
170068
170155
170195
170279
170353
170525
170583
170748
170758
170762
170958
170979
171047
171083
171106
171121
171259
171492
171743
171933
172202
172367
172430
172855
172914
172966
172971
173046
173428
173444
173489
173509
173530
173595
173730
173783
173809
173943
174048
174078
174088
174368
174566
174569
174577
174606
175111
175265
175385
175679
175747
175751
175801
175907
175935
176119
176120
176185
176550
176589
176737
176747
176799
176886
176908
176931
176996
177059
177250
177403
177516
177535
177694
177841
177882
177925
178164
178470
178533
178602
178639
178884
178995
179042
179046
179099
179138
179171
179311
179321
179340
179388
179454
179873
179907
180006
180076
180088
180099
180202
180283
180678
181013
181045
181056
181283
181329
181533
181542
181844
181880
182171
182270
182605
182799
182816
182852
182908
183008
183102
183182
183208
183312
183395
183564
183574
183670
183704
183749
183870
183876
183911
184106
184200
184257
184330
184386
184473
184521
184548
184623
184898
184947
184967
185063
185352
185499
185546
185564
185664
185666
185705
185820
185834
186127
186334
186739
186759
186978
187049
187051
187058
187491
187650
187814
187873
188018
188382
188439
188526
188698
188700
188874
189038
189070
189092
189109
189116
189260
189341
189442
189504
189655
189716
189761
189861
189951
190060
190217
190241
190259
190261
190437
190624
190726
190828
190856
190925
190939
191066
191205
191466
191797
191937
191990
192082
192224
192231
192595
192610
192900
192926
192927
192947
192948
193261
193266
193393
193441
193601
193641
193657
193707
193830
193926
194072
194214
194429
194473
194559
194605
194698
194736
194804
194889
194914
194935
195009
195336
195383
195386
195508
195598
195703
195888
195948
195968
196009
196128
196445
196612
196620
196673
196683
196882
196917
196962
197405
197406
197468
197588
197633
197774
198033
198076
198232
198271
198315
198556
198564
198630
198790
198798
198896
199107
199193
199206
199239
199407
199410
199439
199581
199592
199670
199885
199908
199941
200129
200182
200581
200619
200628
200714
200778
200905
200963
200994
201132
201301
201335
201367
201438
201558
201625
201628
201809
201877
201935
201960
202085
202293
202308
202472
202850
202860
202876
202944
203380
203455
203590
203868
204092
204115
204181
204294
204319
204364
204530
204562
204566
204577
204598
204621
204660
204954
204966
205095
205167
205222
205309
205476
205546
205702
205795
205825
205828
206113
206515
206605
206777
206825
207148
207335
207465
207494
207621
207653
207680
207722
207730
207744
208008
208018
208020
208164
208188
208372
208379
208807
208853
208871
208890
208918
208933
208963
209009
209016
209124
209130
209190
209278
209334
209336
209429
209441
209929
210089
210412
210447
210512
210683
210780
210919
210999
211026
211333
211522
211936
212022
212211
212253
212281
212404
212424
212487
212755
212757
212925
213305
213366
213439
213445
213466
213488
213591
213819
213934
213993
214036
214240
214319
214531
214601
214672
214689
214751
215040
215115
215206
215266
215385
215443
215577
215711
215807
215931
216172
216379
216434
216485
216580
216611
216702
216755
216967
217023
217093
217295
217423
217586
217663
218095
218111
218157
218203
218232
218403
218477
218498
218515
218634
218693
218797
218912
218963
219080
219136
219574
219685
219737
219750
219829
219900
219981
220090
220216
220263
220490
220590
220637
220651
220690
220718
220832
220893
220913
221129
221153
221191
221213
221443
221587
221593
221660
221674
221682
221730
221903
221998
222040
222235
222303
222399
222407
222627
222639
222674
222710
222739
222964
222975
223041
223337
223349
223386
223466
223484
223558
223570
223634
223648
223747
223876
223895
223901
224028
224122
224515
224534
224591
224674
224710
224721
224761
224787
224790
224791
224924
224973
225288
225306
225351
225539
225743
225861
225929
225981
226012
226065
226109
226217
226396
226423
226517
226669
226889
227057
227165
227292
227361
227406
227459
227550
227590
227827
227844
227916
227952
227992
228064
228321
228444
228452
228483
228528
228602
228612
228738
228902
228924
228993
229058
229229
229239
229451
229628
229682
229939
230089
230100
230280
230300
230324
230343
230390
230468
230623
230676
230782
230830
230859
230899
231054
231403
231419
231424
231523
231524
231537
231575
231590
232036
232093
232134
232175
232227
232286
232403
232478
232699
232709
232713
232790
232915
232924
232963
233482
233495
233532
233599
233652
233730
233739
233753
233876
233909
233933
234196
234227
234233
234316
234441
234948
234960
235036
235072
235103
235183
235218
235255
235333
235490
235535
235652
235698
235747
235794
235843
235895
235900
235938
236025
236153
236231
236380
236461
236538
236594
236657
236665
236851
236980
237392
237481
237567
237894
237965
237972
238237
238333
238489
238610
238650
239037
239109
239183
239323
239345
239800
239978
239987
240124
240161
240279
240342
240434
240443
240667
240705
240729
240765
240792
240883
240945
241200
241347
241471
241770
241773
241905
242269
242303
242637
242851
243133
243185
243244
243300
243324
243361
243544
243792
243944
244046
244151
244261
244346
244363
244519
244620
244625
244649
244697
244774
244967
245082
245191
245192
245229
245237
245239
245319
245337
245597
245703
245762
245767
245829
245848
246046
246069
246100
246136
246151
246153
246184
246335
246370
246430
246433
246785
247035
247290
247377
247600
247639
247680
247692
247721
248066
248235
248622
248625
248627
248756
248874
248893
249055
249085
249265
249559
249859
249991
250018
250030
250133
250152
250397
250414
250415
250447
250489
250554
250739
250780
250862
251027
251133
251400
251577
251672
251682
251745
251939
252022
252059
252066
252315
252322
252398
252700
252902
253092
253200
253336
253576
253743
253769
254267
254375
254484
254580
254597
254732
254867
255066
255075
255612
255629
255647
255722
255794
255876
255971
256050
256318
256398
256551
256589
256638
256672
256706
256820
256823
256887
256891
256917
256949
257030
257112
257154
257173
257412
257586
257708
257840
257973
258025
258111
258308
258379
258385
258576
258593
258621
258966
259047
259217
259230
259275
259354
259385
259394
259423
259460
259610
259620
259656
259730
259743
259824
259904
259976
260046
260088
260249
260297
260525
260660
260748
260800
260842
260853
260936
260999
261051
261072
261077
261246
261433
261585
261586
261700
261787
261790
262180
262213
262384
262394
262408
262433
262452
262470
262491
262663
262788
262888
262891
263011
263211
263252
263304
263428
263529
263710
263736
263978
264124
264372
264498
264723
264948
264951
264973
265103
265222
265406
265596
265722
265795
265823
265902
266007
266133
266181
266409
266503
266545
266578
266617
266733
267071
267251
267342
267399
267571
267748
267799
267813
267858
267927
267963
268112
268186
268194
268253
268418
268520
268524
268589
268756
268823
268895
269021
269116
269205
269284
269301
269413
269453
269572
269735
269812
269859
270144
270216
270330
270379
270400
270513
270586
270595
270606
270783
270884
270915
270947
270969
271136
271199
271228
271370
271571
271592
271744
272192
272288
272349
272358
272391
272544
272674
272705
272714
272917
273006
273054
273159
273213
273377
273389
273482
273493
273652
273832
273850
273857
273858
273867
273917
274020
274036
274044
274085
274148
274252
274356
274567
274634
274731
274767
275020
275048
275108
275231
275234
275316
275462
275826
275989
276042
276084
276137
276166
276268
276339
276547
276762
276780
276855
276958
277089
277105
277141
277163
277221
277242
277354
277422
277916
278106
278317
278342
278353
278357
278389
278393
278452
278457
278466
278577
278590
278633
278720
278769
278825
278954
278980
279011
279103
279210
279232
279368
279679
279744
279850
279869
279895
279899
279924
279987
279991
280004
280175
280252
280337
280393
280423
280456
280488
280491
280614
280615
280635
280712
280772
280773
280816
280840
280843
281007
281034
281076
281194
281473
281575
281634
281793
281905
282006
282120
282146
282205
282239
282434
282537
282579
282583
282626
282699
282735
282824
282888
282923
283080
283106
283107
283417
283486
283542
283628
283647
283666
283747
283823
283862
283866
283957
283970
284002
284015
284100
284196
284206
284215
284566
284583
284717
284875
284957
285296
285297
285368
285383
285483
286039
286053
286100
286117
286187
286211
286250
286310
286747
286787
286832
286869
286992
287003
287173
287607
287728
287743
287779
287800
287914
287917
288184
288259
288327
288331
288403
288498
288521
288526
288686
289060
289172
289225
289235
289400
289479
289596
289618
289685
289819
289870
290086
290093
290163
290380
290446
290635
290770
291048
291054
291063
291124
291132
291179
291204
291536
291767
291826
291851
291877
291942
291979
292061
292092
292296
292522
292771
292853
292902
292918
293073
293247
293250
293478
293574
293847
293903
293980
294083
294230
294375
294392
294437
294518
294596
294636
294720
294971
294977
294992
295073
295080
295171
295213
295290
295326
295330
295426
295520
295550
295637
295770
295806
295880
295973
296025
296070
296216
296403
296425
296510
296516
296692
296842
297006
297152
297556
297668
298038
298090
298161
298328
298352
298388
298502
298534
298683
298732
298880
299092
299153
299391
299432
299538
299733
299792
299807
299946
300051
300075
300077
300134
300453
300474
300575
300614
300677
300717
300772
300803
300836
300878
300988
301064
301089
301098
301302
301308
301412
301448
301450
301606
301629
301709
301804
301810
302002
302008
302208
302212
302335
302385
302621
302694
302711
302928
303030
303044
303305
303324
303421
303435
303724
303739
303836
303998
304185
304369
304933
305006
305032
305147
305180
305364
305381
305605
305883
305901
305942
306062
306087
306098
306148
306183
306239
306336
306384
306408
306552
306612
306636
307003
307067
307284
307314
307394
307459
307649
307681
307810
307897
307908
307961
308072
308109
308117
308217
308368
308387
308429
308521
308533
308542
308575
308578
308636
308771
308835
308882
308897
309023
309054
309064
309090
309202
309252
309314
309647
309648
309682
309721
309736
309759
309822
309870
310033
310202
310365
310537
310613
310677
310818
311003
311110
311145
311230
311240
311395
311577
311659
311750
311754
311825
311959
312030
312164
312451
312531
312626
312638
312677
312735
312844
313116
313143
313589
313705
313826
313837
313985
313986
314006
314183
314232
314256
314431
314581
314709
314724
314726
315041
315089
315302
315403
315407
315418
315585
315787
315815
315976
316040
316219
316220
316296
316323
316743
316806
316938
317103
317167
317171
317188
317196
317357
317443
317493
317547
317610
317723
317962
318080
318114
318153
318340
318636
318723
318729
318757
318803
318865
319041
319101
319122
319228
319282
319284
319350
319387
319742
319772
319802
319928
320090
320094
320098
320304
320330
320343
320462
320482
320636
320892
321085
321122
321187
321205
321532
321620
321654
321741
321940
321945
322273
322297
322470
322483
322598
322816
322868
323041
323110
323158
323238
323291
323348
323416
323438
323442
323497
324090
324172
324176
324344
324502
325073
325239
325248
325327
325501
325560
325627
325823
325869
326073
326123
326167
326172
326238
326355
326579
326640
326678
326729
326816
327016
327127
327142
327262
327379
327398
327795
327875
327985
328019
328038
328057
328075
328118
328148
328199
328279
328302
328401
328430
328714
328724
328728
328837
328857
329041
329060
329136
329203
329240
329253
329271
329276
329388
329389
329573
329788
329989
330004
330038
330095
330186
330620
331027
331129
331382
331417
331443
331487
331533
331642
331886
332020
332092
332176
332382
332440
332551
332691
332861
332921
333089
333352
333422
333438
333456
333481
333695
333815
333821
333895
333977
334094
334127
334320
334416
334674
334822
334852
334970
335069
335159
335295
335300
335524
335582
335730
335766
335828
335987
336106
336288
336360
336533
336687
336906
336936
337100
337128
337134
337137
337180
337218
337232
337550
337601
337653
337665
337775
337974
338273
338488
338688
338731
339033
339040
339105
339124
339200
339264
339743
339905
340248
340354
340383
340403
340552
340733
341004
341099
341122
341388
341515
341573
341586
341770
341943
342046
342056
342118
342119
342214
342261
342273
342303
342557
342571
342778
342889
342896
342988
343040
343063
343093
343280
343372
343421
343741
343869
343878
344232
344258
344308
344328
344435
344570
344732
344769
344954
344997
345011
345331
345409
345430
345472
345514
345756
345826
345921
345940
346018
346020
346363
346709
346714
346764
346937
346976
347306
347575
347911
347932
348029
348060
348083
348339
348394
348440
348480
348599
348755
349010
349184
349190
349222
349306
349434
349481
349560
349639
349657
349700
349796
349849
349910
350142
350302
350372
350395
350431
350625
350747
350876
350909
351094
351377
351450
351467
351731
351858
351895
351992
352003
352087
352104
352137
352371
352426
352441
352471
352571
352616
352733
352740
352799
352881
352912
352966
353085
353234
353301
353410
353432
353790
353822
353833
354184
354346
354386
354746
355157
355162
355317
355376
355649
355674
355786
355795
355847
355963
356047
356186
356347
356438
356484
356567
356578
356716
356850
356857
356873
356884
356941
356943
356948
356976
356987
357197
357292
357299
357304
357418
357528
357541
357666
357821
357893
357909
358014
358025
358074
358185
358323
358329
358414
358462
358557
358560
358612
358697
358704
358756
358782
358883
359124
359154
359163
359173
359416
359452
359496
359569
359692
359820
359827
359921
359946
359985
360083
360277
360324
360364
360386
360461
360682
360744
360764
360856
360891
360931
360942
361048
361376
361427
361518
361544
361574
361722
361750
361762
361975
362010
362016
362056
362331
362363
362428
362515
362566
362703
362728
363043
363190
363264
363271
363279
363283
363355
363385
363956
364025
364044
364074
364086
364183
364256
364456
364861
364910
364939
364965
365023
365038
365365
365529
365605
365698
365780
365990
366047
366259
366289
366372
366381
366422
366586
366619
366634
366736
366816
366883
366986
367120
367149
367208
367295
367414
367518
367580
367601
367721
367736
367802
367809
367961
367976
368149
368347
368652
368719
368763
368784
368827
368862
368874
368881
369092
369304
369542
369575
369619
369643
369646
369661
369797
369822
369842
369958
370092
370284
370285
370296
370346
370465
370471
370482
370705
370993
371074
371100
371225
371282
371338
371378
371432
371711
371742
371866
371922
371967
372394
372475
372794
372820
372890
372915
372916
373121
373283
373287
373338
373369
373423
373473
373643
373651
373678
373825
373896
373914
374171
374176
374304
374379
374456
374661
374693
374737
374844
374975
375038
375175
375221
375411
375462
375518
375695
375724
375756
375879
376138
376179
376475
376491
376658
376673
376868
376892
376974
377302
377383
377543
377547
378233
378242
378326
378389
378440
378731
378865
379097
379195
379265
379328
379574
379593
379649
379707
379931
379949
380109
380241
380266
380281
380714
380877
380878
380938
381160
381391
381415
381556
381683
381782
381829
381836
381877
381974
382010
382046
382162
382215
382412
382529
382681
382713
382722
382799
383003
383157
383190
383247
383396
383412
383600
383602
383879
383913
383972
384011
384154
384194
384258
384360
384361
384580
384629
384721
384931
385040
385060
385083
385344
385408
385687
385877
385995
386124
386268
386272
386494
386512
386585
386644
386937
386962
387023
387496
387502
387795
387820
387954
388016
388160
388229
388405
388488
388515
388565
388590
388652
388701
388711
388761
388770
388772
388903
389022
389065
389069
389149
389177
389193
389274
389436
389580
389815
389843
389868
389890
389937
390188
390225
390231
390582
390679
390693
390845
390974
390987
391068
391098
391223
391275
391349
391539
391564
391600
391794
391943
391971
392035
392653
392661
392794
392920
393142
393144
393215
393370
393414
393506
393529
393568
393625
393650
393765
393942
393964
394051
394062
394137
394218
394274
394296
394563
394660
394699
394858
394908
395036
395200
395225
395248
395349
395374
395501
395628
395799
395844
395932
395945
396006
396125
396153
396157
396271
396298
396315
396356
396407
396590
396742
396815
396870
397118
397132
397181
397468
397480
397630
397721
397810
397956
398056
398399
398453
398457
398538
398700
399124
399341
399387
399409
399517
399592
399603
400320
400348
400716
400774
400947
401531
401731
401753
401821
401855
401936
401940
402086
402150
402168
402280
402546
402556
402667
402724
403014
403087
403201
403262
403313
403522
403538
403649
403695
403871
403872
403946
404403
404488
404693
404815
404916
405178
405264
405493
405570
406070
406146
406191
406195
406733
407039
407071
407135
407180
407339
407427
407453
407625
407706
407727
407785
407833
408124
408162
408179
408212
408243
408340
408370
408429
408546
408612
408666
408678
408930
408979
409065
409112
409270
409323
409378
409381
409571
409678
409729
409771
410012
410100
410118
410264
410268
410363
410372
410645
410695
410731
410924
410926
411081
411169
411266
411275
411278
411375
411430
411449
411483
411545
412063
412126
412198
412344
412386
412405
412420
412565
412631
412677
412866
413027
413100
413178
413343
413491
413518
413540
413574
413841
414038
414205
414245
414420
414450
414455
414779
414943
414997
415264
415418
415586
415606
415721
415745
415755
416046
416172
416380
416433
416446
416451
416532
416534
416569
416651
416700
416729
416835
416959
416984
417229
417300
417350
417477
417504
417647
417900
417936
418081
418345
418408
418581
418591
418700
418808
418877
419470
419502
419603
419607
419793
419893
420034
420387
420402
420438
420519
420780
421064
421130
421153
421169
421331
421363
421390
421478
421492
421828
421829
421910
422028
422303
422309
422493
422496
422500
422620
422774
422816
422836
422844
422855
422989
423006
423141
423199
423395
423536
423561
423638
423872
423880
423901
424157
424233
424329
424377
424423
424456
424595
424668
424819
425069
425191
425225
425399
425450
425575
425639
425669
425674
425785
425832
425919
426057
426146
426610
426706
426722
426743
426878
426885
427000
427029
427033
427327
427350
427368
427405
427609
427851
427915
427992
428057
428149
428156
428430
428434
428529
428598
428708
428809
428859
428986
428992
429325
429366
429402
429467
429616
429679
429819
429860
430005
430231
430246
430403
430430
430495
430503
430634
430659
430689
430728
430770
430895
430973
430978
431165
431262
431309
431318
431607
431771
432277
432287
432323
432561
432607
432842
433106
433131
433204
433233
433237
433281
433296
433297
433335
433402
433481
433539
433565
433599
433663
433696
433804
433886
434159
434179
434208
434222
434381
434613
434676
434679
434751
434772
434788
434798
434813
434825
434990
435278
435474
435501
435504
435873
435874
435888
436094
436167
436257
436434
436634
436787
436919
437050
437199
437276
437365
437399
437711
438057
438456
438667
438701
439051
439055
439095
439273
439545
439692
439740
439826
439855
439861
440068
440088
440095
440565
440567
440591
440703
440734
440872
440891
440922
441099
441194
441320
441352
441519
441692
441803
441820
442060
442067
442082
442146
442346
442617
442672
442697
442758
442791
442999
443001
443123
443226
443355
443370
443389
443454
443519
443827
443914
443943
444003
444025
444205
444264
444305
444370
444490
444737
444770
444792
444966
444991
445055
445247
445396
445581
445647
445691
445763
446014
446050
446099
446158
446199
446226
446283
446370
446448
446621
446676
446713
447075
447320
447327
447548
447692
447780
447787
447799
447903
448366
448470
448515
448556
448621
448733
448781
448840
449057
449447
449455
449459
449632
449712
449794
449934
450134
450141
450265
450294
450312
450331
450336
450380
450540
450594
450777
450789
450877
451070
451216
451899
452046
452240
452308
452407
452416
452433
452529
452575
452602
452624
452635
452771
452816
452914
453028
453045
453067
453320
453322
453351
453361
453382
453405
453432
453537
453542
453652
453742
453786
453878
453948
453972
454085
454094
454188
454404
454497
454733
454746
454924
454976
454979
455070
455135
455451
455477
455577
455602
455683
455684
455717
455766
455777
456006
456121
456199
456221
456231
456335
456406
456475
456682
456780
456822
456872
456889
456953
456956
457047
457137
457189
457195
457406
457496
457508
457532
457609
457631
457806
457975
458039
458127
458519
458627
458740
458757
458971
459073
459095
459169
459221
459263
459266
459331
459463
459483
459901
459918
460073
460355
460389
460436
460529
460654
460840
460937
461014
461163
461328
461346
461487
461528
461577
461639
461689
461713
461798
461836
461888
462053
462089
462322
462377
462487
462497
462551
462650
462670
462699
462718
462894
462908
463204
463211
463239
463332
463373
463445
463640
463658
463663
463909
463959
464018
464127
464362
464467
464478
464651
464697
464739
464785
464923
464943
465062
465254
465346
465527
465604
465641
465705
465803
465821
465963
466020
466090
466210
466250
466578
466681
466682
466731
466942
467012
467081
467131
467184
467204
467218
467357
467452
467524
467735
467850
467914
467938
467990
468022
468061
468071
468351
468371
468588
468767
468795
468878
468888
468915
468985
469022
469102
469199
469213
469291
469550
469587
469652
469655
469689
469742
469855
469869
470016
470025
470051
470271
470275
470297
470448
470494
470637
470704
470731
470754
470755
470779
470815
470877
470924
470975
471020
471074
471164
471214
471376
471385
471416
471712
471928
471964
472012
472116
472245
472540
472655
472702
472860
472887
473314
473390
473520
473536
473546
473554
473569
473647
473751
473801
474201
474216
474257
474270
474484
474527
474622
474698
474820
474842
474857
474925
475185
475212
475269
475725
475756
475766
475893
475897
475960
475981
475997
476012
476020
476114
476472
476919
477027
477189
477224
477584
477596
477660
477686
477690
477696
477792
477798
477848
477940
478053
478098
478115
478213
478215
478866
478946
478955
479055
479262
479290
479541
479597
479616
479650
479676
479679
480165
480238
480366
480373
480425
480428
480480
480727
480859
480932
481056
481124
481157
481329
481578
481624
481908
481992
482119
482245
482248
482481
482570
482784
482936
483024
483085
483323
483380
483391
483423
483449
483465
483508
483523
483563
483696
483743
483800
483801
483895
484022
484058
484098
484408
484455
484505
484599
484803
485127
485421
485679
485681
485814
485838
485899
485960
486225
486238
486628
486817
486902
486965
487047
487054
487138
487183
487209
487323
487400
487473
487651
487677
488018
488043
488068
488107
488319
488446
488503
488639
489006
489581
489641
489759
489964
490005
490008
490083
490241
490270
490412
490426
490455
490501
490503
490504
490544
490664
490716
490760
490764
490776
490807
490808
491144
491196
491246
491406
491630
491686
491689
491690
491696
491955
492041
492287
492399
492684
492715
492751
492841
493001
493225
493379
493436
493612
493841
493850
493984
494153
494381
494868
495163
495188
495337
495364
495444
495625
495782
495788
495789
495811
495819
495884
495916
495937
495964
496113
496121
496158
496209
496247
496416
496556
496812
496814
496844
496942
497035
497067
497300
497329
497557
497564
497577
497639
497733
497741
497929
497984
498066
498148
498322
498352
498371
498542
498744
498769
498775
498928
498961
499019
499085
499119
499136
499253
499449
499506
499549
499620
499680
499888
499910
500252
500292
500707
500757
500956
501100
501235
501285
501286
501363
501365
501641
501930
502118
502141
502322
502357
502394
502458
502712
502744
502870
502914
502944
503072
503228
503395
503412
503651
503844
504138
504139
504179
504271
504509
504616
504856
504879
504936
505173
505348
505559
505597
505600
505611
505672
505705
505769
505810
505813
505978
506034
506130
506339
506356
506379
506385
506409
506588
506657
506867
506878
507087
507177
507241
507413
507417
507477
507540
507550
507623
507724
507817
507830
508222
508291
508512
508514
508537
508703
508802
508873
508913
509009
509063
509129
509154
509473
509591
509674
509762
509834
509868
510002
510153
510233
510340
510429
510516
510587
510729
510778
510792
510954
511091
511415
511605
511712
512233
512257
512338
512340
512387
512433
512451
512551
512642
512740
512788
512855
512897
513062
513253
513302
513368
513523
513571
513658
513714
513724
513725
513761
513770
513845
514040
514084
514232
514489
514706
514783
514793
515195
515282
515544
515666
515912
515954
515958
516042
516122
516161
516580
516707
516730
516756
516764
516913
517104
517382
517394
517419
517451
517474
517475
517491
517494
517582
517679
517772
517938
518174
518285
518363
518806
518933
519074
519158
519317
519334
519339
519361
519396
519681
519749
519818
519947
520054
520113
520214
520377
520393
520614
520688
520814
521158
521244
521259
521299
521313
521416
521432
521495
521532
521643
521880
522058
522099
522145
522221
522521
522522
522566
522660
522828
522910
522949
523306
523332
523359
523756
524205
524337
524419
524425
524528
524535
524752
524904
524978
525105
525397
525584
525671
525791
525826
525879
525970
525974
526087
526223
526245
526268
526375
526444
526713
526776
526801
526824
526843
527304
527424
527524
527794
528303
528351
528565
528580
528659
528673
528716
528755
528808
528890
528923
528992
529063
529122
529229
529237
529336
529359
529607
529746
529784
529811
529832
529848
529945
530850
530933
530985
531045
531065
531255
531590
531710
531885
531980
532018
532075
532100
532142
532223
532297
532391
532588
532618
532759
532809
532833
532958
533056
533145
533264
533266
533370
533433
533438
533749
533827
533960
533975
533992
534081
534130
534233
534257
534408
534435
534447
534482
534637
535006
535223
535348
535415
535518
535528
535719
535742
535759
535940
536311
536324
536491
536494
536959
536971
536991
537018
537330
537410
537531
537579
537673
537787
537886
538027
538117
538221
538345
538488
538728
538787
539080
539110
539169
539291
539301
539409
539473
539636
539854
539869
539877
539898
539926
540204
540242
540515
540738
540844
541040
541411
541707
541806
541899
542180
542377
542475
542690
542717
542786
542811
542864
542932
543045
543287
543379
543385
543486
543573
543575
543720
543807
544018
544121
544146
544286
544421
544437
544441
544748
544763
545054
545083
545123
545134
545178
545380
545442
545557
545714
545936
546046
546199
546226
546275
546305
546396
546625
546665
546753
546830
546993
547169
547284
547352
547528
547653
547824
547846
547866
548047
548136
548242
548247
548427
548477
548612
548719
548765
549067
549088
549120
549236
549338
549441
549710
549785
549795
549801
549958
549984
550052
550297
550913
550976
551799
552110
552135
552157
552163
552171
552199
552263
552374
552419
552449
552551
552595
552708
552842
553017
553339
553384
553392
553511
553590
553660
553688
553734
553785
553816
553967
554059
554206
554228
554240
554437
554465
554564
554592
554917
554933
555052
555262
555442
555447
555543
555854
555907
556008
556055
556114
556164
556196
556298
556311
556506
556512
556536
556643
556684
556775
556788
556840
556850
556862
557357
557433
557491
557568
557680
557760
557769
557796
557993
558305
558497
558599
558693
558831
558849
559003
559149
559184
559286
559342
559445
559715
559746
559764
559807
559856
559884
560018
560066
560081
560101
560255
560302
560342
560436
560553
560582
560630
560675
560703
560764
560770
560920
560952
560958
561023
561111
561163
561193
561244
561312
561320
561407
561483
561547
561616
561650
561747
561818
561933
561937
562150
562155
562265
562283
562341
562362
562459
562633
562637
562679
562957
562981
563105
563211
563571
563950
564054
564464
564495
564496
564518
564560
564900
564919
564947
565025
565062
565072
565156
565304
565451
565728
565814
565917
565947
566033
566043
566077
566217
566243
566309
566350
566652
566727
566879
567187
567441
567511
567695
567846
567969
568044
568091
568098
568158
568235
568243
568280
568309
568689
568846
568981
569130
569439
569539
569798
569958
570107
570110
570279
570494
570595
570649
570740
570810
570946
570955
571014
571114
571225
571326
571427
571667
571697
571793
571810
571916
571973
572020
572170
572172
572242
572347
572472
572491
572563
572767
572826
572993
573244
573409
573462
573486
573558
573632
573679
573685
573756
573823
573852
573878
573899
573916
574246
574397
574520
574754
574863
574928
574986
575349
575439
575484
575498
575513
575590
575742
575776
575810
575815
575840
575891
575900
575902
575979
575997
576048
576070
576436
576512
576589
576602
576605
576690
576890
577114
577129
577133
577234
577315
577349
577486
577607
578021
578361
578390
578402
578621
578805
578876
578946
579008
579046
579290
579484
579513
579584
579640
580173
580332
580383
580408
580523
580555
580585
580609
580779
580827
580910
580927
580971
580988
581305
581416
581593
581679
581789
581836
581937
582007
582042
582243
582445
582453
582514
582551
582951
583013
583521
583595
583696
583857
583947
583949
584106
584266
584554
584582
584688
584691
584952
584991
585007
585039
585042
585063
585389
585394
585453
585541
585685
585704
585891
585994
586151
586188
586577
586630
586681
586690
586703
586770
586809
586945
586955
587093
587218
587280
587289
587481
587567
587773
587774
587798
587807
587998
588093
588179
588327
588349
588384
588762
588808
588970
589014
589298
589437
589524
589710
589805
589828
590283
590326
590500
590533
590615
590767
590954
590959
590995
591102
591162
591180
591364
591567
591664
591774
591982
592100
592108
592286
592380
592430
592433
592440
592550
592679
592690
592809
592847
593051
593056
593160
593171
593319
593413
593642
593768
593830
593867
594051
594262
594476
594502
594597
594656
594691
594781
594877
594888
595065
595120
595191
595270
595327
595407
595412
595577
595691
595696
595861
595990
595995
596196
596198
596264
596408
596626
596715
596818
596855
596858
596871
596888
596948
597143
597208
597263
597353
597354
597501
597603
597879
598029
598121
598255
598307
598541
598650
598748
598811
598861
598953
599282
599579
599598
599605
599865
600012
600045
600213
600305
600457
600508
600554
600689
600699
601095
601542
601565
601605
601709
601817
601839
601930
602206
602254
602472
602480
602597
602770
602888
603145
603175
603202
603203
603260
603323
603429
603459
603508
603643
603701
603739
604095
604192
604290
604301
604406
604520
604522
604572
604712
605026
605208
605293
605432
605586
605660
605690
605697
605784
605788
605875
605988
606121
606222
606281
606302
606307
606410
606583
606695
606872
607035
607052
607148
607253
607321
607393
607785
607815
607847
607932
608138
608146
608159
608298
608442
608524
608713
608760
608820
608891
608946
609030
609128
609234
609288
609318
609485
609576
609621
609889
609953
610080
610085
610162
610242
610465
610591
610746
610817
610896
610931
610950
610968
611148
611256
611266
611270
611315
611415
611519
611620
611821
611925
611974
612086
612221
612227
612229
612397
612438
612794
613459
613486
613491
613526
613645
613743
613814
613885
614123
614182
614250
614289
614498
614668
614681
615041
615124
615169
615190
615225
615363
615533
615607
615615
615671
615675
615763
615844
615868
615937
616000
616070
616229
616265
616367
616407
616640
616728
616851
616915
616926
616965
616977
616978
617013
617035
617285
617412
617498
617538
617672
617745
617931
618024
618257
618275
618425
618485
618627
618679
618733
618861
618938
619111
619224
619316
619351
619472
619491
619704
619757
620057
620080
620186
620372
620549
620718
620893
621003
621035
621054
621147
621173
621425
621615
621627
621822
621844
622151
622218
622247
622380
622388
622416
622542
622587
622626
622669
622943
623420
623464
623627
623711
624068
624158
624216
624367
624543
624547
624591
625024
625063
625231
625261
625293
625408
625420
625527
625533
626017
626275
626477
626486
626624
626733
626749
626867
626898
626904
626920
626938
626947
626961
626984
627023
627152
627221
627306
627488
627813
628163
628227
628279
628284
628335
628526
628530
628546
628623
628669
628751
628826
628893
628973
629146
629164
629172
629317
629328
629385
629486
629508
629565
630005
630237
630245
630246
630421
630520
630521
630594
630604
630681
630714
630729
630751
630794
630845
630914
631044
631593
631828
631850
631894
632066
632440
632472
632488
632578
632638
632675
632684
632760
632907
633289
633348
633478
633529
633598
633633
633750
633751
633919
633959
634062
634140
634152
634214
634317
634405
634469
634478
634667
634834
634860
635428
635460
635707
635763
635840
636168
636186
636194
636233
636264
636316
636333
636505
636591
636767
636798
637039
637227
637255
637266
637473
637524
637538
637555
637592
637596
637835
637920
638151
638255
638265
638297
638326
638395
638400
638508
638580
638667
638755
638973
638991
639021
639364
639378
639463
639606
640098
640233
640406
640408
640445
640508
640542
640803
640879
640956
641091
641206
641443
641490
641680
641711
642326
642451
642618
642674
642784
643049
643081
643428
643468
643496
643637
643657
644004
644009
644124
644172
644598
644604
644706
644778
644889
644941
644955
645032
645212
645244
645305
645449
645475
645510
645551
645576
645582
645697
645806
645881
645946
646358
646393
646621
646665
646718
646774
646881
647251
647305
647308
647395
647491
647515
647958
647975
647980
648139
648193
648205
648270
648551
648622
648787
648822
648968
649065
649240
649270
649550
649730
649766
649914
649975
650061
650069
650085
650302
650381
650789
650801
650927
650991
651039
651112
651119
651262
651317
651322
651535
651594
651612
651768
651956
652109
652173
652557
652628
652633
652873
652986
652988
653143
653411
653493
653544
653729
653902
653935
654011
654326
654413
654439
654561
654869
654889
654941
655018
655104
655143
655154
655539
655625
655631
655678
655829
655916
655974
656087
656141
656178
656187
656190
656215
656251
656359
656570
656607
656766
656888
656984
657044
657053
657058
657130
657183
657231
657263
657264
657373
657490
657831
658025
658452
658715
658716
658827
658972
659069
659243
659387
659543
659589
659748
659857
660093
660196
660495
660554
660876
661043
661053
661096
661137
661268
661298
661502
661557
661687
661790
661874
661934
662056
662139
662467
662652
662686
662687
662847
662882
663048
663150
663190
663227
663470
663487
663638
663671
663825
663853
663876
663883
663928
664193
664390
664532
664544
664856
664873
664956
665130
665243
665245
665327
665463
665514
665666
666026
666119
666149
666323
666605
666625
666658
666873
666880
666929
667118
667203
667235
667246
667566
667580
667668
667680
667732
667749
667857
667911
667999
668148
668334
668349
668361
668415
668513
668725
668776
668884
668989
669435
669459
669527
669601
669696
669837
669865
670052
670293
670524
670664
670848
670850
670898
671103
671163
671337
671369
671398
671484
671554
671586
671765
671806
671809
671827
671945
672066
672092
672269
672363
672371
672388
672481
672487
672583
672598
672678
672681
672692
672768
672800
673012
673119
673209
673332
673367
673556
673886
674027
674113
674151
674189
674274
674339
674366
674614
674652
675031
675061
675062
675503
675569
675616
675716
675819
675901
676234
676268
676342
676363
676449
676587
676674
676793
676939
676974
677165
677207
677245
677334
677364
677483
677491
677509
677546
677588
677701
677730
677774
677809
677924
678006
678010
678011
678248
678459
678574
678623
678816
678956
678957
678995
679095
679336
679432
679590
679591
679625
679781
680079
680090
680179
680256
680403
680509
680539
680546
680562
680592
680616
680708
680743
680757
680949
680952
681152
681225
681269
681496
681558
681604
681653
681658
681660
681669
681680
681821
681824
681836
681883
681898
682001
682032
682082
682423
682428
682435
682882
682907
682952
683169
683209
683233
683303
683309
683410
683502
683504
683648
683753
683782
683860
683905
683909
684176
684338
684347
684439
684608
684622
684660
684774
684836
684843
685029
685174
685712
685822
685923
685993
686039
686058
686090
686123
686238
686338
686403
686454
686491
686584
686917
687032
687148
687404
687688
687697
687712
687868
687883
687903
688029
688184
688492
688496
688640
688823
688854
688929
688991
689066
689396
689807
689826
689851
689905
689967
689991
690049
690227
690257
690514
690856
690863
690910
690982
691038
691069
691157
691319
691325
691462
691736
691738
691766
691966
692009
692090
692157
692211
692636
692705
692737
692794
692839
692854
692906
692947
693056
693161
693176
693196
693222
693380
693458
693622
693637
693744
693787
693807
693903
693962
694148
694338
694374
694395
694873
694997
695050
695091
695212
695495
695514
695631
695694
695728
696050
696115
696151
696233
696386
696572
696888
696920
696965
697008
697417
697457
697535
697647
697664
697793
697865
698029
698115
698154
698771
698844
699128
699627
699682
699712
699879
699893
699934
700046
700049
700439
700878
700892
700965
701343
701442
701489
701607
701667
701743
701781
701933
701981
702039
702128
702165
702317
702440
702501
702557
702608
702763
702826
702843
702865
702869
702880
703024
703074
703088
703090
703092
703240
703250
703431
703504
703518
703544
703596
703733
704339
704344
704440
704518
704607
704951
705076
705171
705182
705198
705226
705293
705344
705371
705420
705507
705557
705569
705596
705745
705813
705834
705962
706026
706102
706233
706259
706565
706603
706606
706611
706784
706833
707406
707448
707527
707589
708172
708674
708806
708811
709091
709139
709197
709244
709329
709359
709523
709528
710084
710351
710382
710585
710597
710673
710802
711085
711096
711313
711451
711537
711664
711732
711752
711836
711875
711932
711999
712085
712401
712407
712416
712428
712543
712674
712681
713073
713463
713633
713742
713864
713940
713943
713949
714007
714019
714071
714146
714178
714229
714456
714770
714872
714896
714961
715007
715059
715536
715603
715833
715840
715969
716088
716209
716320
716378
716543
716554
716735
716838
717143
717424
717461
717584
717599
717614
717719
717741
717893
717970
718160
718172
718311
718347
718421
718678
718748
718852
718980
719024
719062
719158
719175
719187
719236
719269
719304
719347
719756
719772
719904
720042
720091
720253
720298
720514
720630
720744
720866
720973
720979
720997
721031
721050
721264
721373
721643
721664
721747
721801
721840
721846
722187
722270
722280
722500
722510
722750
722767
722836
722874
722879
722924
723172
723287
723302
723327
723374
723377
723472
723511
723525
723587
723621
723661
723775
723964
724010
724078
724157
724168
724256
724361
724413
724466
724648
724736
724899
725030
725130
725320
725579
725707
725773
725846
725878
725909
725933
725965
725969
726098
726190
726249
726261
726404
726405
726697
726716
726767
726868
726903
727091
727242
727494
727557
727605
727731
727827
727835
727886
728050
728108
728417
728659
728661
728779
728978
728996
729069
729073
729135
729183
729185
729378
729381
729407
729533
729593
729676
729678
729682
729685
729719
729722
730044
730087
730151
730158
730308
730321
730683
730703
730761
730872
731190
731238
731285
731406
731450
731474
731561
731651
731667
731729
731763
731874
731962
731976
732001
732044
732084
732288
732289
732352
732362
732386
732755
732759
732776
732885
732900
732901
732973
733015
733049
733060
733121
733189
733274
733392
733467
733518
733725
733759
733907
734370
734479
734728
734763
735095
735233
735478
735585
735627
735666
735682
735783
735795
735939
736022
736105
736114
736199
736257
736515
736557
736673
736731
736826
736935
737137
737253
737291
737310
737598
737605
737676
737780
737829
737945
738019
738061
738075
738167
738374
738432
738505
739012
739156
739233
739247
739338
739366
739367
739460
739467
739497
739758
739812
740005
740154
740213
740238
740295
740355
740398
740444
740471
740472
740701
740712
740893
741022
741160
741240
741261
741394
741698
741785
741856
741931
742141
742171
742213
742225
742495
742530
742728
742734
742816
742855
743130
743216
743294
743520
743660
743747
743789
743941
743995
744003
744275
744371
744381
744514
744582
744642
744901
744933
745147
745165
745195
745202
745251
745270
745334
745592
745672
745851
745984
746268
746278
746290
746471
746504
746536
746686
746799
746802
746898
746915
747006
747033
747068
747072
747153
747159
747381
747400
747499
747686
747690
747760
747831
747845
747912
747924
748084
748319
748362
748435
748525
748691
748716
748884
748891
748940
748989
749272
749293
749550
749582
749791
750043
750066
750278
750371
750444
750537
750666
750856
750901
751090
751115
751222
751236
751259
751316
751476
751484
751534
751685
751958
751993
752036
752160
752234
752245
752334
752694
752790
752801
752953
753060
753133
753134
753267
753341
753367
753375
753694
753780
753936
754160
754206
754258
754263
754303
754321
754344
754601
754620
754756
754767
754790
754792
754861
755009
755329
755336
755462
755621
755766
755842
755856
755880
755935
756160
756265
756583
756773
756839
757001
757006
757536
757546
757648
757724
757729
757798
757975
758046
758095
758128
758312
758415
758449
758569
758590
758592
758672
758937
758983
759030
759061
759168
759277
759346
759432
759486
759497
759605
759864
759902
760025
760034
760100
760204
760264
760292
760318
760404
760440
760488
760499
760572
760578
760630
760670
760758
760928
760993
761036
761048
761115
761150
761183
761304
761505
761606
762133
762152
762252
762323
762382
762941
763045
763347
763516
763544
763755
763943
763952
763968
764186
764265
764401
764415
764495
764518
764804
764900
765069
765158
765350
765438
765801
765903
765967
766137
766151
766250
766301
766308
766616
767012
767135
767185
767241
767356
767361
767516
767544
767813
767833
767884
767943
768047
768108
768262
768411
768458
768602
768662
768842
768867
768897
768954
768967
769189
769389
769442
769446
769681
769692
769739
769740
769898
770140
770278
770390
770411
770446
770451
770490
770494
770565
770592
770920
771245
771300
771337
771363
771435
771494
771529
771550
771556
771586
771601
771608
771624
772132
772164
772319
772443
772451
772473
772830
772919
772928
772991
773032
773062
773198
773222
773342
773522
773595
773635
773737
773987
774099
774187
774279
774297
774671
774810
774828
774839
775147
775210
775300
775467
775766
775793
775809
775819
775853
775937
775952
776142
776150
776274
776460
776474
776480
776514
776556
776559
776655
776698
776721
776729
776936
776957
776978
777106
777185
777345
777518
777536
777550
777748
778263
778356
778391
778468
778666
778847
778957
779215
779285
779489
779515
779543
779743
779768
779793
780018
780059
780150
780222
780244
780360
780401
780483
780616
780806
780954
780987
781056
781186
781221
781435
781521
781779
781849
781904
781952
782122
782240
782384
782550
782605
782875
782902
782938
782962
783137
783456
783514
783525
784043
784063
784178
784262
784264
784326
784525
784759
784834
784869
784999
785140
785183
785235
785353
785387
785416
785483
785522
785772
785789
785791
785830
785840
785966
786090
786104
786323
786349
786410
786569
786682
786845
787046
787209
787280
787400
787466
787520
787531
787535
787642
787708
787792
787799
787803
787909
787947
788081
788561
788612
788615
788651
788780
788806
788970
789239
789455
789548
789663
789678
789709
789715
789729
789735
790324
790342
790449
790465
790474
790546
790737
790792
790801
790853
790876
790948
791064
791090
791157
791190
791275
791321
791426
791546
791839
792000
792030
792330
792343
792540
792574
792796
792799
792825
793110
793265
793550
793563
793617
793838
793877
793914
793967
793978
794149
794381
794503
794712
794802
794947
795026
795324
795404
795454
795570
795574
795592
795641
795722
795843
795863
795913
795947
796083
796098
796167
796168
796752
796866
796948
796979
797024
797113
797169
797191
797225
797281
797538
797549
797616
797764
797856
797951
797961
798125
798185
798221
798261
798276
798322
798442
798471
798520
798697
799129
799151
799183
799495
799538
799617
799753
799888
799908
799947
800187
800397
800687
800848
800905
800938
801191
801230
801275
801317
801334
801360
801495
801600
801632
801880
801893
801924
802004
802042
802067
802114
802120
802210
802297
802363
802367
802690
802703
802736
802874
803118
803127
803205
803206
803316
803355
803440
803592
803598
803654
803897
803921
804158
804250
804446
804507
804527
804562
804809
804859
804864
805051
805185
805250
805363
805494
805581
805644
805731
805883
806089
806108
806217
806219
806334
806461
806669
806767
806890
806942
807034
807092
807215
807272
807378
807680
807741
807833
808103
808156
808361
808371
808447
808491
808504
808564
808599
808723
808856
808936
808950
808999
809067
809236
809335
809516
809594
809608
809704
809729
809819
809951
809965
809990
810049
810282
810485
810705
810712
810718
811044
811172
811186
811419
811601
811695
811703
811773
812045
812068
812251
812299
812306
812341
812365
812414
812443
812550
812575
812688
812750
812903
812943
812948
813018
813078
813248
813300
813421
813464
813486
813555
813659
813795
814025
814051
814304
814437
814578
814968
815011
815037
815096
815138
815170
815172
815240
815250
815306
815392
815427
815436
815552
815571
815615
815715
815740
815804
815851
815862
815869
816074
816335
816372
816436
816701
816790
816791
816841
816891
816906
816920
816985
816994
817204
817259
817543
817575
817645
817814
817885
817929
817931
818010
818361
818640
818715
818844
818865
818876
818877
818961
819059
819090
819294
819312
819344
819363
819535
819598
819612
819756
820035
820085
820149
820286
820325
820556
820653
820758
820849
820912
820916
820931
820990
821005
821079
821266
821453
821589
821591
821816
821817
821902
822081
822153
822406
822602
822656
822887
822949
823003
823040
823165
823201
823291
823328
823353
823401
823609
823664
823719
823773
823812
824051
824089
824141
824304
824315
824327
824349
824474
824503
824836
824914
825128
825279
825338
825392
825564
825580
825782
825798
825884
825999
826052
826076
826276
826278
826381
826634
826752
826868
826878
826881
826925
827341
827391
827398
827443
827638
827673
827768
827833
827892
827915
828155
828158
828159
828293
828355
828369
828457
828475
828556
828663
828696
828882
828969
829050
829376
829382
829401
829513
829516
829693
829757
830159
830196
830279
830490
830515
830614
830643
830732
831072
831144
831169
831177
831182
831246
831685
831733
831761
831893
831909
831936
831978
832011
832165
832244
832292
832327
832369
832507
832591
832707
832791
832917
833155
833199
833254
833269
833394
833525
833683
833738
833750
833795
833849
833920
833987
833991
834148
834293
834326
834760
834774
835056
835061
835268
835412
835425
835522
835537
835721
835775
835787
835863
835964
835996
836000
836355
836385
836504
836537
836642
836739
836831
836940
837097
837105
837230
837233
837292
837336
837344
837630
837683
837975
838019
838105
838106
838398
838479
838655
838676
838683
838754
838764
839101
839358
839364
839485
839487
839546
839597
839679
839746
839752
839787
839860
839878
840077
840092
840220
840429
840463
840483
840600
840661
840711
840786
840916
841074
841359
841383
841408
841687
841697
841780
841811
841851
842000
842113
842149
842201
842220
842324
842465
842609
842680
842777
842896
842918
842995
843238
843301
843558
843585
843782
843822
843837
843981
843987
844431
844605
844722
844811
845343
845385
845419
845423
845432
845522
845607
845692
845804
845857
845882
845898
845967
845998
846029
846053
846078
846359
846377
846462
846493
846718
846755
846840
847106
847286
847328
847390
847409
847480
847767
847787
847830
848035
848280
848322
848514
848587
848618
848688
849067
849156
849312
849321
849420
849561
849611
849614
849716
849784
850188
850194
850334
850526
850588
850677
850737
850797
850827
850896
850977
851023
851037
851047
851380
851386
851416
851421
851507
851517
851574
851617
851752
851779
851866
851928
852044
852095
852102
852123
852203
852320
852400
852405
852440
852460
852475
852638
852644
852669
852713
852819
852924
852950
852951
852993
853028
853072
853215
853233
853266
853311
853321
853568
853624
853713
853719
853731
853755
853805
854050
854071
854087
854150
854262
854350
854438
854441
854461
854553
854755
854940
854979
855155
855172
855324
855373
855592
855646
855766
855776
855813
855837
855882
855890
855941
856109
856223
856323
856327
856343
856415
856468
856530
856533
856601
856626
856712
856718
856785
856876
856903
856936
856975
857004
857067
857079
857114
857290
857317
857349
857431
857474
857479
857699
857765
858014
858131
858166
858173
858201
858224
858250
858303
858452
858457
858546
858564
858637
858639
858650
858744
858944
858989
859107
859132
859133
859182
859405
859427
859441
859634
859641
859645
859649
859722
859746
859775
859836
859863
859999
860061
860365
860556
860580
860824
860836
860866
861049
861071
861114
861184
861185
861316
861487
861647
861680
861752
861808
861829
861830
861897
861918
862284
862361
862506
862758
862760
862792
862845
862947
863060
863115
863345
863357
863506
863548
863573
863859
863868
863908
864044
864196
864301
864401
864497
864503
864603
864606
864817
864857
864961
865140
865168
865216
865252
865313
865393
865587
865592
865743
865747
865827
865928
866260
866268
866283
866572
866707
866878
867303
867330
867360
867475
867597
867685
867806
867939
867941
867970
868007
868076
868148
868212
868219
868274
868289
868765
868812
869006
869138
869239
869500
869600
869615
869732
869794
870143
870167
870203
870227
870326
870439
870466
870512
870524
870600
870755
870762
870772
870852
871014
871030
871152
871157
871175
871230
871354
871604
871697
871867
872015
872214
872300
872352
872685
872687
872751
872924
872968
873019
873202
873233
873268
873447
873489
873581
873659
873731
874357
874370
874541
874572
874801
874966
874980
875045
875305
875434
875447
875494
875580
875616
875729
875858
875926
875953
876024
876149
876166
876256
876362
876388
876441
876496
876552
876576
876619
876686
876688
876691
877125
877134
877418
877425
877481
877526
877561
877575
877578
877631
877632
877643
877813
877869
877892
877959
878041
878051
878067
878089
878101
878108
878112
878228
878325
878386
878547
878792
878880
878935
878987
879193
879202
879268
879285
879295
879321
879402
879550
879685
879741
879752
879761
879900
879935
880070
880145
880178
880812
880994
881072
881074
881226
881238
881293
881358
881386
881631
881635
881719
881805
881818
881871
881995
882244
882259
882363
882395
882411
882464
882652
882655
882792
882876
882888
882900
882949
882984
883102
883294
883302
883361
883674
883690
883714
883727
884170
884264
884269
884300
884385
884554
884565
884705
884952
884969
885019
885176
885304
885353
885554
885717
885936
886030
886037
886246
886516
886549
886581
886653
886743
886783
886977
886985
887486
887488
887612
887653
887697
887753
887806
887994
888033
888039
888063
888080
888168
888216
888624
888691
888757
888775
889093
889272
889353
889368
889407
889490
889507
889555
889611
889850
889855
889881
889923
889925
889947
889963
889970
890008
890372
890563
890578
891163
891322
891401
891546
891579
891773
891839
891878
891971
892090
892194
892324
892460
892721
892804
892805
892887
892913
892920
892990
893080
893192
893270
893305
893364
893416
893475
893857
894042
894078
894442
894524
894576
894618
894637
894662
894858
894901
895275
895277
895300
895389
895411
895519
895644
895670
895711
895717
895739
895954
896039
896114
896146
896183
896203
896282
896305
896457
896573
896660
896717
896791
896942
897097
897967
898003
898403
898465
898536
898570
898579
898594
898681
898707
898748
898920
898970
898987
899005
899526
899538
899587
899620
899645
899838
899873
899918
899956
899999
900483
900553
900689
900705
900965
901003
901054
901145
901162
901267
901494
901518
901520
901613
901702
901731
901734
901754
901824
901873
901929
901958
902139
902434
902538
902905
902939
903041
903073
903083
903217
903352
903467
903469
903492
903545
903765
903798
904126
904279
904381
904396
904485
904574
904699
904714
904718
904822
904944
905068
905160
905228
905275
905288
905372
905522
905523
905664
905668
905766
905868
905949
906002
906213
906322
906666
906769
906789
906839
906890
906910
907033
907237
907572
907601
907631
907678
907729
907900
907921
907964
908131
908192
908262
908568
908642
908704
908756
908897
908969
909078
909260
909276
909341
909364
909397
909422
909629
909671
909751
909767
909873
910037
910053
910217
910232
910238
910496
910665
910761
910824
911153
911268
911310
911416
911441
911454
911483
911507
911622
911649
911719
911747
911911
911926
911977
912098
912125
912256
912272
912499
912820
912828
912861
912964
913006
913021
913192
913196
913322
913334
913594
913622
913643
913813
913887
913936
914057
914144
914202
914225
914226
914227
914290
914345
914439
914557
914558
914572
914666
914685
914697
914720
914816
914952
915139
915187
915190
915198
915233
915681
915894
916228
916248
916448
916546
916574
916575
916672
916797
916804
916848
916928
917077
917122
917156
917254
917390
917455
917520
917537
917628
917631
917786
918041
918053
918100
918148
918226
918232
918381
918513
918518
918941
918956
918963
919035
919039
919106
919133
919250
919253
919278
919359
919407
919493
919567
919641
919907
919977
920003
920222
920253
920494
920647
920693
920756
921022
921319
921320
921357
921406
921538
921801
921839
922175
922205
922238
922734
922758
922892
923027
923066
923079
923104
923111
923275
923434
923469
923572
923856
923960
923963
924066
924118
924242
924347
924373
924376
924423
924929
925053
925178
925230
925233
925816
925832
925883
926016
926047
926148
926438
926487
926498
926552
926566
926611
926675
926935
927239
927248
927272
927379
927393
927624
927788
927793
927807
927906
928031
928277
928403
928526
928535
928634
929149
929153
929280
929287
929326
929434
929535
929553
929588
929653
929716
929828
929935
930055
930096
930130
930484
930614
930706
930759
930895
930901
930984
931144
931319
931433
931499
931682
931751
931820
931924
932211
932320
932361
932449
932502
932615
932679
932838
932922
932942
932952
933032
933378
933437
933467
933542
933586
933647
933724
933772
933776
933825
934079
934156
934247
934293
934407
934465
934549
934721
934890
934898
934900
934919
935010
935111
935116
935244
935310
935353
935379
935725
935827
936123
936148
936178
936278
936606
936782
936856
936882
936985
937067
937450
937466
937587
937692
937710
937923
938295
938311
938382
938659
938764
938827
938829
938845
938874
938916
938918
939249
939381
939743
939878
940034
940108
940154
940181
940255
940286
940500
940515
940584
940751
940896
940905
940972
941010
941098
941174
941289
941294
941378
941390
941570
941581
941648
941850
941982
942141
942244
942478
942594
942606
942659
942680
942701
942799
942823
942840
942969
943357
943413
943418
943426
943466
943658
943678
943680
943704
943809
943919
943991
944089
944094
944122
944258
944393
944660
944694
944749
944819
944869
944977
945117
945148
945167
945254
945259
945557
945578
945582
945774
945919
946215
946283
946336
946394
946408
946488
946610
946792
947228
947262
947263
947334
947340
947393
947512
947550
947731
947983
947994
948112
948148
948345
948396
948594
948598
948618
948737
948814
948977
949124
949128
949146
949271
949379
949615
949622
949709
949712
949726
949989
950174
950219
950382
950398
950553
950568
950646
950739
950783
950872
950938
951060
951289
951329
951371
951776
951964
951986
952018
952238
952412
952460
952511
952553
952750
952912
952940
953107
953230
953304
953359
953703
954067
954180
954458
954595
954657
954865
955050
955120
955155
955296
955375
955606
955766
955915
955984
956033
956091
956274
956285
956321
956322
956336
956430
956614
956690
956692
956815
957066
957087
957225
957289
957532
957649
957684
957703
957747
957811
958165
958450
958527
958665
958828
958852
958904
959269
959279
959620
959669
959716
959891
959935
960315
960397
960437
960447
960468
960483
960497
960594
960639
960750
960892
961012
961035
961193
961397
961546
961549
962014
962077
962086
962299
962431
962562
962667
962820
962891
962901
962953
963130
963483
963590
963599
963701
963880
963893
964062
964130
964434
964458
964551
964892
964959
965158
965201
965241
965261
965289
965359
965361
965450
965480
965539
965671
965685
965691
965700
965782
965953
965978
966009
966031
966076
966105
966275
966394
966486
966904
966989
966995
967065
967284
967321
967511
967631
967634
967822
967923
968070
968091
968125
968376
968435
968454
968504
968551
968745
968887
968937
968972
969121
969201
969327
969357
969660
969672
969685
969954
970000
970007
970204
970332
970432
970444
970453
970610
970625
970724
970890
971085
971116
971149
971196
971580
971649
971899
972064
972145
972241
972334
972340
972408
972492
972662
972824
972848
972893
972906
973052
973100
973142
973240
973295
973297
973304
973322
973348
973435
973462
973465
973512
973656
973723
973737
973745
973842
973885
973925
974006
974096
974199
974493
974588
974669
974707
974767
974815
974848
974873
974959
975049
975335
975352
975394
975646
975658
975701
975727
975731
975925
975930
975968
976038
976093
976148
976177
976181
976247
976342
976500
976587
976649
976736
976785
977024
977043
977264
977487
977537
977568
977598
977613
977854
977915
977994
978071
978105
978200
978259
978299
978313
978511
978654
978763
978825
978924
978982
979036
979101
979439
979557
979722
979753
979783
979911
980013
980106
980145
980300
980326
980478
980592
980874
981039
981238
981351
981362
981759
982008
982032
982074
982173
982255
982285
982332
982345
982419
982587
982664
982701
982851
982988
983070
983319
983330
983734
983765
983934
983939
984000
984002
984135
984157
984178
984185
984206
984532
984564
984572
984588
984631
984821
984953
985034
985041
985097
985126
985277
985292
985334
985357
985424
985461
985480
985998
986030
986083
986195
986212
986346
986471
986665
986683
986935
987006
987060
987106
987179
987180
987207
987300
987399
987473
987501
987520
987621
987645
987772
987784
987897
987944
988001
988041
988046
988226
988290
988551
988623
988757
988925
989076
989085
989356
989364
989389
989607
989717
989766
989913
989924
990038
990068
990095
990159
990191
990212
990334
990341
990458
990484
990498
990519
990741
990765
990818
991159
991216
991275
991304
991323
991327
991366
991377
991435
991471
991746
991821
991887
991911
991942
991947
991973
991997
992135
992141
992271
992365
992527
992611
992624
992828
992885
992892
992905
992982
992995
993060
993066
993170
993585
993622
993905
993986
994012
994107
994155
994264
994401
994428
994629
994986
995105
995194
995490
995502
995653
995716
995799
995811
995877
995911
995936
996044
996276
996298
996326
996337
996427
996579
996625
996647
996740
996856
997039
997083
997140
997329
997510
997640
997753
998284
998342
998403
998405
998429
998499
998543
998580
998602
998644
998873
999070
999409
999475
999629
999885
999965
