848
1006
3586
3751
4713
4784
5841
8076
9471
11351
12423
12916
13386
14501
14779
15030
15680
17328
19834
20102
21029
22312
23274
23804
24012
24060
25283
25471
25611
25683
26818
27076
27236
27732
29974
30219
30329
30684
31617
31841
32245
32690
33830
34549
34890
35689
36886
37047
37912
39456
39749
41830
44021
45806
46844
48093
48170
48275
48277
48999
51705
52422
52673
53077
53100
53399
55027
55444
57552
58582
59009
63720
69110
70903
73100
73853
74992
78672
78759
79511
80893
81757
82368
82619
83521
84181
86972
87188
87604
87983
90275
90666
91218
92009
92426
94054
95215
95363
95989
97260
98092
99087
99229
101351
101432
102419
102671
105334
105673
107278
107733
108733
109100
109571
112370
113257
113342
118784
119743
120708
120929
122093
124163
126049
128691
130643
130704
131011
131298
131836
133242
136364
137529
137767
138191
138567
140333
142205
142381
143116
143841
144276
144930
146079
146461
148069
148548
148760
150252
150969
151446
153091
153415
154265
156100
156322
157049
157100
158636
160462
161525
165429
165590
166755
168111
168810
169945
170279
170762
171743
173595
173783
174569
176799
177403
177925
179311
180088
180678
182852
185063
188874
189116
190217
190828
192231
192948
193657
194214
194698
195888
196612
196882
197633
198033
198790
198896
199193
202308
204294
204562
204598
206825
207494
207621
208933
208963
210412
212925
214672
214689
216379
217423
217663
220216
220490
220893
223466
224122
224591
226109
227992
228528
229628
231424
231523
231524
232478
232709
232963
236025
237567
239978
240443
240729
243792
244261
244346
244625
247721
248893
250018
250133
251745
251939
259423
259743
263428
263736
265222
265406
265823
266181
266503
267963
269812
272544
273493
273858
274634
275234
276958
277916
278342
278769
279011
279744
280843
283486
283747
284002
284196
284717
284875
289172
290446
292061
292853
295290
298534
300134
300474
300614
300772
301064
302002
306183
307003
308217
308575
310677
312164
314183
314431
316040
316220
317171
322598
327985
329271
331533
332176
333695
335730
336288
336360
337180
337232
340383
341122
341573
341943
342303
342778
343093
344328
344997
346764
352881
353085
353301
356438
356873
358074
359154
361376
361427
361975
363355
363956
364965
366422
367208
367976
368347
369092
369797
371100
372794
373338
373423
374693
375518
375879
376673
376892
376974
380266
383247
383602
386512
387496
389065
389274
390582
393964
396006
396590
397181
397480
400947
401821
402667
406070
407453
408124
409270
412386
413178
413491
415418
417350
417477
418581
418808
419607
421828
422620
422844
423901
424819
426722
426743
428057
428529
429467
430005
431165
431309
431771
432323
433281
433696
434159
434676
437365
438701
440095
440591
441519
442082
443123
444264
444370
444737
444991
446199
446226
448733
449455
449934
450540
452416
452624
454976
456406
456822
457047
457189
457508
458971
459095
459169
459263
462650
463640
463663
464467
464651
464943
465527
466578
466681
466682
466731
469102
469199
470494
470637
472116
472860
473546
473801
474270
477798
478213
480366
481056
481578
482248
483800
486225
486965
491144
491196
491690
492041
492751
496113
497329
497557
498371
498775
499449
502118
505810
506657
508222
508291
508802
509591
514783
516042
516707
516730
517104
519074
519317
520393
521158
521313
521416
521880
522522
522660
524419
525974
526223
530850
531980
532075
532100
533438
534408
535223
536324
538221
539080
540204
542864
543379
543573
546830
548612
548719
549710
552449
553785
553967
554206
554564
554592
555543
556862
557491
557993
558497
558831
560255
560703
560764
561193
561547
564054
565025
565072
569130
569539
570595
570946
571427
571916
573823
573899
576048
576890
577129
578021
578876
581416
581593
581789
585704
586945
588762
589710
589805
590615
590954
592100
592809
593171
594051
594656
595696
596198
596626
596871
596888
598121
599282
600457
601095
601839
602206
602254
602480
603739
604290
605432
605875
607052
609288
610080
611148
611315
611519
611620
611974
612229
613459
615169
616915
616978
618627
619491
620372
621173
623420
623627
625063
626749
626938
626947
627488
628973
630521
632488
633529
634152
636333
637473
638991
640542
641711
643049
643468
643657
644604
645946
646393
648822
649240
649270
649550
650381
651039
651112
651594
652988
653143
653411
654869
656607
656888
659387
659543
662686
663671
664193
664390
666625
667118
667911
668334
669435
671765
672363
672692
675569
675819
677546
677588
678816
678995
680546
681225
681821
682907
683502
687032
687148
688029
689991
690049
690227
690910
691157
691319
691738
693196
693622
693744
694873
697008
697457
698029
698115
698154
700965
701343
702039
702865
705226
705569
705834
706102
709523
710351
711096
711664
712085
713943
714019
714178
715840
717143
717461
717741
717970
718678
721846
723287
723511
724078
726098
726190
727886
728779
729183
731285
731976
732289
732362
732755
732759
733467
734728
736114
736557
736673
737605
739366
740712
741261
741931
742225
742530
743130
744514
744582
745851
746799
747381
747686
748084
748525
750278
751090
751222
751476
752334
753936
754258
754620
754792
755462
757001
758569
759346
760578
761505
763045
766308
770451
772319
775809
776514
776559
776978
778957
782962
785791
786323
789455
790449
790546
790876
791321
792000
792540
793617
793967
794712
795324
795641
797549
798276
798322
798471
799129
799183
801924
804809
804864
807034
807272
808156
811172
811601
811695
812306
812688
813486
815170
815804
815869
816335
817645
817885
818865
820556
821079
821816
822081
824474
825279
825884
825999
826052
826752
827391
828475
828882
830515
832327
833269
834293
836355
838479
839101
840220
842918
846377
847106
847409
847830
848035
848587
850188
851617
851779
852638
853233
853719
854441
855373
855646
855776
856785
857290
858944
859405
859441
859641
859645
859722
860580
861316
861647
861752
863868
869006
869732
870203
871175
871697
872214
872300
872968
873019
874572
874966
875953
876024
876149
876362
876496
877813
878089
878228
878386
878792
878880
881238
881818
882244
882876
882984
883294
884554
886037
887486
887994
889272
889947
891401
891773
891878
891971
892324
893475
894576
895717
896573
896717
896942
901929
902939
903217
903798
905160
905228
905372
905668
908642
909078
909397
911153
911719
912098
912499
913622
914227
915139
917254
917786
918381
919133
919359
920756
925230
926935
927393
927793
928634
931319
931682
932211
934079
934156
934293
935010
936148
936882
938311
938918
941570
941982
942799
942840
942969
943466
943678
944694
944977
945259
947262
947512
947550
949379
950174
951776
953304
955984
959279
959620
960594
960892
962431
965359
965782
966076
968972
970625
970724
970890
972340
972492
972662
973842
974588
975658
975701
976500
977264
977854
977915
978071
979439
979911
980326
981351
982332
982988
983319
984532
984564
985357
985998
987520
987944
988001
988623
990484
990818
991159
991323
991947
991973
993060
993170
993585
994264
994401
995653
995716
996326
998543
999885
