232
468
2186
6009
7308
7612
11515
11833
12051
13705
13815
14706
14736
16066
16086
16891
18136
18170
20613
21190
25082
25995
26300
29293
29616
29815
30574
31703
33753
34594
34989
37030
38350
39088
39672
41493
41601
42398
44978
46040
46201
46287
47191
47206
48122
48776
48823
49718
50382
51703
51870
53005
53853
54335
55014
56529
57001
57250
58242
58792
59754
60069
60305
61036
61399
61535
61954
66130
66471
69048
70704
70945
72662
72782
75466
78352
79037
80194
80459
80936
81313
82706
83464
83593
83835
85084
85345
85552
87570
89261
90741
91681
91986
92585
93216
95343
95933
96090
97596
98439
99355
100376
100763
101210
101836
102983
104058
105040
105664
106300
107495
108691
111411
112630
113041
114250
115037
115847
116200
117503
119627
120007
120792
120885
121374
122230
124343
125202
127075
127655
129451
131000
132558
134772
134874
134931
135796
140582
141344
142272
144355
144563
144620
145045
145532
145957
146221
150405
150884
152194
152390
158300
158312
159510
159830
161261
161307
161547
164103
165811
166732
166885
167069
168033
168357
170068
170155
170979
172855
173509
173730
174048
175751
176908
177535
178602
179171
180099
180202
181045
182171
183102
183395
183564
184106
184200
184473
185499
185834
188382
188700
190261
190726
192224
193601
193830
194736
194914
196962
197405
197406
198232
200581
200963
201132
201367
203455
204364
205476
205795
206515
207653
208871
208890
212755
213591
214240
215807
216611
220590
221443
223895
224973
225743
227292
228444
228602
228993
229682
230280
230300
230468
230676
232093
232227
232924
233495
233599
235072
235103
235183
236461
238237
238489
239183
241905
244697
245597
246069
256050
256638
257112
257412
258111
258308
259047
259620
259656
260842
261586
262408
265902
268186
268823
269284
269859
270606
270783
270915
271571
273652
274020
274567
277354
278106
278357
278393
278825
278980
282146
282583
282626
283107
283542
286100
287728
288403
288526
289060
289819
290635
292296
294720
295426
296216
298090
298502
299432
299807
300051
300075
300453
301308
301450
305147
307459
307649
308429
308542
308897
309314
309759
310202
310818
311110
312844
315403
315407
315787
316296
318757
318803
319802
320094
322483
323497
325823
326579
328057
328837
329060
329989
330004
333895
333977
336533
337653
338731
339264
339905
340403
342056
343372
345921
346937
348029
349481
350395
352740
353410
355376
356186
356347
356484
356567
356948
357418
358025
358756
360856
361048
361750
361762
366736
367802
367961
368719
369304
370296
371378
375038
380714
381829
382681
383003
383412
383879
384258
384931
388016
389193
390188
390845
390974
391539
391564
393142
393625
394858
395036
395200
396356
397132
397956
398056
399409
399517
400774
401531
402086
403087
403313
405178
407180
407625
407785
408179
408429
410363
410372
410924
410926
411169
412063
412866
413027
413343
415606
416651
419793
420438
422816
422836
423536
423872
424329
426057
427029
429860
430246
430495
430895
430973
433886
436094
438456
439051
439055
440891
441194
441320
443519
443943
444025
445396
445691
445763
446014
447327
447787
448470
449447
450141
453320
453432
453542
454188
454924
455135
456121
456335
457496
457806
458519
459483
460840
461689
463211
464697
464739
465641
465803
466090
466250
468767
471020
473751
474527
474698
474842
475981
475997
476114
479650
484022
485421
485838
488018
488107
490005
490270
490426
490455
490807
491406
497741
498542
500707
502394
502458
504139
504179
504856
504879
504936
505672
506356
507413
507724
509154
509674
511605
511712
512257
512451
513761
515666
516913
517679
517938
518806
520113
520377
522521
522910
522949
523756
524425
524752
525826
526713
526824
528923
529336
529832
529848
532297
532588
532759
532958
534637
535719
535940
537018
537330
541411
541899
542690
543045
544121
544748
545178
546665
548047
549088
551799
553734
555447
556506
558599
559856
560081
560920
561747
561818
562265
562633
565917
565947
567441
567695
569958
571225
572472
572767
573409
573685
573756
574246
575349
575439
575776
575997
579484
581937
582453
582551
584106
585389
585994
587567
588327
589828
591664
592847
595990
596858
597263
598861
600045
601930
604301
604406
606302
608524
610162
610242
610950
613486
614123
615533
615844
616851
617498
617538
617672
617931
620057
620549
621003
622247
622542
622626
624158
626017
627152
628284
629486
630714
632440
634860
636264
638395
639364
645244
645449
645510
646665
646774
648193
651262
653544
654561
656570
657831
658716
658827
661137
663150
663487
665245
665463
666119
667857
667999
668989
670293
671586
671945
675901
677207
677364
678623
680539
680562
681496
681660
681669
681824
682428
683169
688929
688991
689066
689396
691069
692009
692906
693176
693222
693637
695728
696920
696965
697535
697664
698771
699627
699934
701981
702763
703088
703596
710673
711451
712401
712674
713949
714229
716088
716735
717584
717614
718160
718748
720091
721643
721747
722187
722510
722767
722924
723302
723661
724256
725579
726767
726868
727242
728417
729593
729682
730151
731238
731450
732044
732776
732973
733015
733759
734763
735666
735783
736257
740213
740238
740471
742855
744381
745195
745251
746536
748319
748691
749582
749791
750066
750856
752790
753341
753375
754206
754303
755766
757536
759432
760292
760630
760993
761115
761183
763347
763544
763968
764518
764900
765801
767356
768967
771245
771494
771550
771556
773635
774671
775952
776474
776556
776721
776936
779768
780987
781952
782938
784264
785522
785830
787400
787708
789663
789735
790465
790737
790948
791157
791426
792799
794381
795574
795722
796752
799888
800687
800938
801191
801632
802120
802367
802736
803316
803921
804507
804859
805250
805581
805731
807680
807741
808504
809704
810705
810712
811186
811419
812251
812550
812948
815172
815306
815740
816985
819294
823719
824141
824503
825338
827833
828159
829513
831685
831893
832591
833525
833750
835412
835537
837630
838754
842609
843585
843837
844431
845343
845692
845967
846359
846840
849321
849420
850588
852440
854150
854553
854979
856533
856975
858014
858201
858564
861185
861918
862947
863115
863908
866572
866707
870143
870600
871604
872352
872685
873268
875494
876166
877575
877578
878101
881719
881871
881995
882655
882792
883361
884385
885019
885176
886516
887488
890578
891163
892090
892920
892990
893416
896039
899838
901734
903352
903469
905868
906002
906322
906769
906890
907729
909260
909341
911977
914685
914697
915187
916228
916248
917156
917390
917537
918148
918941
919035
919641
919977
920253
920693
921801
922758
923572
923856
924376
926498
927788
929280
929287
929588
930055
930901
931433
933825
934247
934407
934721
937587
939249
940286
940751
943418
944749
945578
946336
947393
949128
950219
951289
951371
952460
953703
955120
955375
955915
958165
958904
959935
964551
965978
967822
967923
971580
971899
973297
973348
973723
974096
974815
981362
981759
982345
983939
985480
986683
987179
989364
990341
991746
993622
993905
996337
996625
997039
998284
998405
999965
