30
35
44
87
127
158
291
355
414
450
461
556
564
592
804
871
879
1016
1027
1046
1047
1200
1202
1417
1468
1609
1725
1847
1868
1987
2181
2266
2271
2316
2318
2362
2561
2684
2721
2796
2877
2913
2966
3018
3096
3119
3188
3231
3361
3556
3585
3829
4067
4118
4139
4471
4480
4722
4750
4912
4913
5074
5114
5126
5155
5511
5597
5627
5639
5701
5873
5880
5976
5984
6079
6096
6103
6232
6247
6308
6360
6434
6469
6707
6715
6790
6801
6939
6968
7040
7122
7154
7196
7261
7381
7492
7548
7555
7560
7586
7628
7709
7916
8075
8108
8274
8353
8383
8424
8558
9163
9219
9276
9376
9571
9632
9702
9711
9753
9769
10023
10107
10116
10179
10184
10588
10949
10969
11071
11147
11166
11365
11377
11423
11463
11501
11507
11511
11595
11723
11790
11822
11981
12026
12120
12142
12546
12580
12713
13062
13105
13211
13243
13365
13522
13589
13609
13619
13748
13911
13933
13964
14007
14079
14164
14238
14291
14354
14485
14950
14961
15006
15018
15086
15146
15172
15190
15259
15273
15293
15678
15703
15967
16045
16125
16326
16374
16870
16881
16898
16942
17044
17053
17208
17302
17386
17388
17534
17619
17646
17723
17732
17864
17901
17909
17913
17925
18023
18032
18140
18273
18345
18428
18504
18620
18715
18846
18905
18985
19134
19190
19316
19401
19515
19595
19640
19707
19755
19766
19893
20032
20041
20115
20281
20284
20339
20528
20579
20722
20779
20862
20939
20983
20986
21136
21239
21468
21482
21559
21662
21863
21911
21922
22095
22174
22587
22621
22772
22796
22834
22839
23070
23215
23259
23332
23359
23496
23745
23832
23919
24011
24269
24270
24418
24433
24443
24632
24741
24779
24798
25054
25113
25181
25203
25228
25267
25276
25311
25365
25499
25775
25877
25978
25980
26178
26265
26548
26556
26641
26671
26713
26744
26828
27018
27192
27203
27346
27532
27636
27657
27919
27935
28028
28040
28146
28240
28294
28472
28648
28702
28742
28854
29015
29031
29234
29352
29438
29569
29683
30064
30150
30298
30348
30435
30682
30810
30875
30893
30925
31016
31060
31177
31237
31306
31335
31477
31638
31823
31842
31864
31979
32436
32444
32622
32906
32983
32996
33082
33133
33141
33148
33239
33315
33476
33557
33601
33637
33809
33974
34036
34044
34082
34090
34152
34437
34553
34559
34569
34708
34838
34841
34884
34995
35148
35164
35193
35259
35337
35607
35773
35871
36015
36058
36073
36227
36287
36360
36561
36781
36786
36793
36849
36922
36999
37027
37235
37364
37395
37439
37478
37489
37557
37633
37795
37827
38012
38180
38233
38262
38410
38510
38586
38603
38614
38654
38757
38857
39012
39024
39211
39247
39276
39418
39493
39612
39683
39709
39918
39985
40018
40426
40544
40602
40643
40732
40947
41005
41054
41155
41235
41298
41385
41528
41534
41614
41737
41777
41807
41970
42002
42073
42170
42492
42611
42779
43138
43412
43677
43845
43926
44044
44128
44215
44280
44386
44387
44681
44736
44855
44871
45084
45136
45511
45734
45747
45926
45958
46828
47005
47095
47239
47294
47324
47691
47901
47922
48020
48448
48466
48497
48659
48816
48879
48898
48941
48955
49065
49362
49381
49422
49458
49529
49633
49972
50188
50209
50283
50383
50432
50453
50552
50572
50835
50979
51106
51272
51361
51425
51441
51462
51487
51565
51654
51657
51734
51772
51843
51978
52084
52117
52173
52266
52328
52430
52605
52652
52735
52751
52782
52883
52897
53006
53061
53281
53369
53372
53405
53494
53738
53757
53838
53849
53953
54042
54144
54373
54381
54494
54521
54635
54644
54684
54687
54730
54902
54936
55213
55823
55842
55907
55937
55964
56092
56147
56198
56413
56456
56544
56951
56992
57022
57141
57176
57237
57284
57394
57545
57903
57919
57946
57973
58022
58324
58388
58392
58417
58517
58655
58668
58739
58886
58896
58931
58940
58978
58980
59065
59165
59278
59462
59463
59574
59592
59874
59936
60045
60072
60208
60241
60550
60703
60813
61034
61057
61075
61267
61310
61340
61342
61428
61532
61609
61623
61650
61800
61930
61960
61974
62095
62110
62261
62274
62323
62376
62467
62548
62578
62646
62733
62792
62813
62822
62831
63013
63019
63067
63187
63201
63206
63280
63448
63606
63630
63673
63986
64071
64082
64093
64166
64307
64500
64670
64684
64712
64790
64867
64903
65329
65338
65491
65544
65554
66072
66102
66123
66289
66314
66387
66432
66622
66745
66795
66800
67143
67167
67213
67232
67241
67332
67477
67490
67705
67822
67860
67868
67972
68168
68202
68224
68474
68504
68569
68813
68884
68987
69006
69063
69285
69429
69509
69748
69832
69926
70108
70201
70285
70308
70351
70370
70413
70557
70907
71048
71307
71947
71979
72054
72275
72349
72350
72396
72571
72588
72906
72907
73078
73298
73460
73618
73811
73907
73941
73995
74037
74169
74233
74235
74375
74377
74387
74576
74582
74595
74772
74820
74852
74974
75095
75260
75314
75342
75361
75444
75448
75450
75476
75536
75625
75857
76080
76201
76220
76247
76314
76499
76503
76542
76656
76744
77155
77224
77441
77926
78015
78024
78038
78056
78078
78099
78182
78194
78198
78240
78289
78374
78422
78479
78635
78643
78830
79172
79540
79566
79601
79797
80317
80323
80465
80574
80603
80616
80761
81037
81038
81155
81233
81288
81377
81390
81723
81778
81779
81834
81850
81982
82067
82083
82113
82134
82161
82416
82689
82838
82930
83212
83417
83482
83935
83954
84050
84344
84462
84606
84634
84973
85029
85104
85268
85307
85486
85525
85545
85676
85813
85864
85884
85913
85916
86059
86081
86559
86972
86994
87038
87095
87246
87457
87500
87517
87582
87616
87932
88066
88096
88155
88281
88299
88435
88527
88535
88613
88639
88872
89077
89228
89240
89313
89402
89661
89670
89835
89863
89869
90097
90386
90881
90901
90986
91111
91210
91563
91686
91725
91869
91992
92002
92077
92104
92127
92170
92219
92287
92298
92328
92579
92580
92611
92678
92750
92779
92837
92944
92990
93114
93296
93588
93631
93643
93681
93735
93847
94511
94575
94590
94695
94739
94767
94786
94802
94862
94915
95069
95097
95103
95362
95375
95809
95857
95910
95938
95949
96299
96308
96331
96445
96534
96656
96705
96734
96808
96855
97083
97197
97342
97362
97493
97647
97905
97922
97988
97991
98116
98361
98393
98407
98480
98493
98531
98560
98631
98757
98783
98926
98979
99256
99351
99576
99994
100202
100212
100292
100308
100326
100424
100503
100515
100544
100571
100593
100612
100873
101071
101141
101249
101256
101361
102022
102262
102301
102345
102354
102372
102394
102470
102700
102807
102810
102854
102880
103230
103275
103592
103635
103705
103852
104025
104143
104230
104280
104475
104520
104907
104912
104929
104971
105098
105175
105225
105311
105314
105315
105753
105758
105984
106170
106218
106386
106390
106546
106564
106930
107116
107130
107407
107517
107603
107647
107753
108001
108063
108095
108205
108255
108307
108390
108646
108837
108872
108893
108911
109211
109445
109536
109575
109721
109787
109885
110100
110122
110363
110585
110594
110607
110677
110840
110919
111068
111162
111208
111271
111299
111363
111416
111536
111842
111867
111890
111891
111974
111976
111986
112069
112087
112411
112583
112710
112989
113269
113358
113459
113548
113709
113716
113866
113900
113912
113975
113996
114192
114423
114532
114744
114796
114797
114976
115094
115237
115252
115315
115529
115545
115664
115677
115739
115836
115871
115914
116000
116108
116181
116185
116190
116323
116351
116405
116440
116456
116458
116476
116916
116919
116960
117120
117133
117169
117183
117224
117271
117365
117516
117777
117962
118008
118048
118134
118144
118227
118276
118540
118550
118706
118782
118990
118996
118999
119152
119234
119351
119515
119618
119689
119710
119875
120104
120130
120292
120408
120469
120512
120647
120684
120903
121142
121226
121381
121420
121482
121556
121739
121832
121937
121982
122038
122093
122256
122472
122528
122559
122575
122613
122646
122842
123101
123144
123215
123472
123530
123623
123846
123903
124012
124170
124202
124219
124373
124629
124635
124846
124967
125185
125205
125232
125590
125952
126326
126339
126791
126798
126902
126928
127029
127082
127164
127169
127194
127224
127258
127635
127743
127799
127811
127991
128054
128121
128512
128528
128541
128684
128833
129050
129052
129468
129494
129765
129817
129842
129850
129996
130032
130038
130139
130274
130334
130354
130514
130684
130819
131099
131198
131369
131461
131570
131605
131624
131989
132172
132198
132285
132294
132348
132444
132447
133303
133412
133573
133601
133603
133628
133631
133646
134167
134179
134264
134363
134388
134497
134627
134638
134725
134738
134766
134964
135557
135594
135779
135790
136264
136267
136303
136338
136523
136558
136733
136736
136805
136834
136906
136949
137095
137195
137335
137428
137498
137508
137562
137671
137910
138063
138100
138134
138142
138169
138184
138189
138370
138568
138629
138782
138798
138894
138953
138966
139134
139462
139520
139617
139621
139644
139645
139690
139704
139749
139768
139788
139873
140011
140080
140092
140113
140241
140256
140579
140687
140708
140755
140957
141028
141077
141139
141414
142007
142258
142381
142529
142824
142933
143024
143595
143596
143624
143674
143763
143835
143848
144031
144368
144567
144577
144638
144644
144656
144745
144897
145067
145089
145186
145283
145351
145425
145432
145464
145522
145531
145545
145587
145807
145819
145897
145934
145941
146019
146057
146067
146090
146095
146252
146262
146348
146358
146467
146488
146495
146563
146618
146626
147054
147330
147402
147440
147555
147729
147753
147797
147938
148063
148098
148182
148304
148413
148538
148582
148657
148788
148810
148824
148901
149076
149142
149154
149184
149213
149242
149298
149311
149327
149343
149533
149591
149642
149736
149782
149796
149893
149995
150001
150197
150594
150601
150629
150637
150672
150704
150763
150922
151089
151134
151378
151381
151427
151435
151470
151659
151679
151681
151724
151732
151773
151894
151907
151949
152044
152272
152370
152455
152492
152564
152573
152601
152651
152686
152866
153046
153076
153077
153158
153356
153676
154077
154169
154220
154302
154429
154694
154947
154955
155122
155139
155208
155330
155358
155481
155510
155624
155907
155920
155955
155971
155989
156082
156200
156248
156279
156618
156632
156801
156810
156903
156945
157011
157120
157123
157129
157138
157208
157241
157452
157614
157631
157640
157668
157915
158077
158133
158142
158260
158350
158575
158686
158694
158857
158861
159028
159035
159169
159176
159275
159285
159614
159756
159812
159897
160009
160136
160156
160205
160328
160342
160364
160378
160499
160718
160840
161019
161053
161056
161059
161121
161124
161234
161394
161489
161536
161681
161892
162057
162129
162142
162261
162345
162515
162562
162723
162839
162857
162862
162989
163141
163410
163953
164055
164080
164088
164147
164227
164305
164315
164385
164466
164518
164570
164652
164736
165105
165160
165284
165666
165826
165863
166040
166062
166239
166260
166327
166329
166366
166415
166513
166559
166587
166670
166988
167021
167648
167684
167725
167843
167945
168629
168700
168800
168850
169018
169124
169248
169277
169423
169445
169458
169919
169955
170200
170265
170421
170488
170646
170655
170704
170709
170730
170840
170912
171039
171237
171336
171381
171395
171510
171793
171878
171933
172049
172315
172388
172498
172596
172657
172764
172791
172834
172944
173071
173517
173591
173621
173644
173680
173704
173708
173723
173852
173876
174265
174310
174333
174391
174460
174507
174910
174915
174939
174979
175131
175245
175278
175404
175423
175499
175604
175792
175901
175902
175951
175999
176139
176199
176304
176344
176739
176806
177067
177173
177354
177457
177756
177851
177856
177980
178145
178227
178283
178293
178335
178385
178390
178488
178639
178781
178825
178833
178879
179029
179111
179297
179405
179509
179526
179679
179736
179770
179813
180048
180079
180160
180161
180183
180362
180427
180674
180703
180752
180828
180954
180997
181059
181095
181102
181172
181306
181515
181530
181607
181619
181746
181787
181841
182298
182386
182441
182490
182568
182581
182613
182678
182788
182886
182946
183012
183298
183423
183431
183786
183830
183910
184087
184389
184402
184491
184513
184631
184640
184706
184862
184942
185018
185048
185103
185133
185158
185248
185401
185442
185648
185665
185732
185863
185882
185985
185986
186118
186198
186200
186275
186314
186580
186733
186910
187017
187043
187143
187151
187470
187501
187637
187916
188031
188231
188344
188490
188618
188626
188707
188845
189064
189087
189137
189211
189239
189347
189457
189624
189636
189642
189648
189799
189815
189903
189905
190128
190265
190285
190423
190461
190597
190836
190872
190911
191364
191417
191466
191516
191538
191541
191552
191600
191711
191915
191939
192106
192258
192371
192586
192626
192631
192831
193594
193637
193682
193708
193710
193730
193872
194004
194005
194036
194053
194329
194427
194553
194758
194846
194925
195096
195310
195617
195675
195995
196241
196243
196405
196500
196552
196560
196629
196720
196764
196766
196813
196940
197041
197132
197422
197451
197635
197792
197830
197880
197882
197911
197930
198188
198250
198280
198378
198482
198682
198714
198728
198968
198987
199013
199169
199300
199592
199709
199785
199845
200076
200209
200322
200369
200370
200375
200545
200668
200677
200860
201003
201074
201103
201104
201170
201223
201300
201640
201660
201667
201696
201855
201870
201991
202041
202136
202186
202510
202535
203071
203081
203264
203274
203633
203637
203726
203778
203914
204186
204215
204339
204405
204412
204497
204567
204649
204660
204714
204787
204985
205152
205186
205251
205430
205474
205562
205602
205838
206017
206099
206183
206302
206469
206532
206718
206769
206853
206860
206871
206968
207039
207061
207149
207174
207193
207317
207344
207373
207405
207413
207527
207665
207849
207877
208054
208100
208109
208352
208386
208408
208772
208936
208956
209057
209215
209291
209304
209341
209493
209572
209598
209830
209944
210010
210045
210373
210389
210612
210650
210790
210848
211099
211324
211602
211606
211612
211670
211769
211934
212035
212149
212168
212211
212225
212284
212609
212617
212668
212938
213192
213349
213379
213405
213412
213471
213475
213484
213568
213616
213643
213784
214315
214536
214547
214729
214760
214905
214920
215080
215111
215166
215225
215252
215274
215281
215837
216007
216170
216517
216602
216609
216633
216659
216772
217041
217087
217094
217178
217207
217235
217444
217557
217636
217804
217911
218038
218142
218248
218301
218316
218371
218486
218540
218549
218620
218870
218881
218908
219103
219294
219438
219455
219640
219668
219698
219760
219771
219837
219879
220030
220250
220296
220542
220575
220633
220811
220854
220908
220985
220994
221055
221515
221555
221571
221596
221732
221760
221794
221850
222108
222112
222133
222248
222276
222705
222714
222724
223170
223393
223487
223507
223614
223661
223708
223718
223719
223720
223992
224052
224126
224224
224613
224628
224701
224717
224896
225119
225136
225143
225160
225335
225407
225473
225489
225616
225654
225664
225666
225688
225693
225709
225755
225829
225920
226129
226151
226264
226365
226401
226432
226755
226795
226821
226871
226937
227018
227159
227280
227297
227314
227421
227496
227597
227639
227843
227969
228031
228046
228354
228445
228672
228760
228786
228837
228839
229152
229168
229216
229291
229550
229578
229607
229703
230211
230212
230229
230294
230378
230453
230588
230665
230792
230806
230813
231035
231143
231308
231547
231580
231619
231699
231765
231810
231916
231919
232034
232133
232167
232479
232490
232502
232560
232563
232625
232648
232680
232870
232954
233076
233236
233266
233335
233392
233566
233589
233772
233798
234023
234027
234279
234372
234637
234889
235055
235057
235102
235241
235718
235791
235930
236187
236258
236339
236341
236364
236422
236452
236458
236665
236906
237059
237093
237147
237153
237166
237199
237238
237332
237351
237361
237675
237893
237978
237997
238023
238094
238263
238305
238338
238495
238509
238547
238799
238814
238951
239041
239052
239204
239249
239385
239719
239817
239845
240028
240148
240164
240222
240298
240437
240538
240540
240692
240724
240760
240802
240879
240947
240962
240974
241186
241192
241407
241688
241694
241714
241733
241799
241915
241965
242162
242244
242457
242463
242665
242700
242740
242791
243022
243208
243286
243312
243588
243609
243770
243815
243851
243895
244132
244543
244755
245093
245101
245226
245345
245395
245427
245481
245566
245582
245692
245710
245878
245918
245925
245960
246114
246180
246260
246266
246329
246396
246583
246600
246661
246668
246669
246700
246939
246976
247099
247215
247524
247718
247744
247874
247918
248195
248236
248237
248254
248277
248389
248494
248534
248536
248545
248933
249018
249046
249255
249394
249462
249548
249782
250031
250445
250518
250576
250672
251016
251032
251086
251260
251309
251418
251537
251556
251560
251839
252104
252148
252287
252321
252521
252719
252787
252793
253031
253154
253365
253433
253437
253627
253660
253695
253788
253821
254050
254057
254295
254426
254548
254816
254963
255007
255144
255249
255260
255298
255338
255364
255485
255519
255521
255592
255774
255995
256227
256278
256605
256620
256656
256712
256752
256825
256934
256936
256965
256990
257034
257038
257067
257082
257152
257161
257196
257324
257478
257696
257701
257719
257799
257827
257842
257903
257956
258232
258339
258413
258497
258585
258586
258632
258669
258705
258722
258942
259336
259524
259645
259652
259848
259880
259883
259894
260063
260108
260441
260508
260712
260746
260912
260917
261054
261066
261113
261262
261325
261353
261433
261712
261806
261910
261945
262111
262481
262569
262666
262671
262864
263160
263162
263296
263407
263492
263533
263701
263895
264011
264027
264122
264501
264643
264652
264692
264820
264825
264826
264831
265010
265031
265054
265074
265140
265283
265373
265515
265527
265528
265537
265635
265988
266118
266129
266484
266587
266765
266767
267073
267077
267117
267362
267394
267678
267886
267922
268216
268380
268383
268483
268589
268845
268855
268875
269257
269330
269335
269443
269556
269690
269919
269920
269986
270243
270296
270352
270454
270590
270626
270639
270708
270830
271014
271044
271169
271195
271262
271263
271407
271419
271442
271777
271796
271850
271854
271929
271943
271970
272058
272209
272232
272304
272317
272324
272442
272499
272548
272575
272806
272867
273040
273199
273317
273401
273509
273579
273867
273869
273895
273924
274074
274476
274772
274807
274817
274946
275126
275184
275196
275253
275298
275477
275577
275578
275601
275645
275660
275777
275908
275953
275964
275985
276013
276029
276076
276179
276316
276452
276463
276568
276700
276775
276788
276847
276872
276877
276982
277089
277272
277294
277378
277417
277419
277708
277739
277787
277963
278048
278101
278126
278285
278419
278449
278493
278582
278583
278628
278763
278816
278857
279068
279157
279213
279360
279467
279612
279809
279973
280012
280109
280412
280428
280750
280759
280837
281112
281175
281210
281218
281243
281282
281312
281346
281376
281401
281528
281549
281620
281676
281730
281769
281852
281931
282106
282127
282301
282391
282446
282524
282555
282837
282856
282966
283092
283143
283389
283390
283472
283474
283514
283553
283625
283725
283838
283920
283958
284003
284037
284097
284166
284224
284268
284364
284385
284665
284766
285044
285083
285107
285270
285292
285322
285700
285824
285875
285957
285976
286165
286321
286444
286493
286525
286795
286816
286934
287083
287115
287129
287323
287486
287616
287636
287640
287709
287732
287737
287764
287766
288105
288184
288185
288202
288215
288219
288232
288634
288750
288778
289073
289147
289194
289357
289445
289531
289569
289653
289713
289960
290236
290242
290268
290555
290706
290760
290775
290927
290990
290996
291353
291492
291600
291646
291863
291966
292103
292315
292391
292393
292575
292625
292968
293174
293347
293366
293376
293380
293401
293403
293476
293660
293828
293986
294284
294410
294771
294789
294900
294905
294987
294990
295035
295082
295284
295682
295692
295864
295981
296175
296182
296437
296481
296533
296587
296675
296909
297004
297033
297048
297328
297336
297395
297456
297531
297561
297818
297915
298008
298097
298176
298199
298246
298291
298371
298525
298629
298644
298772
298828
298911
299075
299164
299501
299636
299736
299777
299788
299885
300213
300231
300264
300317
300701
300877
301129
301132
301475
301617
301746
301831
301850
301894
302075
302173
302199
302247
302510
302512
302598
302825
302967
303025
303043
303129
303155
303188
303204
303360
303456
303505
303536
303612
303660
303822
303903
304031
304160
304183
304442
304475
304648
304662
304806
304836
305126
305194
305435
305604
305745
305871
305904
305927
305975
306013
306036
306084
306251
306364
306385
306458
306479
306480
306524
306625
306710
307170
307383
307398
307448
307549
307647
307738
307939
308009
308188
308525
308723
308953
309103
309192
309201
309225
309409
309427
309535
309572
309687
309776
309840
309842
309872
309889
309915
309953
310152
310388
310652
310680
310827
310911
311350
311401
311494
311806
311931
312008
312048
312093
312216
312292
312326
312335
312511
312621
312683
312719
312722
312763
312765
312782
312969
312991
313040
313175
313212
313215
313273
313292
313364
313632
313666
314058
314060
314206
314295
314369
314382
314513
314534
314540
314626
314627
314757
315047
315089
315188
315253
315414
315465
315570
315579
315631
315658
315741
315844
316091
316265
316275
316359
316363
316377
316411
316421
316636
316718
316886
316901
317176
317365
317426
317457
317484
317567
317815
317829
318095
318161
318179
318309
318403
318417
318472
318519
318690
318735
318754
318871
318926
318933
318941
318989
319150
319390
319478
319641
319743
319799
319887
319902
319956
319976
320024
320125
320209
320236
320320
320427
320496
320591
320665
320738
321081
321179
321203
321325
321516
321531
321538
321604
321618
321721
321873
322037
322058
322123
322124
322174
322229
322280
322317
322570
322685
322756
322761
322846
322909
323002
323057
323170
323436
323636
323647
323678
323704
323790
323817
324260
324304
324402
324454
324463
324675
324700
324832
325082
325366
325448
325606
325635
325706
325752
325835
326007
326073
326421
326574
326696
326720
326764
326783
326866
327053
327083
327399
327441
327511
327561
327633
327635
327798
327906
327925
328032
328074
328215
328241
328328
328568
328575
328663
328716
328805
328863
328920
328937
329012
329036
329175
329280
329334
329392
329437
329638
329639
329693
329856
329914
330170
330260
330289
330348
330362
330473
330537
330775
330834
330999
331180
331283
331462
331522
331561
331644
331666
331759
331825
331835
331917
332126
332225
332323
332364
332422
332466
332472
332536
332544
332688
332700
332811
333190
333229
333340
333428
333517
333610
333717
333865
334102
334335
334393
334445
334548
334573
334606
334700
334708
334786
334875
334943
334965
335031
335152
335266
335400
335420
335525
335616
335775
335819
336038
336269
336325
336464
336494
336556
336733
336734
337112
337117
337132
337289
337653
337779
337845
337860
337933
338327
338351
338497
338602
338745
338756
338855
339134
339173
339252
339275
339369
339820
340195
340199
340457
340524
340542
340577
340706
340804
340818
341029
341323
341346
341398
341441
341689
341703
341767
341931
342017
342036
342077
342124
342204
342305
342373
342512
342573
342656
342723
342728
342752
342917
343000
343160
343487
343509
343725
343826
343835
343838
343868
343892
344224
344556
344639
344759
344841
345068
345173
345176
345349
345396
345441
345452
345509
345516
345797
345821
345872
345924
345980
346206
346214
346266
346499
346759
346790
346873
346900
346954
347029
347048
347395
347411
347430
347592
347666
347706
347793
347832
348184
348421
348524
348792
349002
349179
349314
349526
349622
349714
349781
349831
349999
350566
350628
350763
351023
351087
351154
351298
351651
351669
351754
351781
351934
351970
352035
352061
352304
352480
352730
352886
352949
352977
353008
353028
353049
353097
353140
353189
353215
353238
353325
353367
353503
353657
353732
353890
354192
354384
354521
354581
354625
354716
354848
354895
355228
355287
355360
355410
355792
355853
356064
356116
356187
356458
356547
356635
356636
356745
356756
356866
356933
357038
357143
357165
357344
357367
357435
357449
357477
357503
357520
357522
357558
357566
357701
358192
358283
358297
358328
358436
358439
358453
358599
358689
358807
358829
358849
358893
358911
359066
359142
359148
359506
359819
359832
359845
359988
360133
360348
360426
360486
360556
360562
360583
360667
360851
361005
361126
361167
361319
361412
361426
361458
361686
361953
362092
362110
362483
362539
362564
362883
363021
363058
363195
363247
363477
363557
363691
363694
363704
363881
363959
364034
364270
364469
364587
364785
364889
364930
364938
364963
365123
365178
365378
365385
365479
365578
365678
365834
365884
365908
365909
365989
366025
366186
366251
366501
366527
366787
366990
367048
367115
367178
367185
367298
367354
367385
367431
367687
367689
367838
367893
368059
368088
368101
368102
368318
368399
368587
368605
368778
368813
368815
368984
369098
369136
369312
369472
369535
369730
369762
369763
369901
369931
370077
370114
370131
370194
370548
370774
371078
371096
371359
371370
371462
371479
371558
371840
371926
372208
372210
372271
372341
372435
372729
372910
373056
373067
373347
373383
373456
373579
373655
373698
373836
373868
373883
374068
374095
374145
374313
374327
374339
374410
374581
374617
374833
374905
375070
375098
375228
375260
375506
375598
375750
375751
375865
375947
376006
376122
376126
376189
376619
376850
376885
376967
376971
377051
377123
377167
377170
377177
377208
377226
377279
377644
377692
377781
377940
377989
378095
378118
378168
378178
378605
378685
378835
378957
379018
379146
379175
379232
379268
379269
379272
379319
379338
379403
379618
379621
379818
379854
380074
380080
380097
380243
380449
380479
380585
380768
381262
381453
381484
381771
381998
382078
382255
382267
382361
382390
382426
382526
382585
382608
383230
383262
383536
383568
383574
383683
383689
383729
383734
383762
383935
383947
384041
384122
384130
384306
384476
384550
384587
384856
385001
385005
385052
385094
385120
385274
385334
385414
385451
385470
385546
385550
385625
385884
385954
385961
386022
386034
386273
386292
386344
386506
386762
386840
387070
387216
387361
387453
387503
387688
387924
387928
387972
387994
388009
388340
388359
388441
388514
388585
388637
388978
389152
389525
389621
389671
389776
389818
389846
389855
389901
390062
390132
390149
390180
390211
390228
390288
390369
390469
390529
390963
391051
391088
391128
391246
391377
391451
391516
391588
391631
391650
391825
391856
391930
392289
392308
392384
392738
392817
392853
393067
393233
393353
393408
393490
393539
393558
393604
393678
393770
393934
393985
394083
394093
394160
394202
394293
394318
394511
394518
394551
394626
394892
395086
395118
395148
395159
395161
395262
395304
395501
395565
395627
395682
395697
396048
396192
396283
396353
396710
396757
396850
397033
397051
397179
397458
397578
397683
397685
397732
397780
397809
397883
398047
398078
398085
398098
398112
398205
398269
398288
398572
398791
398933
398968
398972
399125
399296
399401
399929
399934
399953
400176
400317
400366
400409
400443
400458
400656
400707
400746
400923
401485
401543
401776
401845
402004
402023
402389
402434
402498
402727
402914
403060
403179
403195
403394
403531
403568
403712
403817
403903
404017
404300
404317
404326
404401
404417
404589
404593
404727
404794
404809
404903
404933
405031
405278
405300
405600
405620
405861
405992
406035
406244
406292
406312
406330
406458
406495
406833
407279
407560
407630
407813
408074
408165
408185
408201
408249
408309
408313
408339
408362
408371
408422
408508
408524
408565
408602
408649
408796
408907
409004
409044
409151
409202
409389
409392
409395
409454
409459
409591
409706
409800
409957
409958
410002
410534
410743
410768
410829
410894
410955
410957
411187
411190
411272
411449
411526
411575
411758
411771
411824
412051
412394
412412
412415
412465
412502
412546
412629
412832
413051
413073
413100
413121
413232
413359
413445
413538
413556
413580
413678
413739
413766
413857
413983
414241
414247
414262
414272
414358
414386
414422
414602
414825
414968
414992
415008
415011
415441
415616
415723
415890
415948
416050
416064
416124
416160
416292
416495
416500
416809
416916
416917
416927
416946
416972
416997
417099
417196
417418
417540
417564
417677
417753
417866
417887
417912
417930
417962
418369
418502
418672
418787
419049
419099
419130
419168
419175
419477
419496
419522
419627
419925
419933
420272
420289
420302
420323
420555
420561
420564
420584
420589
420594
420976
421364
421415
421427
421561
421792
421794
421864
421995
422128
422313
422336
422352
422408
422411
422717
422723
422738
422814
422928
423061
423122
423219
423361
423380
423412
423446
423474
423626
423647
423851
424203
424406
424506
424542
424675
424684
424883
424896
425221
425266
425511
425644
425767
425940
426035
426116
426202
426219
426253
426283
426313
426626
426748
426914
427035
427132
427135
427147
427263
427265
427330
427429
427486
427628
427666
427710
427722
427790
427838
427842
428087
428138
428161
428298
428474
428560
428625
429067
429164
429243
429247
429393
429481
429485
429607
429748
429774
429853
429885
429951
429986
430143
430159
430338
430429
430458
430494
430737
430848
431181
431277
431387
431605
431838
432006
432092
432360
432457
432461
432562
432610
432686
432741
432797
432808
432862
432878
433334
433546
433651
433750
433786
433857
433929
434111
434143
434144
434152
434173
434408
434601
434877
434949
434968
435131
435261
435329
435355
435423
435497
435568
435898
436037
436054
436056
436180
436187
436350
436382
436477
436490
436593
436668
436829
436849
436856
437093
437122
437147
437233
437321
437386
437477
437649
437657
437720
437837
437889
438146
438257
438368
438613
438621
438655
438679
438788
438930
438998
439028
439097
439187
439285
439342
439374
439390
439391
439492
439498
439570
439604
439632
439661
439673
439686
439702
439775
439832
440104
440199
440446
440610
440772
440956
441123
441271
441287
441292
441341
441373
441399
441419
441552
441756
441882
442045
442057
442107
442407
442533
442977
443153
443511
443583
443712
443768
443809
443818
443836
443999
444227
444304
444536
444611
444664
444694
444774
444807
444823
444900
445031
445249
445318
445429
445451
445537
445541
445544
445577
445591
445769
445789
445802
445836
445976
446003
446085
446139
446160
446412
446479
446547
446731
446766
446953
447128
447278
447378
447427
447507
447571
447581
447669
447740
447742
447824
447825
447856
447918
447938
448077
448154
448182
448191
448724
448794
448810
448880
449107
449125
449194
449264
449283
449308
449314
449332
449488
449530
449612
449683
449709
449711
449753
449763
449811
449949
449957
449977
450168
450219
450468
450497
450603
450660
450764
450839
450862
450938
450994
451012
451073
451117
451392
451462
451533
451624
451689
451720
451919
451927
452222
452383
452401
452585
452830
452894
452966
453022
453123
453252
453263
453293
453334
453642
453781
453891
453974
453982
454164
454267
454417
454543
454575
454665
454839
454989
454992
455091
455111
455230
455339
455358
455368
455713
455853
455883
455917
455964
456122
456169
456372
456417
456486
456615
456622
456789
456808
456898
456971
456998
457100
457132
457232
457244
457491
457542
457583
457696
457764
457801
458039
458174
458187
458368
458491
458572
458590
458688
458838
458891
458915
458926
459008
459048
459079
459153
459430
459446
459485
459685
459730
459788
459831
459863
460354
460387
460536
460640
460763
460764
460876
461308
461343
461671
461693
461700
461970
461988
462073
462116
462275
462419
462592
463003
463053
463062
463488
463513
463521
463599
463613
463629
463758
463883
463940
463982
464012
464020
464088
464146
464200
464274
464283
464380
464593
464867
464994
465003
465035
465069
465120
465210
465216
465568
465627
465864
465974
466117
466252
466321
466327
466370
466434
466477
466752
466891
467208
467503
467646
467731
467765
467926
468108
468167
468229
468299
468353
468393
468418
468521
468621
468684
468771
468774
468840
468931
469351
469381
469455
469477
469643
469670
469884
469886
469976
470011
470355
470549
470605
470653
470663
470684
470746
470892
470907
470992
471042
471121
471160
471288
471418
471474
471488
471500
471825
471874
471913
472118
472241
472244
472251
472419
472503
472582
472667
472723
472806
472940
473067
473180
473307
473537
473610
473653
473682
473759
473777
473804
473843
473890
473969
473971
474083
474231
474260
474317
474410
474546
474586
474611
474634
474638
474647
474951
475083
475148
475184
475236
475293
475309
475844
475861
476000
476096
476109
476458
476510
476642
476762
476787
477056
477164
477329
477648
477715
477725
477744
477883
477928
477980
478177
478287
478361
478413
478423
478589
478644
478733
479203
479345
479647
479655
479712
479789
480123
480324
480353
480395
480446
480489
480522
480600
480609
480674
480703
480739
480935
480969
481031
481269
481373
481389
481472
481490
481529
481693
481806
482053
482055
482377
482469
482512
482561
482573
482744
482949
483076
483328
483335
483570
483579
483757
483983
483995
484022
484159
484179
484197
484199
484225
484428
484487
484625
484783
484917
485073
485090
485223
485235
485358
485359
485435
485566
485867
485910
486412
486431
486569
486590
486797
486837
487012
487036
487139
487149
487200
487310
487359
487672
487685
487715
487972
488023
488031
488086
488130
488135
488192
488435
488470
488688
488968
489320
489500
489510
489570
489712
489774
489855
489947
489964
489999
490115
490184
490281
490454
490480
490584
490658
491092
491170
491221
491731
491761
491827
491840
491979
491980
492217
492247
492302
492321
492389
492497
492595
492717
492780
492823
492825
492830
493232
493241
493614
493726
493732
494064
494145
494220
494249
494442
494462
495026
495054
495289
495353
495499
495690
495727
495847
496020
496062
496307
496543
496555
496848
496962
497012
497173
497275
497471
497519
497541
497678
497723
497859
497869
497878
497956
497984
498013
498019
498036
498202
498362
498679
498732
498803
498851
499166
499205
499254
499321
499361
499393
499513
499561
499604
499727
499789
499937
499945
499996
500210
500304
500527
500561
500676
500702
500713
500856
500901
500996
501545
501617
501699
501817
501902
502151
502154
502228
502492
502572
502578
502642
502753
502938
503038
503125
503181
503403
503448
503575
503665
503755
504046
504295
504314
504481
504594
504608
504801
504832
504987
505051
505151
505158
505273
505400
505436
505473
505512
505557
505712
505939
505981
506037
506127
506137
506280
506341
506459
506571
506579
506635
506767
506833
506882
506891
506925
507026
507121
507352
507632
507692
507891
507915
507940
508050
508064
508109
508222
508277
508311
508664
508712
508776
508791
508860
508879
508961
508987
509033
509128
509201
509323
509329
509346
509376
509404
509423
509543
509687
509853
509865
509894
509906
510061
510179
510358
510455
510578
510803
510914
511088
511301
511340
511403
511600
511630
511708
511807
511948
512026
512045
512049
512103
512292
512299
512415
512418
512459
512656
512683
512763
512828
512874
512880
513003
513036
513081
513124
513167
513293
513375
513452
513564
513596
513657
513746
513753
513951
514129
514282
514380
514409
514476
514682
514689
514761
514819
514887
515171
515194
515377
515484
515502
515775
516033
516122
516266
516387
516469
516538
516545
516578
516680
516769
517025
517042
517097
517119
517128
517319
517366
517400
517504
517695
517846
518179
518302
518334
518557
518590
518722
518794
518806
519001
519009
519177
519394
519403
519517
519524
519585
519672
519823
519839
520049
520055
520148
520204
520234
520339
520480
520481
520513
520573
520575
520708
520731
521279
521407
521597
521803
522034
522060
522262
522343
522350
522360
522451
522929
522973
523445
523515
523524
523569
523633
523824
523882
523964
524020
524090
524292
524341
524343
524406
524451
524532
524534
524672
524893
525072
525079
525177
525290
525330
525517
525533
525562
526013
526015
526183
526250
526308
526463
526548
526617
526690
526710
526796
526861
526873
526884
527161
527174
527354
527523
527535
527576
527644
527761
527926
527936
527944
528196
528232
528253
528399
528416
528540
528582
528593
528687
528693
528694
528718
529118
529147
529153
529220
529349
529461
529474
529555
529611
529612
529716
529719
529729
529801
529984
530007
530017
530064
530115
530199
530272
530307
530438
530445
530446
530494
530544
530778
530849
530908
531000
531152
531158
531193
531213
531291
531301
531451
531593
531686
531727
531737
532024
532151
532356
532398
532534
532544
532862
532890
532933
533008
533041
533063
533126
533210
533221
533367
533442
533704
533731
533847
533853
533889
533901
534001
534146
534193
534361
534394
534574
534632
534784
534792
534863
534960
534994
535249
535346
535434
535501
535785
535889
535963
536009
536066
536079
536156
536162
536208
536369
536380
536413
536709
536816
536827
537054
537235
537359
537402
537780
537803
537859
537941
538060
538372
538545
538560
538581
538623
538691
538745
538750
538751
538816
539037
539107
539157
539190
539514
539621
539682
539833
539853
539900
539946
540052
540079
540124
540192
540226
540233
540312
540320
540328
540515
540956
541018
541122
541471
541607
541738
541833
541959
541980
542165
542301
542428
542731
542821
543124
543306
543335
543648
543731
543752
543880
544267
544323
544560
544723
544736
544755
544775
544971
545031
545035
545211
545254
545278
545350
545429
545497
545819
545824
545873
545945
546157
546207
546225
546244
546245
546402
546558
546604
546683
546704
546731
546737
546894
547005
547089
547098
547120
547134
547263
547302
547362
547401
547532
547614
547909
547917
547924
548120
548170
548306
548358
548363
548437
548466
548548
548676
548701
548930
548931
549027
549065
549141
549210
549443
549456
549737
549751
549759
549799
549909
549931
549938
549939
549956
550215
550227
550280
550288
550313
550545
550581
550641
550716
550765
550849
550873
551079
551203
551229
551316
551334
551647
551653
551701
551820
552308
552313
552323
552335
552382
552518
552901
552935
552956
552966
552978
552980
553066
553162
553239
553257
553266
553383
553433
553763
554029
554158
554166
554215
554298
554329
554479
554517
554520
554572
554767
554842
554857
555209
555230
555762
555797
555803
555879
555893
555929
555999
556043
556159
556276
556277
556306
556335
556366
556440
556490
556646
556690
556796
556852
556872
557057
557244
557261
557287
557292
557522
557577
557603
557667
557727
557776
557858
557877
558088
558129
558257
558327
558398
558483
558488
558616
558760
558836
558882
559166
559210
559220
559301
559592
559680
559745
559859
560020
560069
560229
560443
560768
561011
561059
561119
561131
561158
561334
561855
561939
562044
562064
562123
562140
562571
562655
562668
562674
562709
562968
563023
563054
563216
563227
563256
563281
563332
563371
563408
563509
563535
563610
563719
563910
563917
564580
564734
564919
565019
565061
565096
565097
565118
565227
565243
565355
565487
565492
565573
565714
565753
565842
566243
566269
566270
566328
566492
566549
566612
566639
566680
566691
566701
566725
566792
566843
566950
566987
567352
567440
567574
567764
567774
567871
567911
567951
568060
568082
568270
568617
568774
568854
568894
568896
569243
569250
569329
569360
569482
569507
569611
569660
569778
570013
570122
570307
570308
570330
570376
570494
570506
570764
570778
570828
571031
571089
571115
571146
571212
571529
571575
571693
571725
571931
571943
572011
572045
572397
572416
572556
572613
572701
572767
572862
573135
573157
573214
573257
573346
573447
573610
573666
573733
573812
573983
574172
574187
574280
574359
574542
574792
574937
574968
575109
575157
575252
575395
575574
575590
575670
575721
575758
575811
576065
576100
576390
576630
576632
576671
576683
576848
577157
577481
577541
577685
577710
577748
577944
578085
578146
578206
578243
578273
578444
578453
578507
578555
578803
578985
579146
579221
579261
579276
579340
579365
579378
579393
579548
579569
579623
579789
579808
579877
579886
579940
580034
580045
580239
580310
580405
580545
580614
580639
580807
581060
581085
581134
581314
581566
581690
581709
581724
581920
582032
582070
582074
582096
582140
582152
582393
582625
582641
582695
582814
583092
583311
583356
583425
583536
583577
583628
583725
583760
583851
583889
583919
583923
583931
584161
584212
584398
584531
584579
584800
584842
584891
584911
585039
585110
585180
585300
585374
585485
585622
585673
585730
585772
585779
585798
586005
586069
586163
586236
586296
586448
586612
586675
586723
586882
586938
586984
587167
587324
587330
587449
587673
587719
587786
587815
587816
587987
588138
588475
588810
588839
588869
588936
589307
589375
589509
589563
589588
589667
589704
589735
589823
589952
589958
590548
590607
590699
590731
591196
591264
591343
591373
591418
591524
591750
591830
591851
591971
592154
592240
592336
592434
592557
592751
592873
592883
593010
593312
593379
593401
593495
593497
594039
594206
594385
594416
594426
594441
594684
594720
594766
594816
594932
594933
594938
595043
595201
595352
595366
595386
595543
595595
595896
595950
595955
596059
596278
596567
596584
596716
596831
596846
596944
596979
597014
597138
597196
597258
597306
597414
597588
597687
597699
597797
597819
597826
597950
597996
598328
598566
598635
598637
598658
598706
598882
598948
599085
599097
599270
599360
600123
600153
600157
600278
600408
600410
600550
600580
600647
601058
601060
601200
601254
601376
601441
601815
601895
602084
602091
602232
602438
602453
602469
602714
602928
603071
603251
603277
603412
603529
603612
603665
603713
603715
603755
603999
604060
604239
604255
604260
604300
604650
605186
605346
605429
605480
605523
605557
605571
605581
605971
605977
606018
606097
606346
606471
606594
606724
607089
607161
607382
607530
607546
607597
607694
607855
608133
608331
608468
608524
608537
608583
608741
608767
608961
609109
609140
609246
609253
609312
609405
609574
609643
609649
609720
609831
610079
610238
610242
610307
610337
610403
610463
610593
610737
611022
611023
611117
611220
611305
611420
611534
611554
611678
611686
611971
612117
612441
612546
612634
612688
612846
612980
613209
613262
613467
613498
613576
613605
613613
613999
614054
614090
614093
614176
614310
614480
614602
614785
614894
614902
614909
615345
615418
615477
615553
615585
615615
615643
615748
615907
616014
616018
616172
616186
616235
616276
616281
616391
616583
616834
616893
616900
616926
617051
617125
617186
617263
617267
617326
617368
617378
617499
617544
617635
617850
617860
617978
617988
618111
618124
618136
618140
618243
618274
618448
618465
618485
618917
618995
619049
619084
619156
619180
619208
619277
619501
619528
620303
620403
620422
620458
620619
620634
620751
620760
620975
620990
621201
621316
621422
621616
621761
621826
621921
622005
622053
622069
622347
622425
622579
622645
622663
622882
622934
622953
623230
623316
623329
623338
623367
623409
623691
623787
623872
624050
624308
624522
624650
624666
624698
624880
624993
625115
625169
625229
625311
625593
625600
625698
625746
625842
625891
625979
626002
626215
626308
626445
626647
626701
626726
626930
627036
627040
627058
627113
627214
627571
627629
627835
627855
627888
628039
628126
628372
628448
628516
628665
628710
628723
628965
628986
629016
629049
629118
629268
629419
629448
629555
629734
629768
629857
629891
630017
630059
630082
630141
630290
630527
630850
630905
630964
631065
631115
631127
631143
631165
631457
631512
631570
631686
631766
631806
631860
631901
631986
632030
632038
632064
632083
632145
632453
632500
632643
632735
632737
632859
632862
633025
633160
633254
633258
633276
633315
633353
633537
633656
633752
633791
634033
634059
634319
634728
635222
635264
635308
635354
635443
635554
635591
635782
635948
635998
636221
636252
636259
636283
636302
636461
636487
636554
636648
636797
636902
636904
637056
637071
637146
637158
637176
637242
637344
637366
637598
637680
637718
637847
637937
637938
638059
638172
638437
638544
638572
638678
638969
638989
639083
639087
639097
639355
639448
639514
639541
639665
639704
639716
639746
639827
639877
639883
639904
639958
640032
640208
640313
640668
640720
640736
640776
640856
641721
641834
641966
642081
642109
642253
642273
642343
642454
642495
642561
642685
642788
642894
642936
643082
643155
643280
643380
643469
643473
643633
643731
643956
644110
644286
644300
644393
644772
644801
644933
644993
645005
645207
645216
645226
645281
645334
645461
645580
645593
645671
645672
645754
645779
645853
646170
646223
646320
646367
646383
646588
646623
646632
646644
646658
646742
646802
646812
647031
647241
647310
647357
647396
647427
647443
647806
647823
647884
647902
647995
648167
648171
648176
648293
648632
648670
648867
648892
648965
649152
649255
649268
649461
649577
649579
649621
649689
649709
649722
649729
649779
649788
649802
650203
650290
650449
650451
650740
650793
650870
650879
650995
650997
651078
651122
651185
651287
651296
651350
651539
651591
651835
652027
652046
652048
652055
652209
652211
652504
652606
652679
652698
652710
652781
652821
652932
652952
653108
653257
653269
653325
653485
653613
653695
653701
653764
653820
653855
653870
654192
654222
654427
654441
654547
654585
654918
654930
654994
655095
655118
655340
655405
655443
655496
655803
656034
656046
656271
656583
656593
656622
656674
656676
656693
656721
656729
656805
656810
656852
657012
657363
657402
657406
657450
657695
657721
657844
657949
657984
658043
658149
658278
658294
658301
658303
658539
658724
658725
658930
658965
658971
659002
659025
659038
659089
659115
659201
659320
659504
659508
659577
659608
659629
659653
659856
659884
659888
659934
659949
659971
660038
660054
660419
660470
660544
660985
661184
661263
661359
661494
661535
661579
661625
661681
661721
661844
661894
661976
661997
662018
662174
662175
662293
662413
662528
662553
662802
663073
663231
663319
663445
663456
663458
663481
663514
663691
663759
663996
664041
664100
664259
664480
664562
664725
664856
664890
664916
664985
665092
665167
665419
665471
665581
665695
665917
665965
666002
666007
666095
666108
666345
666369
666522
666654
666665
666709
666729
666765
666875
667194
667232
667359
667847
667886
667934
668148
668154
668155
668234
668237
668301
668342
668350
668471
668547
668586
668845
668949
669276
669447
669449
669534
669596
669715
669889
669890
669905
669985
670065
670086
670109
670251
670405
670546
670556
670649
670682
670867
671038
671091
671145
671211
671253
671457
671471
671540
671675
671891
672148
672157
672186
672220
672232
672234
672304
672322
672385
672413
672628
672769
672853
672899
672937
672961
672963
672968
673143
673156
673226
673289
673306
673323
673362
673561
673701
673732
673790
673804
674095
674188
674216
674278
674339
674566
674629
674634
674816
674842
674893
674938
675026
675189
675233
675236
675366
675372
675441
675473
675571
675587
675611
675709
675751
675771
675800
675940
675967
676001
676215
676428
676462
676463
676531
676776
676805
676833
676878
676891
677169
677230
677232
677259
677394
677500
677637
677666
677759
677863
677993
678118
678139
678170
678189
678207
678209
678231
678267
678422
678454
678631
678933
679008
679018
679316
679328
679496
679513
679596
679801
679842
679973
680172
680194
680222
680272
680385
680408
680433
680468
680479
680652
680729
680976
681082
681169
681226
681273
681365
681369
681372
681797
682142
682153
682182
682199
682240
682279
682475
682504
682561
682692
682772
682853
682932
683163
683190
683384
683426
683484
683514
683546
683564
683650
683693
683748
683766
683843
683947
684150
684320
684387
684474
684527
684574
684575
684748
685098
685102
685401
685430
685502
685592
685722
685938
685957
686059
686070
686071
686178
686640
686761
686841
686882
686892
686919
686921
686997
687058
687170
687228
687393
687476
687489
687516
687630
687913
687915
688081
688210
688307
688495
688510
688593
689030
689060
689062
689141
689330
689474
689815
690208
690454
690518
690599
690876
690886
691086
691117
691696
691786
691817
691823
691858
692103
692105
692118
692167
692205
692286
692310
692480
692545
692597
692719
692841
692854
692886
693239
693385
693426
693454
693519
693766
694002
694035
694051
694178
694537
694590
694602
694789
694989
695212
695272
695304
695437
695452
695518
695538
695583
695593
695823
695837
695853
696041
696152
696157
696197
696233
696241
696267
696404
696477
696667
696790
696860
696894
697084
697216
697287
697385
697455
697496
697662
697727
697737
697836
697912
698054
698078
698090
698153
698179
698226
698268
698412
698482
698575
698620
698809
698844
698886
698979
699024
699078
699352
699521
700216
700324
700392
700440
700486
700520
700589
700610
700657
700867
700963
701163
701345
701409
701451
701478
701522
701543
701584
701593
701613
701634
701705
701711
701725
701732
701765
702511
702531
702591
702685
702915
703119
703152
703246
703417
703452
703590
703854
704359
704475
704608
704667
704677
704682
704702
704708
704753
705041
705183
705227
705614
705628
705808
706100
706144
706166
706176
706341
706343
706370
706451
706567
706593
706737
706807
706973
707252
707261
707312
707470
707536
707542
707626
707737
707794
708034
708056
708195
708276
708484
708487
708741
708925
708978
709054
709075
709077
709113
709225
709323
709367
709601
709726
709741
709848
709944
709949
709968
709997
710030
710359
710385
710403
710675
710740
710782
710843
710871
710915
710945
710970
711059
711342
711423
711521
711736
711753
712235
712243
712370
712446
712464
712625
712822
713145
713156
713194
713376
713399
713537
713691
713818
714055
714188
714357
714362
714376
714461
714467
714541
714546
714566
714597
714603
714616
714855
714924
715044
715199
715409
715497
715506
715523
715607
715630
715637
715639
715706
715781
715818
715866
715998
716039
716292
716347
716370
716415
716544
716684
716842
716959
717114
717121
717180
717258
717280
717342
717425
717457
717493
717556
717685
717779
717797
718151
718194
718303
718421
718425
718492
718586
718818
718968
718991
719018
719057
719327
719357
719590
719878
720138
720178
720209
720502
720716
720805
720811
720875
720923
720938
721069
721128
721410
721568
721823
721832
721983
722154
722205
722255
722268
722307
722396
722632
722843
723000
723091
723200
723279
723435
723494
723539
723549
723714
723729
723778
723805
724224
724346
724414
724461
724772
724784
725273
725277
725454
725550
725563
725573
725601
725619
725653
725660
725757
725903
726012
726083
726146
726212
726298
726403
726490
726507
726511
726604
726631
726710
726726
726809
726906
727079
727283
727477
727503
727524
727566
727904
727910
727979
727994
728009
728030
728140
728182
728312
728411
728441
728496
728631
728783
728876
728903
729327
729451
729478
729513
729844
729899
730052
730087
730157
730444
730483
730516
730529
730685
730711
730889
730895
731007
731019
731069
731107
731180
731280
731596
731603
731605
731634
731656
731682
731879
732004
732017
732242
732305
732675
732699
732765
732824
732828
732883
733041
733236
733443
733522
733760
733786
734031
734057
734483
734539
734560
734561
734564
734593
734694
734713
734866
734965
735053
735165
735269
735386
735426
735462
735497
735498
735641
735715
736028
736187
736279
736431
736498
736544
736968
737052
737069
737121
737437
737523
737703
737837
738127
738611
738747
738842
739071
739125
739249
739252
739351
739790
739839
739903
739924
739930
740030
740053
740054
740062
740166
740242
740260
740272
740304
740937
741024
741082
741135
741225
741322
741373
741498
741643
741688
741741
741765
741795
741872
742009
742116
742244
742530
742541
742552
742605
742686
742800
742815
742850
742868
742905
742910
743043
743157
743201
743382
743625
743626
743658
743706
743806
743864
743885
743945
744002
744024
744100
744115
744192
744346
744500
744567
744584
744812
744916
744951
744953
744970
745246
745251
745278
745332
745401
745531
745546
745724
745808
745813
745908
746106
746116
746356
746403
746420
746451
746532
746534
746671
746723
746780
746860
746881
746900
746950
747108
747275
747276
747379
747417
747613
747649
747949
748123
748136
748153
748164
748427
748496
748540
748666
748670
748838
748993
748995
749020
749129
749415
749445
749516
749979
750136
750142
750174
750223
750339
750450
750712
750714
750741
750892
750929
751033
751156
751383
751403
751404
751543
751590
751688
751828
751927
751954
752043
752230
752260
752426
752448
752472
752530
752595
752637
752832
752860
753193
753245
753405
753788
753893
753961
753982
754173
754181
754249
754264
754282
754375
754472
754478
754518
754595
754753
754834
754935
754947
755036
755199
755277
755332
755397
755509
755543
755648
755825
755949
756128
756281
756460
756767
756787
756978
757090
757263
757270
757315
757338
757369
757782
757893
757921
758148
758165
758698
758725
758780
758808
758904
758944
758945
759140
759354
759447
759725
759760
759774
759921
759947
760006
760058
760083
760155
760313
760335
760863
760876
760944
761005
761426
761468
761527
761686
761743
761791
762132
762159
762487
762606
762634
762810
762924
763045
763055
763076
763204
763244
763509
763727
763743
763952
764270
764398
764403
764718
764740
764771
764965
764976
764997
765053
765126
765142
765187
765287
765351
765433
765443
765526
765683
765827
765829
765834
765842
765854
765863
765877
765902
765980
765990
765994
766219
766305
766412
766427
766469
766494
766572
766781
766861
766879
766902
767091
767138
767247
767371
767513
767521
767552
767735
767781
767894
767960
768022
768116
768243
768380
768400
768410
768443
768480
768568
768640
768839
768880
769060
769252
769498
769527
769589
769622
769713
769786
769898
770048
770138
770249
770440
770458
770736
770857
770915
770918
771014
771258
771382
771408
771541
771690
771693
771725
771756
771843
771994
772222
772274
772380
772415
772611
772633
772690
772711
772838
772879
772901
772916
773113
773163
773169
773253
773261
773328
773401
773444
773600
773629
773724
773754
773790
773890
773920
774211
774341
774346
774375
774565
774641
774696
775014
775156
775187
775235
775289
775319
775363
775409
775439
775508
775677
775769
776167
776296
776507
776514
776602
776628
776875
776958
777096
777097
777272
777301
777325
777361
777396
777590
777722
777779
777834
777866
778202
778448
778466
778750
778776
778802
778906
778913
779029
779043
779131
779150
779198
779250
779339
779695
779755
779762
779919
779985
779999
780019
780092
780276
780304
780431
780505
780883
780944
780955
781014
781048
781184
781471
781748
781855
782030
782280
782290
782610
782705
782750
782752
782772
782830
782944
783027
783261
783296
783446
783532
783744
783773
783877
784024
784069
784150
784326
784339
784585
784665
784709
784890
784945
784959
785112
785284
785367
785589
785642
785662
785671
785688
785699
785712
785737
785895
785934
786053
786132
786269
786345
786350
786460
786483
786523
786525
786726
786748
786837
786978
787072
787155
787169
787335
787404
787604
787650
787716
787751
787774
787972
788194
788284
788319
788377
788414
788429
788524
788734
789070
789098
789481
789514
789519
789557
789634
789664
789740
789797
789828
789919
789978
790030
790187
790232
790426
790439
790459
790523
790626
790640
790771
790787
790916
790936
790962
791056
791213
791280
791292
791367
791441
791909
792059
792188
792197
792242
792302
792556
792629
792683
792816
793066
793326
793511
793528
793574
793598
793782
793970
794037
794043
794078
794159
794287
794334
794389
794640
794708
794770
794951
794967
795039
795143
795199
795239
795526
795570
795716
795930
795941
796164
796234
796418
796722
796725
796872
797006
797091
797096
797311
797335
797402
797431
797446
797473
797513
797642
797678
797926
797964
798301
798346
798460
798679
798751
798819
798863
799073
799150
799419
799428
799578
799732
800008
800072
800114
800145
800604
800750
800752
800771
800776
800947
801012
801331
801440
801629
801645
801679
801880
801881
802016
802118
802267
802276
802317
802365
802671
802708
802755
802851
802853
803058
803147
803432
803511
803537
803613
803627
803708
803732
803886
803954
803989
804023
804042
804112
804134
804175
804179
804190
804254
804281
804347
804457
804561
804589
804909
804921
804951
805037
805091
805095
805178
805224
805305
805343
805532
805712
806108
806140
806182
806296
806409
806432
806551
806675
806946
807168
807257
807568
807696
807710
807999
808190
808574
808588
808599
808704
808870
808990
809010
809118
809190
809301
809316
809335
809423
809547
809803
809863
810169
810197
810515
810568
810678
810830
810950
811116
811224
811345
811401
811477
811540
811589
811691
811715
811728
811783
811904
812092
812255
812312
812498
812719
812755
812817
812826
812877
813004
813087
813107
813283
813544
813546
813659
813800
813863
813917
813977
814135
814190
814343
814449
814535
814594
814667
814775
815086
815109
815291
815366
815379
815540
815580
815716
815959
816000
816117
816156
816203
816358
816378
816421
816504
816526
816642
816736
816775
816866
817185
817308
817545
817660
817661
817750
818024
818098
818117
818145
818178
818247
818285
818342
818427
818429
818434
818483
818686
818704
818727
818849
819051
819064
819215
819328
819375
819505
819597
819693
819864
820146
820297
820335
820625
820630
820692
820842
820880
820942
820994
821009
821039
821129
821208
821242
821267
821634
821703
821991
822112
822167
822489
822505
822567
822615
822668
822773
822829
822985
823050
823107
823121
823339
823344
823410
823687
823852
824204
824242
824308
824350
824372
824460
824487
824574
824636
824659
824888
824958
824983
825068
825320
825350
825458
826009
826099
826124
826487
826526
826631
826699
826831
826873
826897
826899
826917
827030
827033
827049
827100
827109
827116
827186
827305
827335
827503
827698
827845
827958
828110
828412
828441
828443
828453
828772
828789
828971
829238
829250
829363
829419
829792
829950
829951
829956
830077
830119
830192
830239
830259
830452
830540
830556
830703
830709
830878
830887
830906
831125
831223
831498
831602
831685
831782
832107
832495
832732
832768
832830
832838
832862
832982
833042
833084
833175
833203
833218
833292
833326
833348
833829
833929
834118
834301
834510
834542
834659
834852
834861
834880
834950
835029
835058
835397
835950
836000
836007
836008
836409
836460
836504
836525
836550
836646
836678
836688
836764
836934
836961
837110
837133
837191
837232
837318
837351
837473
837526
837537
837690
837715
837832
837908
837946
838180
838205
838485
838486
838664
838807
838959
839019
839023
839180
839401
839417
839605
839621
839702
839793
839859
839901
840115
840122
840233
840295
840353
840355
840369
840388
840402
840450
840454
840552
840616
840677
840701
840753
840789
840797
840813
840873
840954
841332
841375
841442
841443
841583
841773
841850
841865
842150
842420
842440
842458
842481
842522
842644
842681
842739
842780
842806
842811
842980
843461
843749
843908
844104
844218
844226
844385
844394
844434
844555
844649
844714
845110
845209
845228
845258
845387
845535
845613
845684
845703
845765
845766
846102
846281
846291
846325
846353
846418
846529
846545
846655
846679
846717
846808
846886
846900
846903
846905
846937
846963
846989
846994
847545
847568
847655
847666
847725
847843
847866
847989
848076
848242
848939
849192
849340
849386
849499
849768
849967
850022
850033
850087
850151
850306
850334
850372
850376
850434
850555
851040
851074
851097
851294
851318
851419
851666
851746
851897
852127
852150
852302
852391
852405
852501
852515
852523
852590
852615
852625
852632
852736
852900
852966
853044
853074
853081
853295
853330
853593
853728
853864
854030
854040
854152
854420
854577
854610
854661
854668
854758
854805
854923
855042
855084
855123
855227
855317
855496
855525
855579
855615
855711
855882
855986
856265
856282
856446
856482
856917
856950
857014
857031
857320
857321
857360
857368
857392
857397
857406
857547
857604
857763
857772
858059
858277
858490
858753
858782
858785
858854
858886
858927
859052
859134
859138
859235
859239
859342
859476
859681
859804
859818
859831
860003
860049
860130
860169
860203
860689
860995
861023
861224
861597
861623
861703
861871
862030
862031
862047
862049
862157
862265
862320
862355
862412
862470
862657
862686
862780
862796
862926
863060
863109
863140
863141
863260
863394
863496
863507
863780
863801
864128
864155
864313
864379
864525
864606
864617
864661
864695
864696
864764
864828
865019
865285
865329
865349
865674
865719
865877
865979
865982
866099
866148
866323
866377
866410
866460
866533
866603
866612
866642
866721
866815
866852
867058
867072
867122
867127
867177
867232
867315
867335
867546
867683
867881
867959
868041
868053
868126
868142
868336
868351
868505
868521
868533
868739
868897
868932
869029
869060
869072
869128
869138
869171
869254
869286
869323
869556
869682
869724
869948
870373
870415
870417
870505
870581
870689
870780
870849
870940
870991
871008
871213
871268
871317
871617
871821
871875
871911
872217
872364
872511
872615
872694
872895
872906
872930
872956
873045
873174
873364
873487
873511
873573
873702
873805
873835
873864
873869
873920
873929
874000
874111
874116
874169
874479
874482
874510
874652
874712
874727
874759
874830
874984
875029
875087
875193
875239
875288
875507
875530
875683
875808
876035
876077
876284
876372
876402
876473
876530
876628
876646
876710
877261
877355
877378
877395
877551
877633
877715
877719
877870
877913
877985
878000
878055
878083
878259
878508
878538
878630
878651
878654
878657
878666
878678
878698
879253
879362
879433
879477
879613
879684
879938
880038
880060
880193
880414
880485
880514
880562
880728
880935
880952
881224
881457
881527
881628
881632
882092
882102
882175
882259
882352
882435
882582
882604
882715
882802
882943
882956
883033
883102
883193
883295
883307
883424
883474
883559
883737
883821
883847
883898
883931
884067
884130
884210
884309
884358
884453
884486
884511
884542
884634
884661
884670
884746
884808
884865
884921
885337
885358
885453
885497
885574
885580
885679
885724
885788
885836
885929
886010
886039
886106
886153
886180
886223
886319
887096
887326
887327
887418
887443
887522
887550
887605
887672
887693
887726
887778
887828
887885
888241
888350
888444
888449
888985
889328
889465
889802
889939
890202
890288
890389
890660
890783
890863
890876
891380
891480
891546
891548
891584
891714
891717
892149
892155
892354
892395
892408
892460
892634
892717
892767
892781
892874
892887
892913
892965
892973
893267
893269
893273
893278
893303
893399
893510
893566
893676
893789
893855
893877
893931
893932
893986
894125
894343
894409
894474
894530
894535
894679
894700
894934
894973
895257
895280
895336
895488
895548
896000
896321
896351
896490
896531
896554
896637
896638
896750
896963
896993
897136
897354
897379
897445
897468
897648
897663
897700
897782
897846
898081
898207
898213
898415
898453
898711
898722
898866
898920
898968
898971
899067
899091
899161
899353
899386
899403
899407
899775
899834
899894
899976
900013
900173
900217
900238
900286
900482
900514
900576
900650
900659
900697
900860
900973
900986
901065
901213
901356
901493
901594
901673
901740
901757
901777
902147
902418
902782
902814
902892
902965
903000
903085
903112
903276
903605
904004
904048
904077
904112
904212
904271
904346
904412
904450
904536
904584
904585
904693
904759
904780
904819
904963
905110
905122
905424
905525
905530
905604
905608
905645
905965
906018
906019
906071
906171
906215
906296
906316
906363
906384
906426
906447
906459
906549
906594
906779
906874
906910
906940
907049
907075
907160
907294
907307
907372
907373
907381
907382
907447
907661
907810
907858
907877
907923
907940
907953
908104
908127
908307
908405
908497
908524
908607
908704
909032
909036
909180
909215
909283
909406
909828
909959
910043
910059
910280
910285
910442
910592
910599
910697
910810
911050
911175
911308
911312
911700
911730
911903
911991
912019
912059
912304
912605
912747
912763
913192
913313
913384
913468
913623
913625
913713
913714
913892
913941
914061
914102
914164
914204
914278
914580
914715
914723
914787
914824
914831
914852
915118
915233
915643
915666
915795
915832
915898
916080
916086
916321
916326
916391
916496
916520
916565
916785
917102
917197
917250
917323
917335
917665
917748
917801
917903
918138
918187
918194
918274
918356
918482
918643
918700
918808
918964
918977
918995
919276
919287
919357
919474
919625
919760
919816
919907
920266
920496
920534
920559
920607
920612
920663
920681
920731
920740
921072
921123
921226
921277
921288
921303
921591
921641
921791
921819
921965
922080
922153
922411
922515
922569
922636
922812
923013
923118
923127
923134
923309
923358
923419
923454
923460
923464
923566
923595
923817
923934
923963
924110
924186
924237
924347
924927
925006
925111
925407
925422
925449
925488
925665
925694
925852
925930
926025
926044
926098
926292
926382
926471
926547
926625
926695
926771
926913
927010
927033
927120
927214
927270
927437
927458
927469
927597
927933
927968
928576
928585
929215
929292
929365
929543
929615
929654
929799
929847
929958
930047
930161
930664
930675
930704
930708
930819
930825
930840
930972
931227
931251
931476
931541
931841
931852
932033
932526
932532
932659
932841
933018
933036
933096
933114
933126
933527
933545
933630
933712
934167
934183
934465
934578
934632
934717
934752
934831
934869
935050
935173
935225
935519
935531
935625
935771
935847
935882
935900
936091
936310
936322
936336
936382
936386
936459
936645
936690
936944
937124
937143
937145
937236
937450
937486
937844
938139
938177
938294
938589
938727
938735
938751
938757
938802
938874
939039
939089
939499
939522
939618
939636
939682
939728
939827
940041
940141
940180
940182
940202
940254
940262
940387
940545
940638
940736
940778
940867
940961
940969
940979
941144
941532
941634
941665
941732
941739
941836
942060
942142
942584
942689
942790
943040
943043
943053
943084
943140
943173
943272
943357
943375
943395
943422
943432
943529
944040
944046
944081
944146
944244
944301
944471
944677
944779
945055
945139
945203
945237
945261
945393
945443
945452
945509
945562
945705
945981
945982
946076
946152
946269
946380
946407
946567
946724
946928
946948
947021
947022
947171
947230
947233
947324
947358
947478
947594
947884
947906
947939
948289
948343
948684
948704
948747
948940
949033
949056
949119
949240
949287
949366
949367
949552
949581
949624
950199
950206
950329
950414
950435
950535
950550
950889
951137
951258
951352
951447
951463
951484
951509
951516
951553
951565
951803
951805
951833
951997
952010
952034
952343
952349
952357
952575
952651
952814
952820
952894
952901
953027
953124
953192
953310
953549
953555
953955
954018
954038
954091
954140
954683
954721
954733
954808
954870
954904
955019
955170
955260
955448
955525
955618
955721
955757
955777
955812
955883
955911
955919
956159
956209
956364
956408
956422
956516
956598
956603
956849
957040
957180
957698
957741
957918
957949
957990
958018
958023
958121
958168
958214
958260
958269
958397
958403
958496
958535
958558
958596
958653
958680
958793
958805
958880
958963
959199
959223
959265
959480
959563
959593
959626
959703
959784
959790
960058
960197
960443
960656
960664
960679
960796
960832
960999
961000
961146
961185
961224
961315
961522
961615
961620
962206
962229
962595
962870
963106
963238
963256
963589
963616
963643
963848
963978
964206
964288
964369
964568
964643
964742
964804
964849
964979
965096
965254
965292
965376
965567
965615
965689
965847
966046
966184
966288
966764
966845
966862
966894
967200
967232
967388
967488
967634
967991
968103
968128
968662
968781
968806
969084
969240
969303
969308
969357
969393
969426
969485
969632
969637
969780
969869
969905
969956
969997
970031
970075
970123
970133
970159
970430
970686
970695
970706
970741
971130
971261
971515
971579
971599
971799
971862
972045
972064
972237
972269
972500
972538
972597
972667
972920
972949
972976
973010
973266
973267
973442
973525
973588
973650
973839
973890
974214
974570
974585
974715
974802
974903
974945
974959
975019
975146
975216
975309
975385
975468
975607
975886
975901
975949
976032
976140
976145
976177
976207
976466
976497
976517
976840
976888
976930
977073
977427
977434
977563
977641
977762
977811
977832
977939
977941
977944
978292
978392
978396
978432
978623
978675
978703
978869
978908
978997
979086
979112
979227
979351
979366
979383
979515
979618
979782
979797
979839
980155
980268
980372
980391
980811
980867
980896
980948
981123
981149
981209
981211
981236
981429
981575
981690
981711
981835
981843
981847
982045
982435
982724
982986
983020
983078
983090
983243
983326
983331
983388
983526
983662
983861
983894
983900
984124
984168
984251
984360
984420
984443
984621
984665
984754
984825
984839
984868
984936
985067
985163
985399
985419
985466
985615
985639
985737
985993
986018
986234
986271
986502
986578
986582
986599
986883
986951
986966
986995
987015
987209
987281
987366
987385
987483
987706
987906
987937
987945
987959
988165
988240
988280
988283
988938
988958
989157
989234
989249
989525
989841
989918
989935
989946
990001
990210
990279
990362
990479
990485
990563
990577
990761
990811
990868
990932
990991
991247
991347
991397
991416
991528
991556
991812
991835
991950
991973
992107
992194
992245
992284
992311
992331
992347
992378
992641
992645
992858
993186
993455
993473
993535
993546
993604
993705
993773
993803
993902
994244
994370
994464
994485
994634
994881
994903
994929
994938
994969
995060
995105
995189
995291
995401
995438
995580
995593
995595
995717
995806
995933
995935
995990
996140
996366
996387
996576
996580
996789
997151
997166
997457
997569
997596
997840
997877
997894
998073
998161
998261
998278
998285
998311
998450
998539
998555
998628
998649
998650
998655
998782
998783
998860
998960
999101
999224
999277
999295
999318
999410
999432
999492
999629
999703
999924
999980
