17
278
359
439
656
684
687
715
790
918
939
997
998
1012
1127
1146
1261
1381
1384
1413
1422
1424
1467
1537
1689
1733
1804
1894
1966
1987
1993
2070
2203
2308
2401
2416
2579
2843
2918
2976
3033
3097
3128
3173
3273
3365
3445
3447
3674
3691
3740
3775
3934
3968
3979
4015
4116
4457
4622
4623
4640
4775
4830
4866
4875
4910
5074
5131
5290
5293
5341
5425
5452
5480
5526
5856
6206
6253
6297
6711
6767
6789
6951
7005
7082
7121
7220
7227
7238
7356
7363
7392
7414
7456
7466
7597
7665
7793
7827
8007
8120
8172
8302
8848
8871
8948
8950
9257
9419
9510
9853
9877
9895
9926
10160
10235
10309
10378
10385
10455
10497
10542
10564
10627
10844
10977
10982
11026
11384
11435
11443
11459
11641
12269
12376
12757
12782
12880
12896
12944
13012
13128
13179
13270
13319
13364
13392
13507
13541
13785
13886
13906
13950
14087
14199
14212
14320
14425
14437
14456
14549
14563
14587
14770
14887
14923
14949
15027
15072
15677
15755
15772
15792
15927
15973
16012
16023
16308
16515
16664
16698
17018
17023
17068
17074
17140
17349
17796
17813
18043
18117
18125
18166
18172
18207
18254
18293
18345
18389
18525
18701
18707
18883
18894
19014
19175
19217
19408
19430
19479
19510
19759
19766
19939
20095
20304
20418
20811
20838
20909
20966
21049
21155
21293
21360
21660
21679
21865
21887
21924
22136
22170
22211
22216
22226
22411
22519
22555
22597
22633
22727
22992
22998
23332
23564
23660
23725
23743
23824
23947
23963
23971
24029
24084
24203
24214
24281
24322
24885
24958
25112
25284
25469
25601
25662
25834
25891
26266
26302
26399
26494
26518
26594
26621
26630
26828
26939
27119
27197
27414
27451
27499
27542
27636
27764
27800
27873
28297
28363
28432
28459
28532
28545
28638
28744
28804
28815
28821
28902
29262
29285
29289
29502
29545
29662
29936
29990
29992
30082
30228
30338
30414
30664
30772
31063
31359
31375
31425
31466
31539
31607
31678
31754
32238
32353
32357
32434
32588
32613
32630
32680
32775
32916
33015
33109
33257
33270
33321
33407
33493
33514
33516
33684
34112
34153
34318
34418
34424
34449
34452
34501
34697
34704
34707
34712
34757
34825
34838
35025
35091
35096
35607
35682
35712
35746
35883
35888
36033
36054
36305
36541
36585
36820
36886
37006
37017
37185
37752
37813
37869
37879
37946
37991
38064
38083
38233
38310
38485
38488
38573
38651
39114
39212
39404
39581
39834
39920
39952
39999
40263
40345
40440
40645
40691
40724
40731
40740
40798
40831
40868
41109
41114
41138
41202
41331
41483
41516
41578
41629
41660
41709
41758
41847
41916
42024
42026
42075
42077
42174
42254
42390
42569
42721
42846
42857
42956
43193
43216
43255
43344
43370
43474
43535
43718
43767
43805
43860
43993
43996
44063
44081
44141
44164
44188
44364
44502
44520
44606
44608
44742
44743
45206
45245
45342
45396
45516
45881
45997
46021
46048
46065
46084
46194
46229
46277
46330
46571
46757
46839
46855
46941
47102
47345
47791
47796
48009
48103
48316
48344
48881
49073
49193
49251
49368
49696
49850
49891
50018
50115
50187
50226
50401
50429
50469
50629
50940
50962
51026
51111
51199
51456
51521
51555
51570
51597
51935
52133
52135
52156
52199
52265
52404
52425
52473
52485
52569
52795
52815
52848
52935
52948
52989
53072
53177
53423
53550
53603
53952
54077
54119
54132
54223
54271
54414
54599
54642
54656
54703
54995
55030
55134
55185
55282
55286
55328
55390
55508
55545
55607
55901
56198
56298
56717
56763
56886
57231
57274
57291
57323
57521
57544
57545
57561
57565
57619
57723
57819
57847
57901
57975
57977
57989
58042
58066
58287
58325
58741
58834
58840
58853
58892
58907
58928
58942
59062
59104
59151
59365
59405
59409
59411
59437
59781
59871
59898
59996
60029
60135
60155
60362
60431
60576
60667
60782
60844
61043
61152
61172
61340
61561
61681
61726
61757
61813
61834
62234
62367
62434
62511
62708
63010
63038
63116
63285
63299
63312
63319
63335
63548
63660
63722
63736
63800
63842
63859
63972
64009
64012
64024
64047
64444
64918
65055
65108
65109
65141
65156
65342
65511
65549
65560
65797
65891
66122
66182
66243
66344
66576
66666
66762
66782
66916
67104
67109
67866
68072
68144
68272
68411
68481
68511
68807
68840
69019
69024
69027
69030
69105
69126
69140
69321
69558
70171
70195
70244
70288
70439
70653
70662
70885
70935
71010
71029
71149
71181
71218
71235
71382
71434
71678
71847
71985
72017
72148
72149
72237
72484
72495
72550
72577
72619
72831
72848
73038
73156
73170
73187
73191
73247
73395
73447
73505
73629
73634
73822
74163
74285
74307
74352
74417
74418
74460
74485
74601
74832
74873
74918
75157
75200
75242
75248
75442
75460
75529
75646
75799
75925
76046
76118
76215
76349
76502
76621
76655
76682
76743
76790
76811
76861
77243
77260
77427
77544
77584
77681
77801
77830
77862
78091
78147
78225
78359
78504
78530
78799
78872
79154
79220
79434
79462
79464
79469
79655
79736
79861
79863
79885
79905
79996
80112
80155
80323
80349
80378
80522
80726
81139
81186
81197
81216
81282
81368
81466
81502
81506
81625
81632
81729
81756
81778
81787
81841
81873
81903
81932
82030
82240
82275
82360
82366
82375
82564
82653
82786
82828
82831
82919
83040
83061
83210
83240
83305
83435
83548
83624
83731
83754
83763
83767
83939
84146
84163
84473
84490
84521
84604
84706
85038
85180
85219
85388
85563
85643
85834
86128
86130
86152
86250
86381
86735
87197
87480
87703
87712
87928
87963
88180
88221
88353
88442
88553
88586
88593
88640
88665
88763
88797
88896
88929
89108
89160
89668
89685
89720
90040
90173
90319
90365
90374
90424
90605
90611
90657
90661
90691
90749
90775
90862
90936
90963
91771
91779
91792
91799
91900
92001
92084
92249
92271
92343
92375
92523
92687
92715
92812
92848
93367
93371
93372
93434
93563
93588
93609
93685
93883
93888
93912
94145
94179
94268
94309
94316
94430
94432
94435
94484
94611
94671
94952
94966
95171
95278
95346
95407
95501
95615
95630
95654
95713
95864
95889
95891
96417
96536
96611
96704
96786
96841
96893
97076
97095
97096
97122
97130
97341
97352
97423
97547
97683
97704
97738
97834
97900
98095
98287
98343
98356
98358
98450
98462
98626
98703
98801
98808
98816
98972
99074
99088
99167
99174
99490
99849
100305
100400
100447
100660
100674
100716
100811
100867
100914
100963
100971
101193
101239
101242
101247
101393
101486
101643
101720
101812
101959
102166
102195
102226
102289
102341
102357
102511
102561
102595
102853
103178
103225
103396
103451
103603
103740
103846
103910
104011
104132
104146
104320
104379
104467
104475
104480
104489
104570
104626
104970
104992
105119
105126
105140
105198
105240
105329
105411
105445
105461
105480
105595
105695
105769
105778
105835
105860
105864
105877
105983
106064
106096
106174
106249
106481
106519
106582
106600
106750
106911
106946
107012
107206
107412
107503
107795
107812
107839
107876
108082
108128
108160
108176
108190
108284
108321
108328
108515
108536
108589
108638
108736
108888
109530
109584
109648
109886
110026
110214
110388
110474
110527
110675
110683
110840
110968
111278
111314
111452
111463
111508
111555
111708
111810
111829
111964
112088
112302
112357
112439
112450
112548
112552
112717
112725
112837
112942
112995
113091
113153
113239
113260
113346
113387
113434
113476
113644
113897
113906
113928
113980
114307
114519
114520
114702
114736
114743
114824
114928
115019
115074
115164
115168
115253
115456
115622
115672
115727
115841
115939
116057
116157
116162
116185
116388
116414
116430
116560
116630
116648
116658
116867
116981
117050
117124
117234
117250
117344
117445
117491
117611
117750
117762
117911
117937
118106
118170
118241
118274
118294
118426
118464
118465
118489
118965
119186
119243
119415
119431
119442
119446
119535
119652
119757
119916
120270
120287
120506
120531
120784
120860
120913
120965
121018
121130
121279
121654
121772
121788
121811
121833
121834
121945
122055
122166
122187
122351
122382
122420
122498
122573
122758
122851
122902
122914
123034
123063
123074
123095
123114
123119
123162
123196
123211
123284
123435
123695
123749
123762
124341
124392
124606
124766
124780
124824
124917
125077
125151
125153
125309
125430
125542
125756
125826
125845
126150
126304
126345
126513
126588
126774
126915
126991
127066
127190
127369
127385
127467
127536
127591
127674
127753
128026
128079
128235
128300
128307
128439
128600
128731
128740
128744
128784
128899
128984
129063
129128
129171
129187
129221
129289
129420
129590
129731
129755
129772
129788
129790
129795
129841
129876
129897
130309
130331
130354
130417
130541
130652
130734
130842
130863
131114
131215
131305
131352
131603
131948
131993
132479
132485
132493
132675
132770
132982
133033
133162
133326
133479
133613
133645
134092
134101
134173
134194
134197
134233
134291
134438
134536
134870
134873
134874
134906
135112
135388
135406
135430
135492
135623
135661
135692
135801
135884
136215
136228
136284
136518
136564
136662
136977
137043
137059
137351
137526
137765
137812
137835
138011
138148
138283
138344
138350
138549
138616
138760
138856
138917
138965
139054
139172
139267
139284
139369
139498
139680
139727
139745
139935
140134
140551
140663
140801
140902
141809
141894
141927
142016
142046
142199
142354
142389
142424
142475
142727
142882
142920
142951
143041
143100
143106
143248
143270
143474
143615
143709
143786
144000
144147
144191
144365
144429
144441
144445
144480
144846
144903
144983
145006
145218
145384
145820
145867
146043
146086
146098
146100
146211
146238
146324
146377
146438
146478
146662
146815
146977
147157
147192
147234
147323
147332
147419
147536
147777
147982
148060
148271
148316
148390
148399
148418
148710
148779
148852
148887
148953
149091
149118
149271
149774
149825
149838
149862
149900
149903
150131
150151
150235
150237
150368
150395
150456
150689
151056
151329
151522
151651
151677
151860
151997
152047
152294
152327
152339
152556
152561
152662
152697
152754
152953
153330
153346
153361
153414
153431
153433
153463
153469
153491
153508
153512
153790
153800
153900
153936
153946
153969
154170
154261
154274
154299
154465
154674
154781
154856
154872
154883
154884
154930
154973
155091
155233
155246
155264
155335
155364
155397
155674
155697
155705
155706
155768
155783
155832
155929
155995
156208
156327
156340
156365
156373
156556
156571
156802
157017
157178
157202
157546
157700
157874
157882
157957
158098
158130
158188
158254
158372
158384
158431
158630
158733
159065
159447
159617
159839
159854
159998
160121
160147
160341
160421
160493
160627
160630
160675
160813
160885
160949
161080
161115
161153
161167
161338
161537
161756
161785
161993
162258
162384
162531
162627
162628
162862
163268
163354
163381
163440
163523
163528
163718
163898
164389
164511
165030
165297
165312
165334
165647
165774
165805
165851
165886
165986
166155
166269
166292
166570
166656
166678
166730
166788
166792
166838
166888
167053
167151
167215
167372
167383
167446
167591
167621
167632
167791
167974
168009
168280
168387
168461
168548
168624
168849
169044
169074
169096
169178
169480
169593
169820
169904
169970
170104
170111
170843
170859
170929
170959
170977
171000
171161
171228
171259
171289
171325
171344
171724
171758
171865
171947
171953
171981
172099
172131
172187
172256
172318
172392
172498
172542
172578
172725
172776
173183
173263
173378
173440
173510
173513
173637
173736
173880
174074
174404
174544
174560
174601
174685
174715
174963
174974
174976
175063
175093
175166
175569
175590
175622
175766
175894
175986
176165
176171
176572
176611
176634
177035
177129
177287
177578
177638
177673
177935
178059
178083
178133
178365
178378
178422
178603
178693
178812
178843
178862
178976
179020
179163
179260
179835
179863
179957
180084
180232
180247
180421
180536
180589
180855
181036
181162
181377
181423
181454
181540
181738
181764
181796
181800
181823
181892
181974
182056
182338
182360
182436
182438
182554
182628
183184
183348
183372
183417
183634
183740
183836
183903
183983
184009
184055
184267
184544
184629
184640
184687
184951
184961
185037
185113
185128
185225
185230
185241
185310
185316
185340
185402
185427
185473
185483
185538
185672
185920
185948
185961
186193
186236
186306
186591
186777
186914
187075
187108
187203
187247
187277
187355
187461
187516
187554
187667
187895
188319
188704
188777
189053
189197
189315
189398
189477
189543
189597
189815
189873
189885
190068
190089
190237
190263
190291
190303
190427
190762
190766
190994
191167
191208
191419
191425
191478
191675
191693
191825
191962
192026
192396
192401
192430
192653
192721
192840
192872
192963
192971
192991
193002
193112
193201
193209
193218
193463
193520
193526
193543
193583
193612
193623
193700
193713
193837
193932
194462
194541
194860
194918
194950
195059
195076
195120
195132
195255
195284
195400
195494
195706
195795
195847
196095
196222
196367
196702
196837
196854
196890
196915
197225
197414
197611
197620
197701
197848
197954
198121
198198
198536
198782
198849
198879
198899
199063
199246
199438
199451
199500
199554
199639
199776
199876
199885
199983
200138
200308
200350
200485
200496
200566
200584
200621
200712
200791
201233
201298
201360
201482
201569
201731
201740
201756
202070
202116
202124
202239
202423
202502
202739
202924
203009
203081
203338
203471
203486
203622
203632
203661
203852
203917
203943
203945
204116
204241
204316
204317
204384
204414
204601
204630
204668
205016
205117
205168
205170
205174
205563
205659
205675
205796
205853
205865
205877
205879
206122
206246
206291
206476
206619
206966
207096
207150
207174
207197
207517
207525
207618
207684
207694
207877
207935
207943
208072
208083
208179
208193
208221
208310
208339
208450
208478
208527
208610
208728
208740
209101
209123
209214
209342
209389
209475
209511
209636
209736
209821
209946
210010
210121
210131
210303
210652
210716
210903
211116
211130
211146
211208
211400
211412
211453
211500
211794
211825
211869
211870
211917
211964
212172
212189
212193
212232
212297
212433
212582
212782
212845
212875
213064
213213
213218
213251
213281
213330
213402
213434
213642
213726
213739
213772
213832
213880
213910
213955
213979
214053
214061
214244
214375
214401
214742
214820
214839
214981
214992
215102
215271
215397
215406
215818
215826
216056
216455
216474
216507
216588
216596
216640
216656
216680
216890
216937
216947
216973
217110
217224
217381
217560
217569
217583
217775
217777
217972
218109
218182
218261
218324
218475
218521
218542
218607
218638
218800
218831
218936
218954
219152
219402
219403
219598
219853
219914
219934
219951
219955
220104
220274
220546
220549
220787
220799
220890
221148
221202
221301
221492
221548
221631
222086
222155
222359
222434
222449
222516
222734
222970
223057
223058
223115
223228
223349
223365
223418
223437
223451
223560
223860
223879
223889
223956
224020
224237
224251
224345
224372
224457
224655
224671
224879
224944
225003
225011
225082
225132
225198
225481
225510
225721
225722
225813
225947
226042
226115
226215
226714
226814
227331
227398
227406
227440
227450
227456
227531
227560
227816
227902
228102
228237
228255
228308
228330
228365
228370
228409
228440
228443
228507
228664
228717
228732
228792
228815
228900
229002
229056
229118
229230
229438
230173
230595
231201
231482
231695
231825
232071
232077
232296
232423
232633
232870
232890
232951
232978
233061
233236
233238
233419
233521
233617
233715
233747
233765
233893
233894
233911
233950
233955
234368
234543
234682
234687
234732
235015
235073
235227
235273
235330
235426
235607
235701
235774
235858
236284
236392
236421
236444
236592
236728
236938
237110
237309
237324
237327
237392
237406
237491
237715
237724
237782
237828
237977
238062
238071
238194
238244
238247
238267
238428
238585
238713
238934
238947
239222
239294
239515
239783
239845
239872
239928
240227
240334
240446
240499
240502
240647
240661
240694
240706
240804
240838
240961
240962
240978
241056
241129
241186
241372
241420
241517
241612
241763
241771
241908
242021
242051
242067
242142
242256
242275
242293
242352
242412
242464
242543
242608
242674
242754
242759
242846
242861
242963
243077
243118
243243
243519
243573
243628
243638
243678
243740
243870
243978
244001
244185
244224
244296
244372
244373
244381
244535
244556
244597
244612
244635
244697
244768
244897
245018
245028
245161
245212
245251
245376
245577
245754
245867
245893
245959
246033
246109
246118
246305
246495
246578
246722
246814
247034
247066
247294
247328
247572
247588
247662
247664
247781
247915
247980
248054
248116
248143
248306
248353
248402
248435
248454
248574
248597
248704
248705
248727
249100
249168
249184
249190
249421
249449
249876
249918
249919
249967
250082
250173
250203
250227
250305
250421
250511
250586
251006
251204
251345
251373
251385
251437
251855
251940
251955
252056
252209
252214
252270
252273
252288
252468
252487
252499
252533
252543
252689
252802
252873
252876
253158
253287
253334
253350
253401
253435
254020
254103
254286
254491
254670
254714
254738
254955
255267
255330
255568
256013
256037
256135
256177
256226
256263
256285
256358
256403
256521
256550
256611
256659
256713
256714
256975
257018
257029
257047
257100
257121
257357
257539
257634
257751
257917
257994
258053
258166
258296
258408
258511
258714
258758
258831
258905
258992
259082
259279
259491
259570
259657
259674
259985
260058
260100
260156
260192
260199
260224
260233
260261
260335
260491
260753
260819
260849
261048
261197
261427
261649
261839
261971
262092
262115
262276
262285
262384
262495
262685
262780
262787
262876
262948
263112
263289
263461
263465
263930
264060
264178
264711
264804
264815
264865
264940
265207
265210
265262
265341
265399
265503
265596
265644
265831
265990
266049
266127
266326
266362
266388
266394
266575
266593
266622
266643
266671
266691
267132
267147
267166
267221
267275
267327
267331
267384
267442
267569
267645
267806
267870
268132
268203
268239
268291
268426
268433
268689
268691
268955
268982
268995
269121
269272
269350
269367
269522
269533
269768
269932
270097
270135
270169
270235
270400
270437
270567
270602
270760
270859
271012
271119
271142
271238
271265
271281
271355
271419
271452
271888
271952
271955
272055
272080
272192
272212
272326
272444
272479
272568
272658
272747
272890
273062
273193
273276
273385
273441
273443
273773
273811
274597
274815
274851
274882
274995
275003
275014
275181
275442
275443
275570
275768
276207
276280
276301
276452
276543
276607
276655
276669
276839
276859
276967
277238
277258
277421
277466
277547
277686
277694
277909
277933
277991
278026
278084
278209
278245
278329
278622
278623
278631
278635
278703
278943
279065
279209
279231
279247
279374
279458
279527
279720
279749
279991
280023
280033
280038
280077
280127
280140
280175
280186
280219
280572
280584
280716
280729
280795
280847
280915
281023
281111
281188
281194
281289
281301
281328
281408
281569
281711
282032
282069
282233
282235
282252
282283
282433
282533
282636
282671
282700
282751
283053
283080
283275
283439
283544
283721
283727
283800
283883
283951
284012
284139
284412
284773
284780
284893
284941
285061
285171
285180
285254
285381
285519
285539
285621
285887
286112
286189
286203
286400
286426
286449
286511
286592
286609
286652
287201
287368
287492
287639
287683
287685
288018
288055
288231
288367
288460
288467
288533
288575
288599
288624
288858
288957
289081
289172
289215
289260
289270
289303
289687
289755
289795
290124
290207
290242
290247
290360
290380
290427
290459
290471
290608
290622
290694
290819
290847
290917
290995
291103
291146
291317
291412
291421
291528
291542
291649
291708
291854
291865
291869
291939
291965
291973
292292
292319
292331
292581
292605
292634
293001
293068
293202
293234
293352
293646
294376
294421
294462
294520
294522
294539
294560
294847
295191
295253
295259
295336
295359
295419
295468
295664
295834
295870
295971
296082
296180
296186
296195
296223
296287
296288
296300
296386
296388
296419
296541
296586
296607
296634
296972
297039
297056
297315
297409
297472
297854
298005
298109
298228
298250
298429
298515
298602
298940
299099
299136
299158
299226
299249
299283
299528
299569
299602
299647
299683
299708
299710
299730
299929
300005
300125
300364
300435
300507
300556
300573
300627
300709
300881
300917
301146
301550
301559
301861
302276
302305
302465
302479
302527
302575
302648
302669
302739
302749
302757
302797
302879
303024
303057
303089
303129
303139
303170
303311
303331
303645
303661
303724
303781
303789
303914
304139
304229
304263
304452
304582
304683
304845
304995
305016
305213
305230
305379
305391
305414
305450
305700
305740
305801
305816
305836
305854
305987
306012
306133
306330
306600
306698
306715
306788
306867
306968
307037
307057
307102
307113
307338
307354
307361
307444
307475
307552
307555
308091
308102
308126
308130
308303
308362
308676
309212
309235
309249
309363
309431
309529
310178
310262
310358
310403
310477
310512
310651
311027
311139
311307
311486
311576
311577
311584
311788
311819
311832
311913
312103
312275
312305
312323
312437
312649
312779
312898
313148
313163
313275
313558
313716
313726
313844
313890
313968
314072
314097
314243
314270
314417
314486
314583
314761
314792
314918
314989
315063
315139
315200
315280
315354
315467
315500
315511
315753
315755
315785
315803
315835
315836
316053
316156
316160
316240
316271
316315
316446
316545
316574
316703
316818
316834
316853
316912
317077
317086
317139
317148
317150
317280
317287
317455
317469
317635
317738
317785
317823
317827
317938
317965
318013
318025
318337
318365
318372
318408
318501
318518
318730
318791
318805
318812
318856
318860
318934
318962
319054
319065
319116
319240
319255
319318
319402
319526
319527
319579
319812
319921
319932
319951
320097
320401
320576
320604
320640
320650
320709
320735
320884
320926
320952
321022
321123
321273
321556
321627
321831
321841
322147
322287
322472
322482
322761
322892
322894
322922
322934
322986
322995
323076
323306
323393
323464
323765
323767
323793
323800
323867
323895
323906
323947
324024
324142
324189
324340
324399
324454
324558
324693
324790
324813
324912
324922
325036
325531
325577
325777
325920
326026
326126
326203
326398
326527
326540
326613
326637
326672
326838
326872
326967
327027
327101
327123
327221
327273
327384
327637
327649
328136
328377
328612
328683
328858
328943
328987
329018
329021
329032
329085
329207
329295
329310
329333
329369
329482
329520
329591
329922
329949
330003
330260
330286
330288
330339
330779
330787
330821
330831
330915
330953
331153
331163
331179
331195
331309
331472
331511
331552
331685
331741
331996
332058
332256
332620
332810
332839
332864
333083
333184
333204
333394
333540
333740
333840
333851
333860
333866
334056
334106
334120
334283
334313
334510
334616
334697
334746
334760
335036
335170
335328
335421
335465
335509
335525
335538
335541
335739
336062
336072
336307
336962
336970
337059
337117
337661
337666
337669
337764
337765
337772
337778
337981
337991
338236
338468
338693
338696
339021
339053
339394
339404
339544
339635
339643
339885
340006
340127
340129
340142
340333
340352
340391
340459
340515
340605
340858
340931
341200
341219
341368
341507
341740
341885
341912
342029
342425
342514
342630
342650
342769
342950
342977
343111
343117
343186
343214
343227
343229
343390
343495
343553
343575
343674
343700
344001
344005
344039
344114
344120
344315
344369
344445
344500
344543
344704
344897
345044
345131
345305
345391
345500
345547
345721
345795
346019
346306
346323
346328
346436
346510
346596
346839
347009
347096
347147
347247
347253
347295
347510
347580
347593
347635
347789
347855
347960
348064
348086
348165
348190
348198
348219
348408
348436
348442
348509
348594
348599
348612
348615
348691
348883
348918
349349
349469
349524
349534
349548
349616
349639
349707
349739
349905
350422
350492
350519
350534
350540
350569
350573
350605
350641
350710
350825
350862
350874
350979
351339
351458
351788
351792
351814
351947
352016
352222
352338
352728
352834
352846
352951
353141
353226
353383
353631
353661
353738
354071
354078
354262
354341
354464
354782
354891
354915
355116
355220
355259
355406
355668
355827
355954
356063
356180
356255
356399
356457
356542
356592
356713
356757
356846
356896
356952
357222
357452
357463
357516
357525
357549
357572
357759
357764
357861
358293
358345
358402
358443
358533
358542
358630
358696
358703
358822
359095
359152
359188
359619
359696
359824
359875
360102
360142
360146
360176
360194
360201
360343
360562
360637
360771
360833
360852
360968
361007
361016
361381
361417
361479
361619
361784
361810
362171
362183
362214
362437
362626
362657
362728
362761
363149
363243
363255
363577
363642
363661
363754
363986
364095
364190
364289
364383
364394
364485
364504
364653
364804
364926
364929
365034
365044
365070
365376
365457
365509
365520
365821
365870
365919
365966
366080
366166
366418
366515
366601
366644
366663
366669
366814
366828
366839
366919
367119
367184
367185
367292
367301
367338
367712
367762
367902
368221
368345
368396
368883
369035
369167
369286
369315
369394
369521
369785
369926
370014
370066
370167
370168
370253
370268
370303
370508
370614
370649
370753
371172
371332
371344
371387
371525
371571
371697
372007
372040
372120
372350
372353
372356
372483
372749
372884
373039
373046
373215
373280
373330
373359
373423
373542
373569
373714
374038
374040
374067
374078
374202
374256
374264
374320
374337
374641
374839
375257
375300
375492
375493
375495
375508
375555
375758
375805
375835
376086
376249
376399
376430
376431
376458
376520
376812
376814
377006
377147
377157
377205
377255
377264
377306
377338
377565
377616
377737
377750
377883
378103
378126
378136
378339
378500
378704
378746
378814
378859
379048
379064
379094
379305
379556
379594
379653
379922
379983
380169
380173
380354
380388
380415
380435
380450
380514
380517
380533
380731
380835
380958
380982
381008
381037
381083
381176
381183
381184
381245
381295
381352
381453
381469
381564
381574
381612
381628
381781
381991
382082
382095
382186
382229
382480
382486
382564
382684
382741
382757
382875
382947
383171
383376
383392
383539
383693
383773
383852
383932
383933
384098
384118
384123
384167
384191
384266
384352
384364
384446
384482
384577
384652
384759
384935
384988
385067
385079
385095
385114
385270
385490
385594
385601
385807
386013
386016
386107
386167
386733
386942
387035
387054
387134
387263
387299
387342
387602
387633
387809
387832
387875
387883
388013
388059
388160
388167
388288
388342
388356
388359
388446
388545
388706
388977
389141
389185
389225
389229
389312
389459
389568
389758
389763
389776
389778
390142
390208
390304
390325
390376
390514
390580
390684
390737
390788
391107
391336
391411
391459
391564
391661
391742
391775
391779
391875
391878
392019
392029
392232
392389
392407
392556
392608
392657
392731
392837
392863
392882
392943
393003
393018
393034
393296
393343
393378
393383
393437
393514
393659
393671
393790
393905
393992
394035
394107
394226
394230
394256
394602
394646
394987
395151
395158
395187
395302
395414
395527
395685
395766
395783
395818
395874
395910
395989
396031
396148
396308
396365
396398
396441
396455
396470
396622
396623
396703
396861
396871
396906
397029
397043
397300
397357
397395
397476
397481
397521
397541
397584
397601
397725
397852
397911
397918
398148
398176
398547
398561
398568
398580
398609
398795
399109
399309
399414
399430
399475
399488
399511
399618
399671
399695
399736
399835
399878
400024
400034
400041
400251
400389
400510
400544
400604
400700
400748
400785
400796
400809
400955
401077
401130
401188
401215
401307
401414
401465
401512
401534
401581
401593
401633
401790
401819
401835
401923
401949
402054
402059
402110
402250
402279
402390
402554
402602
402655
402716
402744
402859
402931
403008
403035
403135
403259
403334
403387
403391
403422
403439
403620
403794
404080
404137
404174
404182
404229
404436
404484
404511
404582
404624
404702
404727
404793
404796
404826
404844
404893
404956
405023
405074
405238
405471
405560
405688
405786
405826
405900
406013
406110
406150
406174
406305
406335
406369
406385
406426
406560
406630
406649
406857
406911
406930
407121
407164
407169
407211
407296
407334
407658
407692
407701
407788
407942
407945
408058
408165
408426
408510
408555
408570
408603
408664
408819
408824
408857
408901
408942
408953
409292
409412
409440
409686
409724
409998
410006
410401
410435
410581
410582
410596
410647
410802
410834
410877
410885
410913
411004
411021
411182
411380
411475
411640
411915
411936
412100
412533
412631
412737
412759
412831
412894
412926
413088
413135
413196
413440
413472
413642
413793
413832
413921
414001
414343
414416
414531
414710
414729
415024
415037
415200
415281
415476
415501
415578
415644
415751
415819
416000
416142
416546
416586
416774
416788
416843
416893
416898
416903
417013
417479
417781
417908
417927
418002
418296
418364
418466
418635
418650
418680
418689
418703
418717
418833
418985
419000
419095
419102
419124
419330
419652
420093
420164
420213
420254
420471
420564
420612
420663
420666
420826
420972
421030
421147
421307
421313
421688
421767
421984
422103
422364
422434
422601
422658
422710
422796
422959
423004
423009
423108
423116
423326
423510
423532
423607
423658
423718
423871
423914
423947
423983
424170
424212
424579
424789
424964
424975
424988
425194
425353
425546
425567
425583
425935
426143
426345
426445
426499
426637
426643
426966
427061
427145
427204
427287
427323
427394
427440
427559
427571
427588
427610
427616
427917
427932
427995
428094
428281
428366
428690
428812
428821
428896
428914
429055
429130
429206
429365
429383
429470
429498
429669
430069
430145
430178
430195
430345
430379
430498
430542
430571
430671
430779
430883
430894
431111
431164
431437
431964
432134
432268
432366
432369
432424
432485
432528
432585
432721
432849
433090
433203
433256
433328
433343
433421
433523
433564
433595
433680
433731
433775
433845
433987
434113
434417
434536
434537
434555
434566
434651
434735
434750
434823
434987
434997
435129
435259
435261
435335
435411
435453
435510
435511
435866
435918
435947
435953
436019
436116
436172
436313
436320
436534
436547
436552
436619
436695
436889
436993
437043
437210
437519
437550
437823
437828
438010
438089
438096
438247
438357
438797
438852
439042
439498
439541
439559
439579
439661
439778
439865
440011
440020
440183
440269
440340
440505
440650
440713
440738
440809
440825
440888
441000
441029
441097
441289
441338
441487
441614
441665
441706
442141
442167
442174
442223
442256
442280
442303
442495
442533
442553
442558
442625
442756
442763
442915
442924
443002
443304
443307
443532
443578
443623
443818
443820
444042
444062
444082
444134
444214
444416
444421
444503
444547
444576
444624
444690
444693
444710
444812
444850
445002
445400
445486
445632
445763
445859
445871
446069
446124
446128
446194
446215
446243
446258
446359
446491
446985
446999
447007
447021
447174
447176
447328
447452
447519
447570
447587
447588
447931
447980
448026
448214
448354
448370
448426
448581
448964
448996
449075
449162
449216
449300
449319
449407
449431
449633
449704
449778
449872
449967
449968
450048
450262
450453
450490
450519
450549
450612
450656
450676
450763
450843
450969
451042
451071
451199
451518
451532
451625
451690
451914
451916
451972
452074
452339
452361
452376
452552
452726
452770
452827
452905
452952
452955
452992
453096
453154
453160
453271
453279
453375
453527
453538
453588
453707
453791
453848
453879
453891
453903
453961
453962
454093
454435
454585
454586
454700
454787
454918
455000
455277
455300
455343
455397
455736
455740
455750
455823
456103
456273
456583
456679
456746
456769
456804
457131
457640
457686
457875
457960
458167
458303
458306
458381
458534
458701
458774
458825
458920
459006
459209
459427
459587
459858
459949
460075
460267
460317
460493
460679
460710
460738
460874
460909
460920
460933
460940
460948
461062
461174
461230
461425
461453
461711
461843
462090
462107
462128
462165
462228
462491
462821
462823
462838
462885
462899
462931
462938
463435
463478
463601
463703
463801
463966
463985
464111
464177
464280
464342
464467
464568
464610
464739
464760
464915
465087
465192
465252
465391
465401
465525
465655
465658
465683
466064
466167
466230
466241
466566
466969
466985
467054
467113
467178
467367
467409
467493
467581
467614
467633
467822
467990
468049
468090
468150
468243
468292
468312
468449
468454
468515
468560
468626
468703
468712
468791
469014
469112
469225
469355
469369
469414
469467
469489
469547
469588
469712
469949
470001
470005
470043
470207
470282
470478
470508
470511
470623
470667
470720
470772
470817
470832
471099
471103
471188
471631
472144
472279
472356
472386
472407
472563
472809
472821
472879
472929
473020
473091
473208
473328
473340
473394
473515
473543
473676
473789
473974
474077
474154
474210
474390
474410
474440
474536
474704
474708
474760
474951
475133
475150
475208
475226
475311
475335
475390
475468
475547
475821
475863
475996
476058
476314
476398
476497
476619
476620
476631
476775
476776
476807
477070
477121
477139
477349
477351
477425
477510
477656
477860
478017
478082
478121
478270
478300
478741
478751
478812
478935
479054
479252
479384
479689
479846
480022
480064
480144
480296
480437
480529
480546
480585
480628
481023
481049
481201
481229
481304
481322
481352
481371
481463
481464
481627
481812
481825
481844
481865
481924
481961
482423
482461
482545
482587
482698
482709
482922
483008
483030
483101
483272
483301
483366
483506
483509
483546
483590
483721
483835
483846
483874
483877
483896
484022
484048
484068
484102
484121
484194
484242
484507
484671
484752
484964
484978
485103
485242
485330
485580
485879
485961
486111
486114
486133
486451
486498
486556
486673
486762
486797
486869
486983
487007
487059
487069
487228
487280
487287
487324
487540
487548
487745
487791
487872
487931
487983
488079
488166
488208
488233
488244
488316
488332
488527
488615
488702
488708
488827
488835
488840
488870
488955
489156
489346
489367
489433
489468
489506
489511
489562
489847
490117
490128
490241
490432
490836
490968
491071
491120
491124
491168
491283
491347
491427
491650
491692
491822
492088
492447
492464
492494
492908
493354
493365
493497
493581
493620
493665
493778
493867
493875
493964
494021
494024
494065
494297
494478
494509
494533
494593
494649
494706
494714
494739
494767
494813
495004
495052
495100
495154
495424
495429
495514
495545
495602
495650
495742
495876
495889
496267
496311
496326
496432
496488
496531
496664
496729
496845
496903
496957
497058
497131
497198
497304
497553
497824
497916
498196
498232
498324
498497
498500
498597
498641
498664
498762
498964
499115
499201
499226
499292
499555
499618
499643
499749
499787
499826
499936
500125
500148
500187
500209
500287
500288
500319
500340
500343
500359
500416
500496
500782
500980
500997
501077
501122
501248
501344
501529
501537
501671
501855
502002
502115
502124
502178
502185
502206
502911
502974
503016
503194
503223
503268
503317
503340
503377
503607
503628
503797
503867
503885
503941
503963
503978
503997
504416
504476
504547
504562
504570
504627
504744
504809
504842
505042
505056
505129
505181
505372
505562
505568
505621
505633
505739
505821
505934
506158
506197
506224
506261
506514
506607
506784
506850
507010
507023
507057
507263
507294
507295
507458
507577
507600
507758
507822
507943
507997
508210
508313
508541
508607
508679
508701
508731
508886
508952
509080
509124
509338
509555
509571
509586
509635
509900
510052
510116
510296
510334
510430
510638
510668
510972
511128
511237
511437
511458
511554
511712
511790
511988
512045
512266
512273
512319
512379
512382
512665
512844
512865
512914
512942
512987
513036
513122
513418
513457
513477
513774
513831
513883
514009
514077
514084
514156
514200
514264
514271
514310
514372
514390
514542
514559
514586
514972
515024
515332
515389
515439
515607
515728
516067
516112
516137
516202
516213
516417
516549
516607
516638
516673
516725
516727
516737
516853
516885
516916
517088
517257
517261
517291
517296
517422
517465
517523
517563
518003
518084
518162
518219
518331
518450
518667
518675
519097
519410
519628
519756
519971
520086
520103
520178
520388
520673
520729
520874
520919
520937
521092
521135
521212
521248
521364
521382
521430
521442
521494
521853
521859
522011
522015
522019
522039
522191
522200
522375
522407
522422
522606
522784
522900
522936
523183
523306
523335
523487
523734
523786
523912
524233
524393
524423
524445
524806
524902
524926
525014
525030
525179
525484
525686
525723
526038
526099
526129
526157
526192
526316
526359
526463
526561
526802
527014
527041
527330
527341
527422
527452
527665
527849
528006
528132
528249
528310
528387
528681
528700
528816
528972
529129
529151
529380
529386
529393
529460
529615
529650
529832
529859
529877
529894
530143
530255
530358
530388
530578
530628
530735
530788
530797
530877
531062
531291
531782
532138
532381
532492
532515
532537
532697
532836
533104
533207
533271
533338
533382
533429
533465
533475
533489
533614
534024
534067
534218
534312
534356
534372
534527
534534
534653
534726
534968
534981
535106
535166
535351
535384
535407
535431
535451
535557
535893
535928
536083
536118
536273
536315
536634
536877
536886
536902
536930
537023
537031
537131
537203
537279
537329
537604
537645
537766
537793
537827
538112
538229
538326
538350
538407
538476
538564
538658
538763
538772
538836
538915
539001
539060
539064
539067
539227
539340
539352
539426
539529
539640
539815
539829
539863
539931
539968
540019
540164
540235
540396
540513
540550
541129
541209
541443
541561
541665
541822
541864
541951
542111
542122
542182
542206
542271
542336
542524
542595
542612
542622
542761
542896
543106
543510
543567
543576
543621
543723
543843
543884
543955
544035
544039
544119
544225
544313
544571
544758
544766
545043
545231
545534
545608
545786
545824
545830
545855
545932
545945
546094
546273
546346
546706
546736
546788
546843
547040
547051
547082
547145
547271
547297
547317
547387
547429
547477
547691
547738
547741
547797
547806
547929
548004
548103
548122
548129
548219
548347
548385
548500
548516
548571
548581
548628
548703
548727
548729
548767
548987
549078
549169
549191
549389
549446
549522
549539
549636
549781
549831
550022
550113
550275
550386
550406
550616
550620
550743
550794
550848
550957
551030
551033
551097
551117
551162
551250
551413
551535
551630
552103
552139
552179
552292
552319
552436
552534
552582
552722
552753
552858
552867
553081
553126
553233
553304
553473
553705
553898
553966
554078
554092
554292
554663
554668
554741
554931
555017
555023
555054
555111
555378
555520
555547
555695
555860
555884
555951
556022
556058
556102
556127
556254
556473
556596
556619
556749
556958
557092
557159
557168
557179
557180
557343
557507
557629
557730
558033
558233
558357
558479
558490
558711
559035
559166
559230
559289
559399
559453
559603
559623
559732
559800
559911
559960
560165
560465
560525
560642
560680
560719
560743
560749
561042
561211
561216
561242
561324
561331
561438
561449
561633
561670
561849
561897
561922
561932
562020
562047
562080
562133
562316
562513
562655
562737
562788
562834
562934
563096
563131
563236
563333
563386
563558
563970
563999
564225
564276
564344
564434
564561
564602
564779
564803
564908
565030
565270
565293
565303
565341
565436
565469
565525
565656
565660
565716
565945
566011
566436
566565
566664
566823
566921
567024
567157
567189
567240
567293
567338
567371
568117
568300
568337
568457
568781
568808
568956
569032
569161
569361
569388
569463
569575
569606
570034
570043
570171
570192
570265
570364
570465
570543
570595
570855
570910
570967
571482
571613
571826
571965
572136
572344
572365
572462
572767
572803
572808
572822
573010
573348
573360
573409
573430
573658
573680
573685
573956
573957
574241
574332
574702
574742
574933
574954
575007
575328
575377
575394
575768
575914
576351
576399
576426
576507
576604
576606
576752
576769
576799
576811
576867
577140
577230
577320
577336
577472
577517
577590
577901
577916
577934
577946
578190
578341
578642
578778
578894
578930
579046
579087
579237
579382
579571
579731
579899
580216
580235
580260
580446
580462
580528
580558
580649
580677
580681
580763
580783
580955
581053
581130
581344
581388
581659
581812
581825
581839
582047
582071
582118
582183
582253
582381
582430
582527
582736
582884
582961
582968
583071
583174
583290
583465
583581
583687
583700
583727
583752
583772
583803
583846
583895
583977
584007
584152
584185
584223
584249
584258
584394
584799
584941
584946
584977
585099
585200
585239
585392
585493
585512
585542
585568
585663
585700
585909
586027
586116
586130
586306
586542
586555
586569
586598
586599
586732
586965
587188
587446
587518
587691
587734
587861
588098
588253
588347
588573
588630
588655
588897
588954
589035
589132
589284
589430
589789
589870
589982
590069
590111
590124
590249
590258
590508
590530
590533
590584
590716
590763
590901
590926
590965
591105
591144
591322
591434
591621
591832
591939
592241
592561
592594
592619
592657
593270
593290
593307
593420
593651
593787
593882
593901
594249
594444
594483
594621
594683
594770
595121
595279
595315
595342
595561
595640
595775
596265
596639
596646
596709
596859
597011
597158
597171
597244
597532
597542
597556
597707
597767
597788
597790
597992
598004
598015
598073
598281
598413
598496
598692
598698
598840
599007
599068
599234
599258
599363
599411
599534
599546
599787
600379
600383
600741
600779
600829
601061
601077
601156
601309
601376
601401
601440
601612
601704
601780
601874
601881
601964
602170
602266
602285
602372
602459
602497
602762
602793
602826
602833
602868
602923
603019
603188
603202
603213
603385
603569
603593
603912
603982
604142
604302
604309
604392
604424
604579
604590
604671
604694
604970
604991
604995
605002
605103
605148
605258
605464
605545
605568
605613
605618
605983
605994
606067
606137
606603
606697
606870
607020
607102
607248
607272
607550
607615
607867
608089
608131
608141
608193
608267
608413
608541
608669
608888
608915
609172
609251
609322
609397
609462
609480
609512
609583
609586
609614
609879
610016
610200
610252
610262
610266
610410
610671
610973
611158
611274
611315
611595
611643
611813
611825
611932
612018
612189
612247
612481
612519
612648
612791
612795
613032
613049
613203
613277
613332
613360
613411
613439
613443
613624
613643
613720
613733
614141
614328
614423
614531
614926
615004
615085
615217
615286
615552
616026
616162
616206
616387
616488
616565
616638
616896
616957
617081
617083
617218
617277
617281
617406
617486
617513
617594
617602
617610
617914
618039
618093
618137
618231
618236
618290
618314
618469
618550
618556
618580
618778
618788
618904
619040
619071
619234
619286
619550
619604
619688
619934
620018
620142
620172
620187
620343
620482
620518
620591
620735
620786
620867
621007
621120
621267
621307
621332
621535
621583
621795
621936
622000
622135
622148
622192
622469
622474
622550
622641
622758
622775
622826
622953
623105
623184
623209
623280
623332
623360
623474
623477
623785
623875
624000
624157
624301
624513
624515
624720
624807
624814
624934
624969
625050
625178
625192
625209
625393
625463
625495
625537
625548
625905
626310
626340
626437
626489
626732
626771
627064
627231
627449
627777
627861
628124
628158
628267
628356
628381
628393
628430
628636
628646
628649
628748
628895
629046
629126
629182
629435
629458
629475
629476
629627
629664
629675
629698
629724
629741
629776
629824
629869
630053
630132
630172
630226
630248
630628
630742
630750
630953
630957
631065
631155
631204
631260
631555
631598
631753
631859
631972
631985
632286
632406
632627
632696
632741
632742
633061
633328
633337
633409
633635
633689
633709
633712
633864
634008
634083
634334
634460
634583
634586
634653
634927
634938
635020
635189
635192
635338
635448
635450
635454
635588
635631
635696
635793
635795
635847
635851
635886
636026
636201
636209
636276
636358
636429
636478
636727
636773
636826
636878
637342
637620
637928
638056
638084
638121
638153
638184
638254
638359
638432
638461
638482
638558
638699
638711
638734
638918
639040
639302
639319
639757
639918
640016
640099
640147
640249
640368
640609
640728
640955
640994
641042
641116
641129
641144
641254
641288
641643
641731
641969
642262
642295
642639
642694
642884
642967
643035
643131
643369
643445
643536
643698
643711
643815
643833
643934
643965
643980
644073
644092
644342
644393
644725
644739
644894
644927
645081
645174
645221
645494
645655
645796
645814
645895
646175
646216
646281
646439
646442
646552
646598
646626
646750
646830
646961
647033
647052
647109
647162
647197
647267
647351
647406
647459
647555
647571
647762
647772
647778
647813
647978
648002
648248
648333
648367
648416
648668
648712
648752
648788
648856
648948
649044
649104
649181
649231
649356
649596
649723
649768
649773
649774
649812
649815
649858
649874
649875
650039
650136
650582
650744
650845
651035
651091
651390
651408
651409
651475
651554
651636
651747
651766
651872
651908
651944
652054
652200
652228
652378
652489
652635
652642
652707
652708
652780
652798
652861
652939
652967
653050
653270
653356
653557
653683
653716
653761
653762
653815
653830
654133
654141
654310
654518
654565
654571
654655
654770
654960
655129
655206
655273
655401
655566
655680
655836
655841
655963
655988
656050
656055
656208
656230
656339
656497
656916
656981
657097
657155
657533
657597
657729
657742
657773
657862
657865
657989
658080
658160
658177
658258
658627
658632
658645
658708
658801
658837
658908
658910
659091
659223
659417
659630
659640
659730
659853
659959
660081
660116
660271
660366
660420
660636
660948
661155
661160
661238
661256
661308
661397
661423
661462
661745
661901
661960
662238
662299
662388
662471
662476
662789
662877
663018
663071
663277
663400
663486
663495
663582
663775
663911
663964
664270
664280
664381
664795
664888
664947
665232
665345
665371
665388
665499
665687
665934
665948
665978
666275
666277
666290
666394
666497
666622
666890
667290
667345
667355
667654
667664
667774
667777
667829
667840
668009
668148
668441
668529
668678
668705
668722
668744
669029
669195
669575
669939
670014
670246
670379
670462
670518
670539
670700
670720
670736
670948
670954
671093
671113
671294
671333
671675
671913
671949
671977
672219
672244
672304
672334
672533
672652
672758
672781
673347
673381
673490
673500
673644
673678
673697
673814
673909
674044
674132
674185
674303
674336
674751
674921
674991
674996
675015
675180
675182
675242
675375
675412
675445
675610
675657
675674
675710
675727
675830
676079
676297
676477
676478
676525
676609
676643
676812
676866
677014
677018
677043
677206
677326
677361
677390
677397
677431
677520
677531
677673
677719
677780
677836
677913
677925
678015
678199
678286
678375
678417
678443
678537
678574
678663
678704
678789
678874
679066
679087
679114
679254
679282
679382
679457
679458
679546
679788
679843
679990
680207
680245
680250
680385
680434
680584
680715
680791
680895
680905
680956
681174
681348
681586
681603
681726
681764
681773
681915
681916
681980
681994
682066
682103
682360
682363
682409
682492
682579
682660
682766
682848
682963
682979
683006
683132
683296
683331
683465
683597
683609
683627
683670
683887
684034
684295
684331
684557
684625
684651
684791
684809
684885
684940
685316
685540
685623
685704
685718
685723
685829
685900
685987
686170
686245
686286
686422
686494
686588
686662
686774
686788
686850
687224
687276
687367
687618
687695
687837
687970
688035
688036
688053
688085
688205
688373
688383
688462
688549
688637
688740
688777
688902
688923
688925
688965
689076
689094
689136
689321
689325
689429
689582
689665
689757
689766
689821
689847
689874
689953
689992
690016
690109
690141
690336
690613
690682
690804
690941
690977
691140
691148
691183
691312
691693
691994
692346
692406
692439
692507
692517
692582
692696
692961
692991
693230
693396
693421
693431
693436
693525
693633
693790
693850
693872
694055
694185
694223
694347
694392
694574
694665
694761
694865
694894
694922
695003
695006
695043
695153
695803
695874
695972
695976
696082
696239
696269
696305
696345
696583
696651
696709
696736
696741
696781
696782
696872
696906
696949
697146
697499
697579
697667
697707
697758
698009
698493
698591
698790
698844
698961
698973
699059
699102
699113
699125
699287
699322
699484
699590
699825
699898
699996
700062
700208
700252
700446
700454
700547
700624
700646
701061
701348
701380
701524
701687
701863
702285
702301
702398
702413
702562
702714
702752
702929
702986
702991
703138
703222
703245
703317
703577
703638
703767
704198
704315
704370
704464
704507
704552
704625
704686
704764
704881
704943
705102
705119
705147
705192
705237
705277
705340
705358
705442
705686
706011
706149
706206
706258
706411
706457
706571
706595
706638
706668
706882
706921
706963
706991
707119
707127
707178
707228
707255
707367
707638
707651
707687
707870
707871
708143
708181
708263
708273
708327
708337
708341
708434
708476
708924
709073
709091
709167
709232
709253
709354
709475
709511
709518
709609
709649
709695
709730
709811
710049
710073
710081
710287
710354
710367
710582
710597
710976
711091
711158
711321
711353
711465
711475
711555
711792
711917
711948
712059
712206
712207
712252
712261
712723
712737
712844
713111
713118
713127
713137
713215
713221
713261
713326
713517
713569
713583
713696
713719
713742
713784
713835
713863
714157
714168
714306
714310
714318
714395
714489
714549
714571
714918
715046
715263
715332
715588
715639
715722
715828
715922
716029
716052
716100
716125
716308
716655
716832
716855
716920
717010
717184
717234
717347
717378
717461
717519
717709
717873
717903
717979
718013
718030
718239
718323
718353
718606
718652
718663
718694
718728
718790
718861
718893
718987
719099
719288
719451
719512
719524
719732
719930
720002
720060
720065
720130
720173
720181
720205
720281
720333
720382
720472
720670
720734
720840
720911
721167
721229
721302
721569
721601
721611
721679
721711
721715
721767
721884
721912
721948
721966
721983
721993
722086
722118
722139
722350
722374
722399
722491
722679
722683
722691
722838
722864
722887
722910
722954
723120
723124
723213
723389
723483
723530
723533
723752
723779
723842
723909
723930
723991
724091
724195
724209
724225
724415
724547
724551
724719
724810
725023
725147
725255
725262
725376
725460
725523
725540
725764
725785
726358
726412
726420
726766
726894
726922
726950
727008
727016
727047
727131
727171
727237
727290
727332
727483
727546
727598
727747
727819
727982
728019
728296
728468
729068
729083
729102
729357
729477
729579
729702
729788
729796
729800
729869
730098
730138
730236
730343
730407
730659
730703
730704
730729
730775
730983
731065
731137
731197
731239
731460
731483
731487
731548
731595
731597
731703
731778
731806
731937
731942
732238
732247
732288
732322
732373
732415
732447
732477
732518
732524
732636
732695
732783
732811
732978
733059
733062
733326
733354
733419
733480
733868
733896
733943
733950
734060
734217
734277
734509
734755
734828
734979
734985
735001
735003
735300
735393
735429
735445
735480
735541
735631
735774
735906
736125
736145
736251
736505
737025
737044
737074
737178
737362
737543
737555
737818
737907
737986
738035
738100
738108
738201
738370
738403
738607
738809
739117
739211
739254
739260
739341
739369
739453
739700
739717
739722
739762
739890
739949
740040
740135
740240
740252
740326
740558
740591
740641
740969
740997
741014
741020
741052
741096
741109
741208
741293
741309
741328
741435
741931
742035
742207
742327
742385
742605
742678
742967
743055
743381
743390
743475
743714
743835
743926
743940
743943
743949
744212
744235
744323
744417
744471
744478
744485
744487
744519
744541
744575
744625
744696
744838
745022
745239
745459
745502
745585
745617
745629
745686
745779
746288
746711
746992
747302
747578
747599
747631
747828
747962
747996
748197
748259
748319
748370
748376
748467
748627
748868
748984
748996
749002
749355
749414
749522
749571
749580
749687
749745
749779
749803
750021
750098
750152
750533
750617
750686
750708
750749
750795
750821
750902
750904
751180
751243
751314
751508
751600
751701
751805
751869
751883
751978
752010
752056
752145
752159
752167
752209
752433
752452
752542
752554
752671
752711
752713
752733
752946
752983
752987
752992
753056
753107
753286
753437
753473
753622
753685
753727
753780
753792
753990
753995
754141
754142
754150
754311
754433
754463
754583
754812
754822
754994
755116
755316
755325
755766
755779
755892
755906
755926
755934
756058
756077
756181
756232
756349
756386
756515
756718
756738
757090
757103
757147
757195
757243
757373
757375
757406
757409
757541
757625
757768
757988
758263
758423
758679
759013
759017
759164
759212
759247
759251
759365
759383
759512
759794
759990
760027
760134
760179
760215
760349
760364
760563
760602
760708
761051
761236
761285
761466
761726
761733
761830
761982
762174
762366
762394
762518
762545
762739
762774
762803
762956
763003
763026
763057
763118
763163
763290
763314
763360
763394
763495
763565
763662
763729
763762
763767
763828
763936
764083
764328
764455
764487
764516
764709
764843
764917
765132
765144
765162
765200
765236
765391
765400
765485
765636
765722
765733
765744
765884
766012
766128
766339
766474
766522
766524
766706
766782
766794
766854
767024
767305
767375
767468
767725
767807
767986
768137
768193
768238
768263
768329
768459
768471
768663
768804
768852
768909
768955
768970
769098
769130
769167
769215
769298
769358
769497
769757
769759
769806
769845
769991
770004
770013
770081
770189
770228
770237
770399
770408
770436
770504
770717
770729
770801
770907
770909
771163
771430
771480
771648
771651
771669
771703
771871
771974
772020
772123
772152
772182
772193
772202
772533
772600
772830
772850
773302
773392
773461
773468
773531
773545
773586
773597
773848
773857
773953
774014
774052
774120
774149
774159
774183
774275
774335
774634
774797
774806
774831
775286
775315
775332
775699
775923
776055
776103
776379
776434
776511
776677
776942
777031
777050
777077
777109
777112
777308
777403
777457
777514
777771
777979
778039
778077
778169
778252
778293
778389
778449
778475
778505
778641
778775
778777
778797
778906
778967
779043
779185
779223
779862
780053
780083
780123
780162
780172
780401
780404
780489
780612
780723
780821
780879
780882
780896
780945
781081
781219
781262
781596
781637
781648
781684
781691
781879
781889
781956
782133
782214
782370
782503
782589
782637
782657
782758
782766
783145
783180
783329
783336
783378
784285
784485
784661
784873
784989
785076
785137
785167
785251
785384
785465
785696
785821
786206
786292
786338
786508
786748
786842
786976
787010
787020
787095
787097
787123
787158
787271
787339
787341
787848
787953
787959
788049
788195
788456
788479
788488
788497
788601
788605
788694
788899
788924
788983
789175
789239
789419
789437
789438
789487
789651
789854
789879
789906
789992
790011
790064
790092
790102
790186
790351
790595
790621
790666
790669
790880
791119
791221
791313
791314
791533
791767
791813
792043
792194
792269
792309
792328
792410
792735
792748
792791
792867
792952
792979
793345
793521
793616
793632
793743
794292
794320
794355
794490
794681
795035
795057
795113
795140
795214
795426
795497
795776
795959
796036
796046
796108
796235
796403
796646
797175
797256
797402
797732
797769
797820
797880
797893
797961
798049
798059
798133
798197
798282
798379
798389
798434
798519
798760
799014
799026
799147
799655
799671
799741
799799
799838
799892
799937
799961
799981
800000
800002
800049
800220
800233
800547
800627
800704
800741
800754
801090
801511
801550
801699
801772
801860
801863
801941
802002
802038
802211
802286
802430
802466
802496
802834
802908
802934
802988
803205
803255
803314
803321
803342
803507
803675
803815
803854
803871
804034
804094
804303
804701
804811
804831
804974
805017
805028
805132
805176
805321
805378
805426
805466
805913
806022
806204
806424
806589
806803
806961
807081
807225
807282
807313
807323
807425
807447
807495
807500
807816
807835
807950
808000
808158
808161
808440
808689
808920
808925
808960
809258
809546
810012
810095
810136
810183
810316
810378
810427
810458
810583
810660
810811
811030
811108
811164
811328
811340
811518
811738
811752
811795
811865
812044
812106
812109
812198
812277
812346
812570
812992
813215
813406
813553
813722
813725
813766
813813
814016
814113
814322
814386
814420
814460
814523
814708
814832
814847
815035
815040
815231
815327
815412
815842
815844
815855
815862
816133
816322
816538
816618
816644
816699
816744
816745
816831
817000
817149
817170
817402
817711
817800
817842
817872
818030
818051
818100
818196
818282
818287
818288
818599
818718
818779
818828
818855
818869
818979
819154
819191
819389
819429
819464
819476
819499
819548
819825
820029
820054
820152
820321
820329
820419
820430
820449
820533
820555
820560
820672
820728
820866
820872
820890
820984
821399
821405
821483
821519
821624
821832
821879
822027
822128
822168
822356
822364
822381
822506
822804
822835
822904
823046
823543
823555
823704
823759
823844
823912
824304
824376
824428
824430
824583
824643
824659
824838
824917
824945
825006
825050
825090
825091
825103
825285
825286
825418
825422
825468
825562
825565
825642
825689
825734
825872
825952
825990
826147
826149
826172
826194
826279
826424
826535
826626
826640
826776
826832
826867
826890
827216
827285
827343
827350
827419
827458
827665
827693
827742
827835
827964
828019
828115
828192
828315
828351
828445
828512
828524
828874
828956
829010
829094
829137
829169
829225
829401
829435
829464
829702
829957
830268
830277
830298
830304
830635
830686
830761
830959
831043
831091
831186
831430
831519
831586
831686
831689
831933
831992
832062
832413
832443
832730
832959
832976
833185
833192
833246
833286
833298
833341
833348
833397
833603
833611
833620
833635
833681
833685
833901
833974
834024
834041
834100
834325
834436
834459
834495
834515
834590
834806
834933
835180
835185
835254
835291
835690
835700
835819
835888
835898
835994
836033
836053
836104
836106
836127
836260
836353
836581
836643
836657
836768
836838
836854
836933
837054
837229
837349
837351
837402
837536
837615
837821
837825
838014
838033
838264
838314
838353
838537
838605
838615
838665
838705
838954
839130
839163
839217
839229
839676
839776
839859
839945
839954
840121
840158
840190
840199
840653
840757
840806
840899
840904
841150
841360
841418
841422
841476
841513
841526
841628
841637
841652
842049
842163
842243
842274
842426
842657
842778
842797
842800
842915
842924
843273
843351
843352
843702
844082
844105
844137
844297
844319
844361
844367
844394
844491
844830
844868
844890
845016
845384
845528
845573
845630
845649
845869
846001
846046
846268
846350
846366
846401
846425
846543
846555
846665
846715
846816
846831
847053
847397
847576
847774
847869
847975
847997
848195
848357
848415
848451
848557
848950
848966
848987
849109
849233
849391
849489
849535
849549
849772
849819
850155
850369
850475
850521
850677
850764
850805
851026
851080
851191
851275
851345
851662
851695
851747
851765
851796
851803
851887
852089
852185
852262
852277
852278
852286
852287
852405
852515
852692
852915
853052
853141
853318
853329
853366
853395
853600
853655
853875
854012
854013
854205
854246
854317
854398
854512
854704
854761
854796
854991
855105
855145
855156
855327
855348
855383
855613
855633
855656
855674
855733
855811
855872
855883
856033
856056
856299
856316
856464
856513
856627
856670
856832
857356
857573
857631
857865
857977
857989
858114
858237
858375
858425
858427
858504
858556
858619
858795
858814
858931
859039
859111
859117
859162
859172
859184
859221
859232
859372
859483
859545
859769
859907
859979
859985
860094
860353
860443
860581
860653
860707
860747
860888
860906
861040
861112
861154
861175
861230
861240
861318
861439
861468
861539
861578
861614
861717
861741
861773
861860
861888
861913
861964
862119
862209
862359
862498
862718
862853
863043
863057
863099
863110
863142
863304
863347
863397
864051
864058
864081
864428
864440
864468
864676
864727
864955
864971
865036
865127
865173
865216
865218
865262
865320
865382
865466
865682
865688
865735
865866
865894
866069
866077
866092
866162
866593
866625
866943
867302
867409
867436
867476
867514
867587
867635
867681
867747
867795
867803
867830
867945
868129
868322
868547
868710
868748
868773
868914
869000
869062
869074
869094
869239
869257
869308
869403
869438
869475
869640
869673
869691
869782
869786
869883
869898
869987
870055
870307
870360
870364
870594
870604
870678
870803
870850
870880
870883
871004
871074
871084
871225
871270
871395
871443
871557
871613
871740
871766
872042
872065
872070
872149
872278
872398
872407
872422
872492
872556
872585
872610
872652
872703
872898
872917
872966
873009
873074
873079
873257
873258
873332
873393
873421
873472
873502
873565
873706
873815
873818
873966
873980
874020
874180
874383
874470
874521
874616
874751
874799
874834
874853
874865
874881
874971
875084
875091
875106
875173
875548
875556
875666
875910
875987
876044
876187
876292
876401
876482
876486
876511
876524
876547
876568
876664
876862
876943
876970
876983
877011
877232
877311
877340
877418
877433
877496
877777
877958
878244
878286
878391
878422
878482
878872
878983
879001
879028
879114
879135
879215
879242
879389
879422
879499
879506
879874
879933
879966
880039
880119
880179
880205
880236
880450
880495
880530
880674
880782
880930
881219
881337
881346
881373
881427
881569
881663
881829
881995
882190
882250
882348
882365
882499
882725
883057
883107
883151
883177
883181
883227
883504
883505
883584
883587
883690
883723
883741
884047
884105
884113
884119
884127
884153
884219
884247
884285
884525
884880
884970
885142
885385
885394
885397
885399
885433
885438
885502
885861
885893
886178
886263
886272
886287
886292
886382
886458
886506
886508
886616
886677
886752
886870
886999
887066
887148
887187
887281
887363
887391
887396
887412
887541
887588
887682
887743
887874
887997
888001
888028
888141
888181
888379
888452
888513
888602
888627
888652
888655
888694
888712
888809
888976
889003
889081
889285
889296
889300
889316
889527
889575
889576
889616
889640
889722
889733
889968
890232
890462
890571
890664
890746
890777
890821
890947
890981
891203
891291
891343
891347
891479
891526
891572
891751
891796
891917
892137
892313
892425
892445
892474
892689
892784
892811
892883
892951
892967
893213
893218
893219
893427
893557
893578
893600
893645
893649
893725
893729
893811
893956
894005
894187
894269
894449
894459
894513
894540
894633
894743
894816
894828
894870
894886
894907
895063
895139
895172
895335
895466
895601
895751
895904
895980
896068
896321
896369
896445
896542
896648
896672
897057
897077
897140
897717
897763
897775
897898
898057
898087
898151
898178
898374
898382
898578
898625
898637
898714
898723
898766
898860
898917
898939
898996
899019
899028
899069
899077
899184
899468
899482
899499
899779
899796
899881
899882
900025
900221
900246
900260
900308
900344
900394
900418
900606
900756
900807
900924
900931
901025
901075
901102
901187
901195
901228
901304
901317
901321
901423
901604
901823
901858
901878
902006
902123
902263
902311
902473
902616
902677
902718
902756
902940
902976
902995
903087
903252
903263
903275
903311
903340
903357
903358
903434
903471
903496
903526
903615
903732
903975
904030
904036
904080
904180
904189
904259
904318
904329
904473
904490
905087
905098
905113
905257
905302
905360
905433
905495
905528
905598
905851
905918
905940
905979
905980
906038
906051
906115
906339
906379
906426
906466
906525
907024
907068
907121
907252
907274
907324
907527
907615
907633
907710
907901
907975
908056
908116
908133
908147
908180
908203
908231
908272
908288
908416
908557
908968
909215
909275
909390
909516
909871
909982
910134
910157
910517
910570
910607
910805
910858
910859
910933
910964
911003
911377
911380
911657
911774
911979
911986
912093
912444
912775
913052
913180
913385
913529
913808
913905
914228
914243
914447
914516
914531
914604
914752
914817
915049
915137
915174
915431
915641
915927
915936
916198
916463
916643
917030
917077
917228
917271
917325
917505
917514
917516
917525
917656
918067
918240
918245
918446
918532
918663
918813
918821
918888
918905
919019
919152
919188
919192
919296
919312
919496
919745
919832
919855
920003
920077
920358
920482
920554
920604
920671
920691
920717
920763
920794
920989
921011
921157
921277
921430
921498
921613
921702
921724
921767
921917
922063
922181
922232
922241
922248
922312
922322
922365
922569
922598
922937
922964
922969
923012
923210
923604
923856
924059
924093
924433
924462
924497
924525
924650
924854
924882
924896
924964
925022
925091
925205
925221
925228
925403
925438
925608
925625
925862
925866
925934
926009
926050
926069
926102
926146
926250
926262
926322
926326
926385
926475
926589
926675
926903
927287
927289
927292
927540
927603
927784
927836
927842
927883
928020
928099
928171
928230
928246
928297
928377
928574
928580
928753
928780
929106
929138
929227
929453
929458
929460
929505
929538
929553
929594
929669
929728
929824
929900
929921
930153
930229
930490
930630
930634
930649
930777
930878
930904
930933
930980
931098
931228
931360
931786
931820
931966
932040
932329
932337
932352
932407
932408
932444
932641
932653
932745
932907
933282
933361
933488
933616
933678
933773
933841
934015
934161
934204
934299
934391
934408
934672
934687
934688
934836
935004
935024
935226
935318
935349
935705
935772
936031
936068
936081
936116
936189
936301
936332
936342
936646
936706
936708
936717
936915
936981
937076
937084
937128
937139
937149
937215
937220
937297
937352
937477
937499
937586
937690
937886
937898
938188
938258
938306
938418
938557
938609
938616
938624
938684
938781
938794
938919
939080
939096
939140
939195
939357
939428
939441
939546
939688
939761
939795
939868
939897
939971
940269
940300
940373
940533
940598
940617
940645
940841
940844
940873
940876
941015
941233
941268
941289
941429
941496
941524
941647
941659
941740
941837
942110
942187
942246
942324
942465
942472
942508
942511
942612
942627
942698
942730
942815
942978
943217
943300
943525
943604
943638
943646
943806
944026
944040
944050
944094
944140
944326
944428
944640
944729
944805
944870
944935
945239
945286
945413
945514
945675
945724
945752
945910
945997
946141
946144
946505
946644
946744
946764
946926
947151
947293
947325
947417
947428
947588
947591
947817
947850
947930
948006
948072
948113
948233
948243
948280
948294
948528
948557
948565
948710
948739
948771
948860
948874
948885
948934
948936
948943
949295
949320
949362
949646
949736
949804
950285
950325
950682
950739
950748
950864
950884
950923
950990
951113
951159
951180
951403
951431
951542
951573
951603
951930
952266
952389
952541
952542
952566
952629
952700
952832
952861
952895
952911
953246
953278
953431
953464
953732
953771
953824
953841
953843
953948
953967
953998
954032
954106
954182
954254
954318
954377
954420
954505
954532
954550
954885
954918
955037
955074
955149
955184
955548
956057
956134
956164
956191
956259
956292
956482
956492
956493
956572
956577
956792
957130
957176
957231
957232
957236
957674
957753
958009
958030
958050
958185
958198
958307
958373
958414
958437
958472
958535
958711
958870
958919
958951
958953
959061
959134
959274
959330
959331
959565
959583
959726
959836
959934
959938
959954
959999
960072
960076
960201
960255
960282
960434
960461
960634
960728
960843
960889
960999
961049
961246
961421
961450
961648
961788
961954
962065
962074
962085
962090
962125
962172
962262
962387
962511
962563
962885
963107
963290
963380
963428
963525
963576
963759
963975
964039
964102
964170
964256
964447
964461
964534
964541
964708
964796
964844
964893
964952
964997
965079
965155
965392
965448
965548
965635
965653
965851
965871
965886
966137
966159
966168
966236
966407
966409
966662
966707
966725
966834
966969
967001
967022
967040
967089
967096
967289
967401
967599
967704
967766
967817
967822
967889
968040
968116
968135
968154
968246
968314
968523
968543
968553
968709
968964
969065
969157
969199
969245
969246
969299
969555
969568
969586
969749
969982
970130
970271
970554
970650
970655
970669
970695
970752
970760
970799
970845
970873
970874
970898
971051
971080
971374
971445
971591
971864
972040
972094
972173
972188
972605
972640
972700
972729
972848
972855
973347
973558
973765
973818
973912
974163
974428
974478
974481
974577
974638
974805
974913
974996
974999
975012
975350
975692
975787
975837
975851
975880
975890
976054
976072
976090
976305
976324
976403
976440
976456
976544
976573
976688
976740
976847
976954
977040
977519
977670
977872
977914
977989
978019
978087
978252
978271
978312
978433
978474
978528
978851
978871
978923
978925
978958
978977
979027
979042
979052
979171
979348
979412
979422
979424
979426
979485
979623
979749
979774
979789
979920
980138
980182
980258
980290
980295
980357
980397
980547
980558
980626
980644
980656
980826
980860
981007
981028
981068
981375
981434
981553
981742
981850
981853
982082
982297
982557
982637
982649
982759
983246
983375
983383
983455
983603
983647
983661
983911
983993
984178
984219
984340
984351
984464
984488
984604
984674
984774
985009
985014
985060
985196
985432
985465
985564
985747
985767
985814
985834
986023
986039
986257
986259
986514
986607
986731
986870
987119
987183
987355
987373
987546
987642
987669
987704
987874
987970
987981
988074
988088
988166
988454
988458
988498
988599
988702
988879
988889
988895
988984
989039
989104
989116
989128
989180
989369
989407
989434
989460
989477
989571
989705
989733
990120
990237
990297
990324
990406
990443
990617
990669
990799
990825
990973
991531
991608
991721
991783
991894
992015
992266
992366
992398
992652
992705
992945
993003
993010
993038
993069
993090
993111
993172
993331
993567
993587
993595
993644
993648
993661
994091
994173
994249
994319
994366
994448
994498
994837
994926
994975
995034
995054
995129
995213
995397
995403
995431
995469
995728
995745
995979
996110
996196
996360
996446
996459
996749
996832
996872
997041
997304
997388
997482
997505
997524
997531
997554
997555
997561
997585
997740
997753
997796
997895
997908
997967
998010
998120
998152
998220
998441
998796
998891
999170
999271
999432
999613
999754
999771
999788
999965
999983
