29037
40745
92002
38906
22990
9345
10025
4298
94629
93645
19300
18431
88175
66978
81183
77670
79780
68122
82508
17325
32850
15134
77833
51059
12183
99819
53496
47196
99333
18447
10612
44721
59192
2613
83626
82181
28309
10002
2830
22937
3646
38481
57720
8172
5458
38902
2194
1589
23375
84701
18913
72577
99835
13097
23635
28369
12915
93482
75564
28599
11929
86175
73319
71120
88787
73296
53300
17096
83297
56129
56384
3294
10961
30455
27818
32770
85708
30011
34359
9083
31063
53271
81659
47249
66368
21645
75618
95634
15127
51181
40585
27055
37356
30255
98174
42494
3551
67825
75941
3199
