1993
96433
58214
22596
69772
95540
91331
46094
19599
92767
99231
8630
51131
87369
62827
1375
32007
97744
77121
41205
47346
3378
36536
83563
78143
90775
19568
2156
85856
79834
71903
87848
76266
30116
26796
62390
42007
18126
8483
77957
27244
24066
86586
94726
27786
65765
96100
59793
63508
73221
997
27206
92950
53885
10768
71092
44659
30335
89599
30514
10169
61502
34714
2786
7969
61509
81527
66328
79634
90010
44284
6877
30427
47222
1602
58212
12986
14054
34356
92845
3626
51705
20050
96575
5589
47169
84018
50247
77504
73617
97113
4024
51470
31826
23161
75790
9686
4688
42117
89319
11049
2753
12547
41475
49974
30500
16038
79311
44553
50394
88507
64530
2098
24909
61104
24038
72077
45122
74284
49580
35090
87748
69955
2911
35925
9468
78700
61962
14155
37169
67632
25203
39921
80178
83029
6246
27030
15418
85556
87934
65811
90414
52464
84260
15322
13567
8297
87399
75040
98933
53330
26481
86680
39637
29391
38957
49104
24443
918
63258
77963
68550
4812
17883
65079
4192
40480
92108
19609
26035
80042
1772
32800
32505
86031
48122
62423
10680
35520
53815
9612
5201
96647
12643
44837
26038
67951
93940
66832
68869
73549
44794
53770
94712
79028
18848
98903
19507
27308
34864
61893
7349
36635
94692
56205
39017
42813
34979
49696
94684
88793
59307
99885
85440
71950
44721
27829
39900
55013
11012
25120
28561
55805
78889
23273
51184
14089
38527
70690
41396
73390
48934
65096
10024
43625
21300
49041
2790
56278
15088
13825
61423
74395
13709
63214
62696
74782
91042
18947
29794
18405
44067
74706
74209
39307
97978
41744
69747
36505
28785
11142
9894
77718
92589
36270
37694
13888
1662
56835
86518
16749
70660
64292
7495
720
27505
70190
91853
34898
5489
21646
53302
65907
96352
43862
5213
10681
85605
91312
47185
14389
18805
73431
8458
11394
26052
46151
41633
27713
19338
44502
60813
6349
8793
68308
7068
36297
54849
98921
71194
60337
36918
24495
26243
49621
68356
47808
60302
70312
39119
23838
84700
74275
13620
9509
85668
56023
55660
43653
87
91349
88154
60900
97697
96947
45559
21116
49595
407
36388
37141
77096
73306
61635
19690
39278
46343
67497
15931
33006
22967
56121
17706
13594
86092
27214
99261
42115
99225
59265
42201
6925
47419
3100
4621
60717
65010
25737
10311
65417
62124
47451
58864
51781
25438
78553
91059
88132
62402
23341
21137
1720
79461
55194
15313
65553
98760
30926
7667
14336
90190
66219
21261
37608
69319
25881
98324
34328
51617
24987
16096
30093
88789
91311
81873
14226
69864
89283
18709
32265
28976
39846
50336
24788
95039
65649
6692
10150
96574
14358
24486
3115
96929
45746
40723
66247
71626
55398
16926
39595
80384
49374
69687
69173
40684
67911
99750
10547
73546
18459
59163
18873
74656
25851
43660
69694
91499
50352
96196
4424
81061
20681
7538
77989
66426
64612
60587
38051
36362
77513
93997
33097
43238
80035
18621
83921
64298
18371
10820
54195
53181
86334
73067
27836
12184
16726
13881
20034
83429
10076
40809
80842
30756
64699
58830
13533
45662
35769
67936
82023
13281
61932
15120
72870
58319
50092
73142
22616
68462
83961
76810
37994
86647
66228
82181
15182
82953
96062
51568
82734
22489
8728
63575
69597
73426
38756
83129
35440
74524
51064
17462
4156
29348
48933
77025
87666
99025
50167
10281
83838
50479
3442
21832
37125
69669
20364
68659
68973
16425
20226
51706
55266
28953
31632
24862
18731
70388
7990
54170
44911
75406
87983
49067
4753
36916
42443
92418
52292
92609
19050
36129
43088
22491
74312
96564
92159
94676
65222
61131
27452
85447
12837
82717
30752
44468
23930
49482
31207
48272
3651
76118
23677
7985
25184
44781
44900
67626
37198
13543
76587
56247
49672
36026
95089
40335
32589
87247
51362
97811
48377
95166
99609
77565
77882
30360
38385
18164
96193
69591
66435
16195
45708
6463
24180
87243
51243
85431
71221
4792
98974
47807
77390
64997
83832
72478
5331
32772
59724
73045
46934
24452
68210
46543
2017
62443
93254
40401
80606
89447
26343
63392
5641
72051
69854
46172
75645
37448
31603
46865
58591
30576
11023
35980
95572
11206
24809
17254
43978
884
90298
90911
25336
58507
53805
43704
20950
47059
456
17907
52857
26798
81299
74849
98848
67504
21021
90845
4952
52623
37709
63542
83198
48732
15874
95121
76289
40682
12374
36618
57918
2672
43881
83253
77530
97685
43308
14831
61095
43763
49090
13951
86912
46740
88800
2112
14243
26172
92956
35546
78794
30664
15440
78343
95747
47665
89815
88388
88346
2188
25005
46263
21211
68885
45867
15093
66570
5526
46275
27664
49288
95364
57967
36200
42103
63118
38311
56346
89289
47618
8243
84434
78281
40034
62776
90380
87698
68942
78767
92396
71129
3771
55010
8692
72656
17229
23784
55577
22754
70058
99592
72042
81774
57558
24593
23876
20675
79255
96573
26315
26872
21168
10748
21504
61201
89875
11883
48899
58816
90649
41294
46297
10772
12655
54988
99779
29883
95123
55355
52637
81532
54946
24678
63305
28856
65622
3533
65882
61228
105
92197
88099
21272
19296
25954
98825
9171
37837
47723
67986
5368
14282
71960
18022
85621
71738
47905
97095
27092
541
78627
98390
41570
58283
43597
23543
61815
9478
84770
78272
1674
72868
15895
20970
15173
14719
46492
53009
62441
14477
14198
84160
45111
86157
2182
47083
57895
66438
44178
1338
83330
22804
16079
24899
97438
59675
48441
59253
69153
49562
53876
87178
38781
69770
24499
53953
841
70990
6962
79633
1819
37511
63793
63281
23667
82326
10363
97913
48763
70892
15603
32092
10047
31681
73342
7485
91356
38134
83089
76860
87695
36964
64037
26475
23085
4888
80427
23925
92229
3740
3558
10399
41250
83702
73679
81269
66027
394
95533
31141
71285
11135
79584
81332
59168
52925
5168
50523
91058
88256
43734
95104
41571
7770
21578
64655
29009
2004
4932
21238
22096
24841
31636
63345
8542
21667
60965
90920
38412
56498
22060
9696
17995
7379
26799
70919
12546
93673
78328
17153
37406
58723
61528
11360
39730
6888
29715
61013
28125
51810
85853
76113
15155
10746
14131
92471
18017
52542
48968
56428
78589
32952
74422
85968
76102
45340
14865
69775
40019
48370
23532
29801
23444
1411
41160
79525
8299
70874
40537
52775
22684
42741
45239
54190
69838
59369
46660
87854
28262
11980
44281
6851
44931
18702
9170
21032
80393
40386
7158
36763
88755
47042
66563
12199
64804
24074
91723
89454
11300
48612
42229
50335
91352
3819
20876
61190
63188
67535
65395
7801
95866
9676
14651
40796
44729
23820
78180
41474
64206
1689
78236
69312
65082
61151
81510
29886
1576
89585
19339
12875
38196
77919
63209
29547
81738
84084
7088
61277
67971
72483
69077
80188
98510
80
37336
59590
23899
15515
1063
4456
33555
95651
73768
98637
73153
71629
44874
91080
61213
64212
3955
99408
58483
83515
28955
40220
83951
52394
17848
68273
41228
3276
48460
39737
3355
85795
15679
43606
17661
33093
64413
51216
45095
38180
66204
34599
26161
11077
25679
87373
91640
29633
86781
50122
29499
32087
6693
13449
832
24540
98073
42060
44168
46533
98148
47522
48679
13826
7479
66340
63271
71892
33907
8365
26423
110
42964
52583
27538
68642
39956
19177
14626
85651
44124
91526
92343
73925
92357
33235
88349
34416
93754
34881
48916
41275
99912
62741
65106
66251
26011
36997
16509
50728
79771
32970
93691
32354
60507
78684
88661
96035
93309
31748
81685
53784
39625
44060
31981
39966
32409
82749
33719
83641
31664
91345
83552
10756
56450
66154
36767
93446
82662
87494
73217
15631
97536
21922
92489
76219
10582
88524
85879
58681
70208
56014
98305
76939
74
46637
16904
48834
29385
50622
32474
61048
41967
32378
88156
98416
14883
24922
8214
13897
28767
97782
45879
42654
19703
38368
35224
46636
43243
21102
21668
29802
77115
19972
6741
93540
82960
23644
42373
12345
74266
91199
89744
32584
39928
77899
30999
54810
19172
55564
85058
64290
53345
30937
23295
89399
85656
58518
52386
28898
79619
74053
58699
73086
10376
65439
66625
93336
5435
25350
22032
79700
16548
11775
12283
56475
6026
59633
27636
41549
15197
29046
5839
84893
59982
45485
74292
45637
4003
26677
90886
83621
730
49584
73058
11105
31375
39683
20792
36809
65032
42823
16508
81579
70950
45142
54405
76975
21126
98392
34875
36322
27437
57065
21215
3770
2550
11858
65758
6552
38534
56643
6524
55615
6227
79582
83072
37601
19264
3863
90761
647
63038
7268
98577
33987
68761
69333
27313
89886
67724
62187
42560
11513
19252
80126
15282
21801
91983
81040
44704
46868
54034
51227
18835
60260
30808
18258
14212
66423
38472
4972
67069
1509
28591
65645
51847
13703
34977
79159
19941
19053
41346
62500
30565
76949
58977
62198
98749
67311
59589
43452
14178
13623
11030
49364
90234
41838
67621
20798
8260
22445
42121
75329
23953
70712
57325
75800
766
92302
71310
20706
11354
99557
41918
89603
74885
20467
4703
42195
80056
64506
72725
10030
75536
22088
263
17373
6061
21060
41984
28505
63181
33664
68809
50244
90989
60960
67361
83290
32270
88067
10995
44924
3975
52912
50879
78860
89730
71933
69785
52791
10130
79814
28326
48570
96429
62050
54630
33840
20385
99486
13372
54049
68294
63615
61389
29254
30976
44678
77875
35394
55672
39150
55720
24935
90028
50931
14664
78313
88337
801
31103
14818
96966
75780
63387
93394
37829
18016
43586
58213
33853
56957
28613
2147
20572
90001
47752
67899
51030
25626
19644
23053
64775
91715
47987
71155
42646
79003
65819
47334
96155
96921
62151
93120
72700
25538
2866
26880
59905
46451
85092
93758
3407
30057
12256
40330
20057
76359
24580
71087
1984
60575
94139
83110
52290
58478
70616
11287
53832
36434
58620
49986
49706
37122
59457
22405
62659
62322
49284
38916
25124
32673
44883
80784
61280
1564
17192
37638
26144
88278
55973
3070
98769
39082
55359
57246
9698
82997
27429
62483
41616
77414
12189
78738
36870
50945
57748
15544
229
96663
40667
67308
45687
85549
64443
6966
87113
81634
44603
29608
86264
575
32677
1384
56009
4388
74981
82058
87384
2409
44540
45352
79822
56728
40441
33043
7673
14540
48586
24253
11203
89253
7912
73241
91153
88706
80207
94617
70339
41161
40576
72954
58088
73253
74337
30448
93992
49317
12505
97727
51725
73396
43078
47898
46476
83518
80941
54148
98058
29526
94752
25612
35130
19015
15204
26283
7720
11762
37251
94410
52923
77827
67364
27362
51079
58052
57809
61422
23721
70313
59148
91797
60060
18578
39695
6535
18447
36987
60682
16504
82864
71785
58467
17994
7151
73671
60628
14870
1784
97878
9280
54706
75704
92995
98419
43134
67398
56227
20907
91118
42891
80055
82915
2951
98632
38961
9485
17078
92299
86519
49934
75162
74655
24752
9507
81806
14774
86486
13027
16558
84364
38658
87615
76419
48004
2386
19553
15402
58612
40459
22871
17855
36865
22137
37157
51848
61097
62993
85278
49511
51563
61261
40518
92666
70767
38675
23792
57253
51701
40349
57968
90359
44315
34386
38362
46700
53938
70115
21664
10749
92986
55870
63965
15122
93026
15813
92571
56018
17442
78669
21881
69004
39929
78750
61669
10696
17424
85460
84300
69124
42160
42267
75834
2827
76652
30548
65878
46942
17014
3893
74042
9999
59762
38006
41473
69139
70170
50395
41509
87611
29063
63389
56614
68992
58490
34635
96039
75913
36446
80338
61388
94958
22604
37222
97784
15607
84121
80013
62548
1134
83906
52941
27485
43667
90947
68957
29158
61116
35703
70666
64765
34054
38044
50108
8895
89030
46146
84807
25476
26483
46194
36785
65438
99767
34568
81045
83887
30932
59944
1373
14837
12885
28857
74856
20183
97813
4013
81298
33515
74678
62728
14631
25083
772
64739
33977
89801
10884
18783
31628
53719
81328
68412
19156
81095
19331
16552
81333
50263
76496
82705
65099
89380
11561
39954
25914
25725
43966
7211
75591
18643
86291
90222
60077
87062
54960
94053
93214
82195
29187
24842
35913
10515
93253
71421
7961
12584
87972
5645
62846
80819
4702
44296
86550
16262
84250
12463
58339
44567
33929
79562
22316
24150
39638
25729
95461
50043
18942
94008
79229
43783
46272
6095
53388
17692
30407
65971
22016
36052
45168
2834
57105
89463
5736
73366
90064
18198
48056
50983
54223
81985
46896
92890
22486
86533
18618
34299
52927
37560
28306
48508
97694
74577
54602
51081
8621
1361
33403
46988
53764
94922
66173
10868
737
71908
585
90800
90106
48641
58134
60680
46977
5029
53570
69462
7914
72187
3760
60840
9746
48417
9347
39346
80301
74872
64318
81661
24627
11305
35424
19548
77477
46291
20284
49385
46875
27436
55842
11867
85569
32873
58843
90598
86442
44657
98511
48416
59350
84726
13185
85049
24869
52530
65349
99741
16847
47009
24367
44503
98784
60266
21979
61426
80550
87715
8300
59908
36519
93553
92781
95361
84150
79222
40017
99012
54202
4785
74714
55280
34321
96500
3202
25110
96240
20048
88470
36958
64550
87253
97224
2880
48678
77773
6947
73329
2109
66854
26199
95661
75986
21560
96163
71560
77928
95174
25761
99064
69887
97392
49736
46000
93892
52937
87461
6483
72984
75930
79534
73368
73117
44563
67492
80063
17892
69600
63268
44090
65260
39254
82001
10813
76281
72948
91696
59186
66669
41432
5186
76912
94368
92646
99746
83704
84928
59538
53940
64461
32905
43408
9024
396
39822
43267
86347
3090
3708
51607
58695
2061
29380
69507
78341
18679
38783
86388
77865
5451
27819
99402
98714
38539
8399
98460
38594
9678
74349
8885
74139
7254
52293
99514
24001
92114
42780
10348
11555
46487
78306
70249
64899
24037
56107
43239
42716
94890
45979
36932
16692
90149
52685
15406
28687
61083
13865
83632
70761
88213
92517
61251
11818
44809
60764
52171
53274
19895
62518
64829
82733
57175
35077
47632
81211
91184
7222
40278
86073
53200
77209
19116
59701
29893
34521
4739
7328
48385
88371
94440
52950
80887
55690
64767
42047
32805
16937
95320
69051
95806
60148
51783
52980
11577
15766
50543
19112
39340
90820
21536
8891
68029
40651
68591
14273
75172
73330
21600
23556
61700
32391
92857
58938
4432
57624
17336
37236
90912
22638
86718
89155
90773
56049
731
6538
22943
19842
62229
13763
57729
71120
98143
98379
39710
12415
73550
13039
50367
13458
91090
99109
6314
66379
3541
80289
83714
57128
71201
96369
79766
74270
1875
70538
30318
18957
93427
53261
55150
55656
83375
12878
43127
81517
11256
82836
10283
84806
12227
77001
14615
19668
92462
20928
86047
96002
17569
69760
53129
88769
82480
49246
84354
36135
9707
19662
45914
79319
74811
17921
62693
87688
61047
60561
15296
43882
87196
16453
72460
80548
31067
92128
73009
68346
78174
85362
85914
64285
38491
91034
46765
4088
54071
47470
40223
80130
67132
86136
59448
58294
4056
38493
45982
65102
15405
25335
18952
94081
97795
99500
25147
6274
88860
93492
84447
74222
95758
65083
29064
86791
28199
33151
40862
75669
89725
37343
59152
92212
96790
17445
12619
51634
79778
77720
67039
57406
19407
85990
51486
33553
1841
92984
39826
7053
2828
40624
81274
98585
5706
10337
85375
33905
59839
42588
25925
65916
79930
85076
58127
93072
18872
70746
44705
15002
64817
28095
88759
84223
30437
40245
34127
48629
33228
73952
55681
36055
30927
36954
50991
36633
63642
36366
70537
39833
95305
12813
5748
91587
97888
63874
84658
33111
50971
45714
48112
15788
90161
36871
16362
20597
93467
50489
85577
43046
40792
41258
95453
71719
78211
46443
8351
58205
99160
95239
98037
10817
8051
20136
2403
22290
84009
3412
71752
51332
65477
36216
67119
55637
89438
99832
92585
82904
50320
78162
42301
7464
19419
37753
79182
13981
548
3884
72185
99707
15474
86573
26875
39876
6708
29277
78517
7069
32688
50268
58400
98165
86483
41870
70153
75920
41701
79090
75175
8373
57251
17476
15836
93021
71580
11369
7001
72127
15252
95538
88186
47077
82110
15060
86952
5170
44337
65468
12238
93376
70637
7892
18570
28858
94397
10841
70558
73486
2368
78930
47088
19843
11117
40108
91422
22485
63460
63549
54088
75349
68086
1164
57459
83145
88115
62628
43833
69934
91217
37209
2021
78205
61452
36942
7062
55848
64134
77619
29333
66501
72901
92772
86343
84017
32879
94117
6502
12691
74017
60589
88039
42102
61753
61849
41598
40828
52505
32044
38991
70877
10248
442
24170
33661
72642
88303
11280
18326
54804
532
11098
57498
84548
60328
67966
91049
73018
41982
67990
61057
435
39257
42033
28664
80085
43815
81168
28480
82805
68396
38728
99598
92565
72388
72239
80868
19
90565
52023
550
25872
1450
61989
93838
8850
51359
76839
52606
39284
68023
10990
67948
48107
65467
33863
31666
37205
26427
20405
25796
23646
36776
16360
75668
53677
34373
55126
12713
28081
63976
64071
80251
57166
92837
49208
96450
77212
76549
80749
25318
31352
46215
18256
85311
66273
38868
39208
3030
64663
62853
39805
97374
54873
9833
31746
72764
64959
44458
844
28934
24881
97446
2451
17717
46654
98900
94928
39554
79648
36598
70906
42215
71205
72568
38643
53830
27787
77850
73211
8801
57055
13015
6174
11927
39199
54271
1042
4157
15081
18237
49442
39961
15682
51893
74029
78687
67144
85309
18241
46792
38258
5498
5358
25814
94417
44000
95995
22204
38202
69205
31004
95256
98571
53530
23534
37770
24152
40927
58278
55584
11896
91196
75964
85925
86235
43107
87585
4475
6250
42194
26324
11607
84359
20740
71959
80354
59295
26512
49558
6651
21767
48129
60180
61652
2250
683
2578
60527
56267
78092
68246
68162
69287
70438
55521
20020
74374
76347
42621
16567
19022
70580
926
39762
42538
97631
15408
85401
47188
22058
7167
11668
98589
85170
13917
99272
4099
74444
71890
82190
59041
56403
67828
19602
43193
39701
17566
32399
98593
50485
51421
69172
67762
7534
11709
65392
22941
97109
12579
44999
20627
24247
43587
22148
54515
59210
26246
28958
24787
4351
3854
8967
23952
47046
65019
79924
80963
97417
94868
31447
48837
64040
99208
72722
92100
64599
95663
5561
93530
57013
42539
34128
16951
64687
88642
76161
7284
33952
23611
48423
38302
43816
57389
78605
90861
22407
74880
88176
36175
19622
1364
50138
35182
74085
42238
16132
86099
47798
9661
43111
90336
60140
60062
71374
65134
52574
95010
99085
76184
43432
53738
36352
17172
48694
43564
55930
39925
31739
92104
26023
51361
86542
67552
18398
19025
53650
82547
45038
96761
89234
5177
73174
60608
70310
25747
55617
85746
18282
15400
55835
54633
32571
20880
98197
88500
60804
29935
80603
86827
97647
74070
79339
540
57973
14088
19565
11622
96634
64602
24734
85867
69778
14259
62826
56440
56357
18442
58537
74639
33841
14372
45623
82763
51603
43819
71262
12407
51865
15585
87752
42286
94923
4644
258
9010
24208
28231
21995
5161
69317
24213
91290
99927
87039
47729
56284
6266
30922
72025
36989
76544
54787
88591
36715
26049
17349
43172
94265
32933
30923
36550
44207
51918
53159
69568
76125
97741
91562
81285
67057
32127
72575
66984
19165
36655
23267
40996
59272
70540
29372
12612
63435
84159
17555
149
10207
34903
43320
20823
84188
90595
57372
44746
42512
26882
14314
34989
24622
22227
32625
8031
54353
21551
75014
73517
58206
14632
30865
33829
1523
60236
46441
64957
60746
63995
81458
87304
15249
24777
8126
99436
31723
81849
44182
90587
8730
74847
41927
49704
97073
74551
57734
67778
96102
49099
70659
80082
88510
4487
81604
65098
67279
46560
25843
31273
28017
13147
46522
69146
62309
17220
19473
22842
7806
28202
97688
49732
94257
11113
24283
51990
78890
36736
1088
36535
23746
97521
25045
28232
79124
6494
95511
42036
48688
43135
70052
61834
6008
55549
99458
68317
72769
18930
7510
96926
63483
5198
46658
74092
32662
87292
26081
11551
40379
43521
48085
64124
41041
89481
92355
36517
12326
4217
78552
61014
47352
64955
53359
20504
38656
38027
93272
73937
45537
90197
53772
67086
53206
27863
99747
56849
70295
27649
97227
30167
92085
61350
71208
81566
70057
7724
10243
74273
2627
71256
37976
67581
10455
7687
88084
65462
62065
97707
55751
4256
25874
91038
73813
53736
7136
30662
40382
51136
27888
70549
43221
5590
58108
41138
75646
65831
51380
66270
84809
38988
20598
52389
65794
28284
40473
31255
6700
54531
87005
30653
75138
29230
38042
48951
82965
45178
79612
39699
12665
23851
10247
55885
29440
68354
97022
5085
50536
64754
87707
35344
3741
24656
87732
69534
52939
44556
17140
75990
15439
20497
6642
90576
49726
44684
39526
49043
6213
35489
88741
18877
59340
15339
74762
88779
44
88135
10216
50579
69240
14274
2274
89332
38929
6357
75217
91867
67265
67856
82703
29205
90850
89630
35533
29156
44324
41745
80996
33064
60621
51734
29114
64797
56221
31727
25460
69954
14792
8882
56709
6360
17100
40325
15068
1307
39379
44272
92156
29008
27688
74515
83877
85784
55511
33293
46405
12197
98046
14490
41310
62843
70710
96990
10921
96170
83295
61273
92176
34333
33672
9275
74657
48740
30387
93011
2737
59394
46777
50261
32793
32560
22123
66085
95316
34319
64130
9806
91981
43324
80515
5322
54245
93036
88617
31869
20348
80792
66201
70372
90067
57209
35463
17000
87595
44825
36088
63340
93741
29952
26533
31776
52074
92617
27091
2745
73098
53248
94725
32774
50115
46
87018
43150
88662
18886
79850
85806
1438
66573
75872
74998
2035
9223
78944
46859
45310
42283
40599
44526
88587
83483
76301
57012
92451
19743
59756
65549
72991
54480
98322
23105
70878
1691
66254
59539
36928
62455
61696
54717
29027
53919
29714
31061
63141
8657
94272
8451
67291
34870
52976
55877
34705
45628
12889
27155
65370
72644
9055
38360
43476
23728
61464
14353
25418
44070
90243
78697
22876
51939
33413
51903
5857
63126
99315
85350
88134
93586
93800
55425
44808
63127
27653
79512
25106
40541
6666
90475
29537
32073
28835
89364
55800
6650
3716
81218
67071
10310
59914
89947
78600
9679
58201
809
72804
57515
86158
77290
51101
96309
32714
12260
59435
60366
91771
84540
17259
14788
91366
46795
46860
36552
36158
2660
43202
56225
26624
82886
76494
16570
61486
86172
74770
62294
75328
32285
48451
52617
99737
44759
1682
11996
20545
62047
20118
21436
79305
34905
12801
42451
98117
49353
94960
17128
8906
67536
17356
35529
50422
93849
68451
11907
96373
43220
74200
71700
91856
39002
24316
7944
112
25997
36291
20656
4395
56408
58443
52
7665
71243
58854
5781
36947
53814
39260
45852
21349
56615
97733
71770
66815
66183
28
63187
25754
90579
51238
33962
29580
75553
41905
29691
17901
94548
66698
38648
50955
25140
55051
74971
12735
13904
97103
66033
67717
28237
5418
92976
25969
93539
76143
8503
93567
39329
50608
84145
90567
84569
30077
82471
42826
59767
16724
37373
42817
71723
4679
84308
26773
79650
13394
40676
76752
79427
24745
13114
24015
46514
22441
66335
40052
14935
74837
33618
41796
34115
77534
26365
64191
76356
69190
40309
93079
22914
83125
81153
27592
83785
7925
7241
97178
64953
345
6049
29810
16970
52562
68602
83304
92613
83537
74492
42583
54152
16288
76697
31685
59004
40887
8040
28193
81195
17471
67458
80672
98623
95049
64456
22900
18642
61633
4204
18986
70941
10252
65147
87910
62813
33748
87566
71777
17284
62057
14359
87787
94696
7407
19471
53699
48293
43863
98243
45840
77685
65700
26511
92659
77101
90966
15558
12094
68950
36113
31079
39890
46364
12577
44152
25528
46324
31717
97305
79960
10125
28015
67746
4821
35422
3569
58519
66
47431
56762
45905
25115
38813
72415
34125
15913
79732
49683
28006
65034
75436
21275
48511
88012
65426
74038
50688
13494
87694
30647
23619
15709
28439
67482
18312
3309
67547
65742
60070
29804
7208
15235
57685
47499
98302
23719
75505
79687
25865
67292
961
74375
71656
82739
38695
96232
68810
69341
19850
870
64640
68351
18748
67949
52250
84489
44370
82053
8049
59604
622
65733
7103
15275
89451
98959
94961
15315
82602
12274
6042
70609
95012
87158
9303
7595
55967
94995
27445
56837
95431
92084
41539
60032
93788
15018
20754
92192
39418
80357
92814
5150
3811
24440
10952
19121
19401
42619
1723
48026
65012
72331
43037
52169
97986
66983
24487
92980
94427
97675
88410
2863
39214
18939
79246
33957
99999
41545
73374
96708
50710
94876
518
75149
22179
19639
10901
81149
37713
58926
46160
26395
18314
14680
24380
85297
55519
33712
96075
53193
38473
98937
92406
57412
94535
58111
91368
94533
16007
81093
91240
66716
75968
8110
58216
14499
44100
69117
95647
81812
44394
58159
24558
62708
72838
65290
64356
44708
99001
60430
97901
53825
75719
6658
11236
70253
64768
18955
64785
80774
48
72377
63841
92367
80486
22057
6865
40937
7525
18864
39100
77022
63657
14625
66211
28946
95332
10919
44298
55762
8819
98123
47832
15476
25710
18084
96596
44665
99220
93721
61064
71596
73914
69782
68433
95970
92999
25721
3494
11862
64820
55411
88883
44829
55093
90126
81719
66011
34424
91181
48898
1663
23009
74607
19746
35956
35623
35318
29676
96686
6913
66468
91698
15910
59466
17418
35755
87679
98590
7518
76561
43418
10257
48005
33543
8327
30368
62159
21548
33215
80173
60908
7822
16271
96863
43444
51588
56482
74852
62831
39301
66549
95093
15118
319
47199
2796
98908
54716
79356
42325
81324
43712
75867
89651
74079
60185
68161
95627
9751
48333
56534
17572
64603
69749
77368
16190
12639
50201
75469
89501
73942
86913
74260
34112
23765
89519
5179
19472
31843
86503
63183
24062
76153
37262
598
44313
49240
26700
8997
22125
73600
91873
37991
6141
4511
4543
13534
96332
94043
87476
83244
31364
78087
17355
55128
67606
38886
74599
15800
25388
54133
56213
91394
73162
62204
56985
99862
87552
79110
60485
70982
14827
83644
91845
19369
97177
29763
1004
87771
61126
79091
21478
16253
63048
60363
7203
95199
85750
61335
51412
19993
69081
24573
98548
26065
40786
5174
1270
63602
92508
47245
84352
35464
60773
88879
81578
61777
93001
42703
57219
14478
75307
20266
91192
82509
15464
93293
60196
83227
13285
29276
11832
71692
64937
97931
76866
66207
61532
85725
98654
25128
70076
34118
85900
75306
15695
47676
68306
74750
21246
99136
50056
41511
90327
48917
73327
99972
9112
72905
13256
54739
97056
41440
26430
61993
55722
19647
44551
33605
5371
43204
58732
91798
44631
67103
9368
8659
51761
469
29904
67248
50524
87767
57574
99440
61093
73897
24903
33997
3505
95993
47405
44944
38775
9397
665
58421
53947
34269
80144
97150
9352
88293
7175
70334
71748
16542
78992
23508
33362
25248
90755
83885
13014
64680
99677
90458
54929
40931
40806
58433
36924
88210
19728
75698
13958
36744
50470
67904
87364
46965
81406
96715
35258
88580
67048
23357
21473
62392
46864
54834
87639
53970
55070
652
35001
71098
7461
89929
12029
48266
64713
65304
36476
84440
41001
50433
37535
34689
24898
32446
37964
6396
37377
5012
29752
58849
67403
92967
30034
71393
63288
1455
72044
98288
72553
95856
4569
933
44121
85633
66236
96948
86425
23588
63733
23959
47761
98421
65209
2547
47218
3172
25294
84594
24535
55045
59794
8289
64363
89827
79681
27650
7633
68076
42290
80185
63931
63210
97469
8052
48842
21351
51618
19995
85083
91929
67756
99855
57137
86654
47072
60308
11948
31665
1195
83344
91458
9483
47707
97636
89164
91708
5269
73591
1805
37522
97206
99274
61925
62400
79329
83275
14017
15676
84710
5945
83431
84564
79433
70084
56093
82031
63300
57287
81727
71110
66769
29433
68745
72284
21140
74013
45875
71489
75818
99748
68694
91443
78024
47445
87123
77650
77814
2798
62359
86228
46923
79543
56312
94910
35635
54694
74561
9273
52772
45670
76041
82204
14415
64677
19696
4779
26903
80596
43002
76229
72038
21025
40026
59161
15026
17839
61958
77385
34300
64538
40659
13842
37201
51920
65828
91894
26480
91452
61018
72150
83845
59573
2916
48521
79268
7694
91775
86803
88290
34776
79384
76679
72152
35761
35839
87177
69951
14149
80913
4250
78686
37923
34444
15886
89842
16623
24131
16322
8075
85148
88471
91919
91386
56791
40340
99079
48565
43495
3720
83340
39230
80399
55491
91342
59019
61292
46737
39932
81893
41774
77854
57659
67696
49311
98142
369
73737
99641
5191
65655
60713
96576
1053
12006
87361
60899
32078
70700
16480
12476
42542
7821
61416
17912
85464
24505
57843
67356
66278
52049
16396
40289
36096
65706
38430
36464
39442
38070
41654
21448
98783
54581
60244
16187
82938
47604
93437
15015
34655
26268
43842
93548
50440
21610
11459
35903
46114
85654
19610
12391
37702
36005
69031
18062
7460
26612
73855
61882
84617
95302
77016
39197
71897
9554
38486
19500
2990
53501
70506
45609
13694
80405
96048
35303
91864
31950
81416
77517
10159
31570
3916
79189
21718
38329
3001
64681
81234
49297
23837
74601
4845
95734
84154
43330
31585
3495
96830
18443
49103
26876
98847
45150
62178
90710
93451
59946
84578
61361
86456
32499
81628
81996
70568
19957
84996
35248
48492
82581
84544
72328
57181
89388
84413
57686
49070
15998
61180
45899
34440
10282
89126
33286
71783
67656
40348
65233
27601
41277
42946
30408
90128
12403
60695
60881
13751
95943
9372
12683
96838
98052
82464
27549
51647
98461
5081
49252
31714
19375
98890
3497
87030
55589
85081
30982
96865
28026
3344
52599
90143
64039
29831
76333
39203
16576
89522
37254
2791
19717
46691
60097
34530
51771
90346
83781
83485
9720
99022
3333
13101
54610
88413
44082
67827
16439
5470
71170
85389
95612
51560
15219
15857
44244
70773
48784
33766
8026
51574
42216
44095
98264
18665
94976
50035
95108
49871
35081
94130
53203
48181
65091
41615
92262
32917
74405
14083
20439
76145
26046
71998
91364
58254
16242
62136
7037
66359
86514
58610
8574
46960
56874
43590
58287
23260
68951
53394
89482
20383
47523
42684
68563
12614
650
77176
91407
7610
82320
67551
50008
70670
58914
8261
3263
37402
15298
69621
40267
73907
94546
3578
47132
38136
61864
86743
23438
15257
76224
43821
79132
18907
28735
8097
35909
5911
69978
27315
29872
68650
94865
79879
55671
70131
88140
58933
7532
3437
28553
64150
77343
39450
67727
40827
93937
29590
27569
17375
61198
3793
61195
40329
39051
64777
74959
12191
51107
18625
42063
19756
13490
21941
75426
83620
10080
7503
29868
79262
71652
23563
35063
39378
64389
29000
85319
8309
62726
46516
12101
23920
86845
30200
67973
58814
58743
19079
77439
805
55186
90928
39097
30611
90899
65529
97672
98401
95396
93285
86404
18958
28348
25781
83346
73699
27451
8007
36424
73966
20107
60343
77162
3962
6894
45135
65636
64213
40214
82792
19399
47493
21889
66361
38391
87417
64033
53143
82812
57317
39546
18122
2016
81678
1467
75714
9128
25825
12137
99445
45932
88831
76607
66245
95725
38093
29020
77712
2305
69233
60504
38055
16725
82392
20768
71467
86160
84800
40961
68971
58468
80506
87092
76836
78535
4911
52549
4014
30735
64686
3459
93018
69868
96417
59263
65592
34509
4634
59656
36813
73867
20159
91220
6943
18902
11987
94762
5061
13138
35722
90383
87957
32580
93827
64792
11114
15089
17341
15128
62175
98378
34938
71545
68245
31354
47159
50189
65862
51792
9844
19026
42010
46354
26597
65305
81607
38583
60066
86667
68072
12139
93401
56029
44718
87227
20820
55832
18667
54512
87311
69241
38600
53838
86305
99544
20378
68518
67687
46573
3895
9697
92926
30492
75001
74532
85426
35066
77550
53498
47204
87302
9526
8274
74529
46697
80457
9547
17561
84119
90388
3153
22718
59125
56990
9022
75020
77367
77539
42707
23939
81433
68755
33216
28276
43755
24099
13702
95172
1648
67199
58727
88950
93076
67000
79830
56124
