82898
54577
66259
45557
67621
34896
72125
44327
91917
35861
5887
80415
88044
50402
79986
83945
58667
58271
62321
25411
73193
27243
75336
8438
89901
16604
70726
9800
15714
83223
43824
14963
37800
10082
60519
21772
61329
48996
82450
69597
84856
4689
50011
72899
55090
29996
73196
13756
4618
35516
55518
94162
79110
47206
2599
69011
80161
89676
78810
95874
38985
10836
27050
65418
87706
48821
26747
36701
31271
96343
37908
35959
62706
27159
91048
92701
354
21156
13671
52221
76673
7832
31331
23878
26783
16693
20390
16458
11854
16263
5708
50838
43450
32757
16255
31156
81578
59353
84208
12848
72048
22116
65158
34753
49274
56205
43805
65979
77360
57475
18199
70385
81659
65881
10614
8441
82573
31004
41250
94426
63618
46958
61615
7068
96066
94222
54575
77643
53574
38782
6842
25621
60897
71999
76725
26522
44556
36882
92500
38267
10708
27051
8651
92366
92931
35617
17158
91856
82972
58408
86281
46589
21717
64248
70008
17782
58469
24582
11777
12042
63364
34970
54015
40612
6969
47091
83486
67876
83972
75985
6142
11032
3035
31145
19749
12318
83113
36907
4173
66084
11666
6805
29024
49734
71052
15384
83867
29520
39965
95643
57914
19680
46965
28280
76644
70285
91722
60129
38160
92046
52465
44301
3077
71852
91797
22825
84169
74909
76083
88341
57344
4100
95145
86368
53833
82549
1751
37700
28420
58067
49694
2685
94099
96658
47316
87094
66942
39038
47222
21453
31083
16038
65754
50511
87889
57550
73335
72057
48811
65770
76749
6154
69869
88246
8873
23702
70794
10623
77753
15565
85042
43798
18250
95492
56808
65565
82585
23749
20954
46158
45202
52036
62195
27307
2546
66436
1208
92233
38492
66370
74354
31593
72524
44222
19838
81396
84275
6983
8371
78379
38899
93412
22177
57148
5255
78984
39065
87839
19084
60018
33996
80637
28406
12542
24295
47303
78977
25503
55887
33821
91872
30240
65413
80747
90814
1602
62143
75088
8584
86865
69819
47482
80276
91995
20982
85530
87330
76398
89720
6413
52767
40067
87050
81172
52608
11344
28475
47937
53198
84361
81757
61422
30953
63521
42168
21766
65122
20662
96853
90057
7526
66671
53890
4153
75017
91223
6034
62346
95753
85111
36739
35819
72160
17910
4779
99855
62736
52715
69405
63449
50823
47178
94401
14343
5697
32518
95816
26359
29370
2224
50236
12393
56113
70741
3761
63688
76774
66107
47659
88879
51217
84397
41049
39728
18659
62179
55934
97746
31245
41690
77546
82067
88867
88298
12761
94564
20815
8576
37274
66537
27151
87509
78929
83264
74601
99041
63303
67727
81499
10961
56605
49067
11710
14005
88794
46720
76184
61080
60817
7428
2769
38363
5847
91636
26660
18607
2551
47475
43535
39824
14011
70685
43684
9291
70300
18285
8331
33602
86011
89830
60915
58967
38896
88976
89323
44042
35695
65506
21473
96511
89286
24241
51225
11484
32228
77885
30090
34778
41711
89976
72073
60661
34637
81363
30960
69273
6045
80914
55283
12226
41828
30601
51122
47155
19923
11515
82849
1781
32987
95711
7418
73579
63288
18901
5807
41172
65342
56936
99234
55318
47889
71306
15978
82525
69020
63289
51797
75064
44202
23431
87290
2381
54031
54763
65887
90305
82629
48735
92085
15615
60798
15854
5545
24085
34754
11351
81608
96
68287
80841
71765
16175
68498
4094
15051
37517
67382
66847
28932
27936
6629
16221
46668
60659
87335
12555
67315
69963
77641
59400
1929
54790
91605
7474
78874
35176
76833
42806
19814
57673
14570
52340
42522
18663
67390
80038
2396
50588
8970
46683
57216
41542
93351
34226
45229
22257
1541
31543
99897
77292
33472
54687
68896
57297
49912
11606
8824
26745
54411
28638
769
85332
97329
59643
20346
64719
39680
39094
31658
65001
85776
5226
22895
95478
39451
68123
17734
57343
99665
33983
50986
49488
5021
36234
23136
54932
47839
31960
98028
18602
76949
15149
20285
74277
74791
40631
55347
30822
96076
3357
95823
81851
8582
18717
93681
64384
3191
11414
38079
19207
61748
89064
68695
66768
41649
8182
38052
89488
56493
52431
24441
49793
67579
44725
40422
42369
1707
95768
73191
97782
15476
85365
79633
24057
20433
73313
4793
23623
1078
42871
59181
62826
48286
44227
45945
89935
52409
83996
79422
25253
52779
3862
75046
20357
64938
15467
79078
66645
27586
68620
64426
43062
53984
60410
67118
74416
50074
71910
14390
51152
31132
73570
30329
79418
17797
92625
69352
86557
92973
65125
11809
45751
85338
86854
50275
2320
61536
16919
46258
30155
81345
89319
84138
41754
56436
74905
91828
44698
5646
59331
75829
95568
6011
71598
29716
14987
40949
16272
7959
6073
28080
70061
91410
31286
52520
41685
49957
14055
74955
96214
44210
56299
85532
44699
14405
58320
19604
22584
19369
41601
98266
95197
37168
20628
66795
66883
35614
24095
83154
59925
46520
29985
54281
75223
98856
95965
41531
12911
87272
37745
73472
43570
39628
18170
74326
14299
54125
96909
33667
95726
11526
28864
49245
32153
12010
16128
84119
52456
15633
60395
98975
59570
90379
53256
51144
5587
65572
92675
34849
52843
46771
8320
12765
86398
42841
87090
697
96966
351
34363
9043
28228
79578
74639
76733
7939
90766
60851
22751
21245
75721
82320
27975
28976
33464
33561
10900
42490
68409
63742
89260
93080
92858
75657
35921
96300
92705
49238
13002
43420
74632
41229
22997
49270
17961
47288
56388
95163
24034
79138
16407
99754
77809
60734
45082
27624
10646
55981
70113
95407
19722
59372
88486
51381
40758
25231
44085
6347
38232
87504
80978
79460
26853
46600
13773
74140
19339
8935
98173
98476
25342
14278
92636
2427
59359
20260
13072
15339
6724
8478
51413
66096
13316
80344
33828
54073
5574
77912
60420
81768
57749
39616
8620
20700
53388
99111
40038
62323
13635
54865
4016
27912
47501
6442
87271
84112
35865
18961
90835
44343
70373
73282
74010
50716
7109
28082
56289
1373
4853
16445
83140
78954
72413
8111
16005
25800
23573
56043
4474
37207
27259
24841
81470
91111
47634
68740
75222
83499
87701
82409
44193
74425
55690
18202
25141
79151
62635
97781
80523
83840
30578
80014
62793
2990
88124
95149
28789
11696
51191
49615
65254
94802
74455
46723
85912
22089
31815
61134
35867
43542
66131
10291
15583
684
35431
94733
63318
49564
91607
63509
80141
71620
42653
83130
59743
37802
28270
87790
5344
77884
69395
145
68691
16118
86057
90779
47932
63542
12717
150
23435
78847
10440
39017
79530
62223
50102
59199
11786
41708
22708
91926
13328
65360
91407
89422
3161
36028
93564
8505
13912
62958
8649
98954
95427
11057
89732
59710
74598
18800
59859
98032
97646
70299
53401
93527
32521
3502
69077
60658
61561
8136
68935
91240
73496
60341
97014
93008
12720
90577
17864
42983
69886
42865
41936
81665
53921
31667
41374
44871
50466
17585
59254
64463
4235
12654
74341
53107
32507
59770
13764
10420
67905
82698
1659
57752
59390
98672
50760
72109
5600
84975
31444
75486
27839
73379
57150
98112
21398
14875
42982
88215
32459
18587
52678
36693
31241
43370
89799
80099
3139
19914
90518
87396
2611
92177
45147
78352
7200
12258
66813
12800
97233
98256
4637
25071
71634
78138
39534
93031
93012
98867
97598
41823
17454
66627
94867
65046
9996
84666
45144
29487
4579
52014
16882
23542
60542
78380
18245
67741
90638
85057
96892
87870
99664
1528
29292
71298
79665
85178
80680
89029
84044
94629
47203
1497
61255
42069
66542
71251
43086
28038
17089
47665
80051
50322
87558
56944
28701
22154
24684
19338
7211
21576
7207
6874
39455
52851
94523
35472
38028
91555
24500
22071
86183
88054
39920
47438
30122
22813
35040
73208
67202
52128
37224
63604
2449
41133
20547
63286
45231
66839
70496
83158
90397
93722
38964
59599
4596
74435
97626
12502
15286
36049
15037
3339
92320
78826
33461
15132
30217
23020
98686
98696
60243
62289
17496
1375
82836
64996
81012
44418
48186
67860
43927
38583
61581
82890
98181
82528
57325
12159
11382
88962
48207
42770
92301
56878
37947
42113
72009
68163
81484
87046
83210
41726
49335
705
59452
48522
82052
40463
92939
30238
8322
36865
68820
86254
36106
83352
85134
9782
95510
12867
98744
60068
55636
7396
16945
9934
65860
5306
78096
47343
92351
77657
5420
58037
78361
64871
6558
60412
21685
99496
90649
46359
52712
75820
48964
5170
59172
34097
14951
71033
63315
13694
31101
35302
37441
48045
45235
3300
69702
39682
50642
62053
17338
20089
95698
37283
42999
72462
75320
58846
79462
21678
27910
55282
86993
33079
14453
21090
48029
1837
84404
61723
32937
19706
99163
97334
81292
18815
67035
20974
69456
45439
38311
41869
81880
50361
95503
24878
22822
87174
83723
18635
25203
11632
73916
12196
44710
4720
49637
9091
6557
50392
70813
39493
86449
86327
53178
21493
20213
88714
90949
65651
43376
49169
63882
10088
61023
88759
49261
64549
72482
67896
89751
465
41811
18298
61527
62883
67934
70617
69439
34678
57781
25283
21126
60459
94813
88866
81952
15025
93931
89252
97027
53659
54772
60909
63746
15794
66019
13007
96694
54852
97254
86445
55317
55416
21094
33195
5380
3811
4088
40057
77943
29371
61182
38401
24183
66400
20352
55559
60330
9603
68937
30340
64374
46197
94086
96520
12216
23444
93213
67067
37049
96009
38735
92464
33455
71929
10762
38834
92091
14849
78890
70033
60571
56423
8434
1105
45137
73015
83152
71092
58304
29843
51817
4500
40280
48336
16715
80075
57901
134
17123
70261
38868
9587
3715
27149
36700
58900
19239
67900
54141
89272
44823
10564
14057
62279
33385
59193
35294
32888
30284
9949
62731
98453
14448
3010
63140
47515
83085
21040
47648
16559
7653
2867
26145
27719
30015
79196
86619
49254
47096
40759
54877
91918
67674
68933
70548
1059
44477
22193
33946
91113
32141
13028
89565
52704
10455
15474
90096
58102
32032
97748
77320
74529
41818
7335
53724
44788
72940
17171
1899
27816
25440
69572
96748
95988
70630
41224
18180
20928
32336
50321
33955
38252
13261
66344
90956
23715
98169
81051
98168
30201
95150
75487
4729
36967
82821
74804
81755
55760
91975
83653
99927
17414
69576
13026
29753
40206
54250
47933
77485
2937
14605
11439
41189
44217
94135
48496
67931
92303
29546
22503
24695
57936
43583
78013
57109
34739
76119
29220
26713
76123
45499
60478
45699
58524
90231
2256
12773
54515
79740
32062
85471
7530
89602
29687
1664
38097
13969
93967
83994
96418
32821
8688
70705
92756
3052
44165
27494
79171
89737
70558
71645
35235
47387
17343
93758
37617
19598
22883
8483
15689
54944
93953
23219
23639
24882
98993
37607
35200
82986
50376
68021
8025
37433
60776
27428
81597
4621
6598
71333
75178
78243
6567
38916
11937
325
92885
47887
23207
1367
63575
94502
11672
86793
55398
35310
28027
70742
89269
63226
53727
55996
47598
78103
93428
8373
5530
75025
29345
28480
46357
20874
23074
69276
59790
35010
69600
52674
99248
9158
54040
62823
3659
65711
59056
17373
93993
29797
22993
57219
99875
78988
4816
94329
72416
29541
16210
63792
58885
44689
26500
79759
84114
95775
39548
35476
81726
8573
34723
90883
62612
97545
94541
44675
63512
69948
62047
57504
16096
1391
31074
15970
80378
35890
26650
69145
81782
42860
49288
40666
87548
75788
36776
88014
87914
23489
69640
1247
58211
76874
80211
55756
71415
41237
35619
41362
3283
93122
73810
21025
24196
89779
17754
76437
16429
86899
58218
75640
52538
15235
79539
44677
52011
67552
32591
61037
91040
18582
78636
49251
95455
21358
66869
82
56976
24583
19716
66449
98392
40740
90644
4522
74845
67080
37302
61743
12941
30633
56884
92480
75309
25246
76383
7899
86282
67423
26480
64917
33025
38287
40114
54382
5155
56547
27709
46089
76262
94157
60832
33353
84801
81706
8198
68232
19007
86292
9881
48300
33276
83116
57131
8585
8361
33513
32835
10994
17287
75667
75911
50311
13953
32376
21044
35459
88923
48752
81548
81536
42909
58731
44061
40436
55790
28644
75795
58433
54876
40446
91709
37991
13928
16645
62703
47440
49479
73697
81079
41497
65959
31389
55449
14686
68785
90908
3608
17536
88807
1496
76796
63889
49088
37208
4325
21229
65852
96471
79661
20727
36916
87721
75070
67195
20717
37772
30986
86548
27820
12064
28044
93778
59805
83493
8464
28589
90752
28423
62476
79558
46270
39272
59798
95357
76479
80474
58682
76944
28950
95761
30211
16670
70830
97405
53739
24953
28391
40286
52773
56806
68329
62902
16610
51821
87717
61550
42572
32492
24026
38481
95113
79649
98279
6822
56127
95104
39758
31161
68707
26921
18610
1729
97750
32367
55467
39054
77109
95752
8178
33914
64080
87432
66876
32253
91500
28425
74824
23991
68802
29657
19104
48450
44287
42277
20929
39390
82034
52089
27789
50741
79009
46399
52469
93110
78765
7935
32163
55873
20038
56693
6138
84117
44124
73013
16369
35623
1438
7545
75966
86591
37201
11421
35041
97839
53697
55969
37228
35730
24409
65017
2822
19769
27767
55290
12878
6531
79576
61392
78755
99613
18084
1244
78559
74257
16450
30534
23994
22851
34271
13676
75384
4319
85996
28964
56400
26756
10332
59222
46524
38098
30863
59401
60980
26791
37145
56086
42755
71580
57329
42836
66491
31585
75638
97024
23630
99631
19874
18618
93529
48645
85264
74814
50993
14227
47565
77748
24558
6786
24272
79007
54001
24
39986
97143
53520
96071
39897
25100
53400
82733
91590
1336
58370
4965
41318
74352
24838
59935
84232
11685
8579
69496
2850
75923
74
50414
53671
40984
73552
94294
19990
27552
94317
59976
24694
47837
72398
64590
89288
42149
63674
80877
43485
38395
2193
84802
29099
43382
44736
13330
55066
69666
99177
57915
45589
15603
8328
15611
56586
81879
9904
92927
25782
20572
69254
66827
68408
41652
47769
57695
83800
11442
54923
43636
66189
57115
28437
95287
496
89524
24968
55561
75542
40497
29827
37482
56099
54507
53092
29036
52737
79347
21962
78519
99918
91216
45345
68326
32867
93113
42372
33018
20907
13647
76654
3447
70761
5090
15085
87609
10966
40052
59521
86507
96900
89348
23988
52998
60206
93431
82033
12942
72777
3995
91460
72694
95210
53157
57371
44428
62621
16095
77445
83527
29741
70450
3325
16853
91892
18409
4461
2857
74813
63982
5715
71712
69681
46054
41062
29886
39484
39446
42827
28612
59792
50639
17657
71353
3795
91380
15780
66415
9577
66294
37214
80026
69618
54066
71917
4379
74879
91125
79191
38860
96839
67254
24892
42892
8315
54777
82375
47761
13955
27338
23904
64593
44995
95257
68387
36374
11036
51154
60199
36964
17447
97412
33342
3416
67829
5258
7794
42707
96383
3336
97918
93221
70590
39161
95256
93937
34839
59368
24244
78529
83272
88836
23523
78528
73575
76248
5915
24728
52798
42879
58526
66561
76220
78293
34389
97829
2439
93448
10563
5774
7717
20136
76363
46878
72600
87971
57166
23790
47338
81409
2318
30609
86597
42192
9136
60171
18439
31403
1250
87588
74281
76127
54148
66852
54419
88537
64680
73209
98336
75243
78983
22404
11730
71697
69281
84329
59667
42799
8118
7005
24207
10436
37613
27155
52627
63101
3677
87418
94503
4926
75005
85135
97404
29153
51986
68175
34041
33017
41383
48728
24611
20365
71131
36340
8414
56764
20668
68080
99562
28786
91436
40120
55573
45401
67275
8199
8501
70951
11968
19355
92229
86973
20841
89632
32477
72826
57806
66517
22194
99189
15244
46805
35905
2726
44318
59489
36516
28750
59050
81653
20185
99170
37225
65585
66444
61775
90437
53746
73743
26143
45974
77067
46983
51958
9543
36160
9763
92411
58354
25303
7654
21510
77560
10379
37357
38229
86220
73872
66978
45269
55524
3515
44438
9100
85451
27233
87227
75888
80979
60969
18382
43304
54387
65365
95261
63929
17876
21376
56339
76229
63030
14090
40589
7074
51447
78818
93293
41670
62147
54914
13546
65661
99351
38997
51112
42936
26223
43351
40266
87191
61732
99921
57929
43448
95182
21857
61324
32909
94547
53904
95938
91242
84346
52879
14668
52144
48048
7960
93813
10194
79225
23710
75855
78576
62707
26966
37863
88929
70316
94480
92472
48399
94400
50400
5933
88609
69522
38841
99507
39777
34779
90749
24122
4009
5416
92617
52056
29727
2782
62249
8952
26491
38103
3879
89197
81420
58093
94478
68087
52572
86949
32838
46971
37348
41036
52904
42308
10557
8096
41815
66685
42874
48915
7159
63234
70682
99775
15289
16760
18908
77538
42063
45399
31992
45941
50947
29764
20385
45424
97850
72956
32372
47039
36279
86072
88074
5534
44731
14982
13629
86545
81667
72855
5177
36088
22492
21303
51377
39252
40211
45266
81314
85609
93609
43607
36555
23372
63991
81979
37574
53299
30702
84612
5929
33125
72686
11462
77856
4019
25090
64400
85685
97944
16211
7213
34032
55054
28516
1760
94305
68726
63377
91971
70686
56985
35577
7240
96709
15919
5570
50634
85569
52624
51597
91497
85748
40634
2958
79955
44653
28048
60707
46689
42343
76917
53902
76374
48322
82417
94485
42627
67494
57861
34597
38179
31198
86525
61770
27906
18795
67340
94891
4364
36315
46487
95860
38414
87121
15170
18369
31773
59569
79075
78461
1911
72343
48714
94637
20664
31130
89121
79642
98623
63334
14238
36801
94531
17114
98571
38788
35909
82262
33678
56624
34928
80164
68835
73341
67284
84004
8061
15408
43572
87135
10221
45483
59477
58934
40119
96493
6416
45591
76134
5038
8924
58191
19806
23837
73113
58593
76097
71726
92270
49072
6653
88786
17907
96345
72421
1910
4406
87829
61834
7892
14401
23668
67369
73334
63786
80213
79749
25728
56346
1139
51004
63069
59329
70809
3258
48793
29402
95706
20518
21671
44778
43522
26808
62684
39866
99229
80945
60623
3409
59130
68515
17809
82797
52235
7494
62934
32447
87243
88662
88792
4733
39665
68213
80413
10473
71470
29205
56226
66074
77897
28304
9595
21056
7339
65812
20284
4636
26435
23692
63765
94949
41500
46562
47183
48994
9495
95981
52588
98156
84772
57320
54172
69336
54084
80997
57157
83288
37222
40684
65713
31470
85339
75307
52526
92678
57470
72809
97313
83904
96501
61077
95204
54352
7638
58738
3345
17133
54718
72284
31640
55842
29603
2164
25177
38
83160
83325
20381
39369
65389
51851
24707
40695
4376
33736
14517
77184
31048
98420
90036
8477
9976
44388
32466
68713
47732
65950
20016
97590
95624
65970
16105
37152
66008
99264
35837
65684
19644
91557
31073
71494
32616
88119
92221
66351
2635
13751
17407
59440
38579
27382
20179
71044
12446
67911
36994
35876
4278
50935
47851
86599
67039
85003
68958
82654
37191
50994
2297
28748
98418
90143
77715
2888
82363
60417
5523
68119
74167
39281
43911
29097
83014
64089
141
95459
48351
53486
47687
52628
20772
95537
55579
4162
80539
24536
86815
17730
75529
89111
62829
73946
95605
40543
76834
77968
959
98708
62438
91478
54340
6348
20574
37353
70437
37066
32811
18787
6903
80497
87767
44026
76034
43345
48187
72924
67880
35001
59761
40464
86185
50058
36068
26727
43243
30387
44038
41950
92825
51867
96289
99172
72440
49993
85960
25858
82804
4747
49112
79652
8865
93138
72037
52209
41324
44961
36440
92677
68317
12552
33140
54502
62610
85559
97580
5852
15946
41617
64154
8770
93483
76794
24293
82275
26787
10253
24484
25942
31351
89947
5593
56567
83084
93982
8775
40760
55294
61566
33436
23610
74118
82927
94463
53079
84837
92043
58930
782
23083
25903
59846
16229
66548
42120
43015
93152
82955
85308
40854
72901
90900
97420
72337
1233
6194
13096
56526
84111
80136
74580
62161
27658
46997
82992
86588
47779
33003
26022
90033
92848
58602
56580
51319
1616
66083
50625
86923
6936
23525
94175
4355
12213
26900
25308
51933
11011
4542
48420
85590
66702
13248
30051
22361
16187
94181
71715
58560
84213
64562
17162
57145
32232
35129
23227
82856
38404
30163
22732
48930
34517
34945
44336
77769
76604
12620
88779
81146
77391
90720
64199
20319
94249
55472
52857
4781
27186
11417
88994
8099
44930
62490
40330
96410
2068
39537
34813
48582
62268
83742
83099
97212
44430
77219
73816
73401
65997
71313
50792
73068
51863
83903
93387
46112
39374
46243
50892
66559
74011
56237
91009
35292
35078
31338
31702
37146
87226
66514
85727
49493
66608
85177
63057
27389
62395
53224
789
44743
40888
67932
17811
92750
51834
11197
55213
7559
73791
6105
90469
47802
78693
81477
83093
13771
29166
31146
67268
16391
97660
52994
82236
80619
54523
45292
8007
33269
14867
25147
78012
55754
9431
95822
48503
77616
23370
3716
85175
97160
26172
61313
21216
44406
34986
2637
75551
18605
35380
89562
87951
17615
86532
42473
62906
10890
75741
94124
52389
53752
49877
61819
65925
14731
39434
89294
18446
40960
2806
32955
64118
82185
22778
24875
33522
25414
16778
52127
60793
22691
40077
78407
9223
98901
57664
20112
74641
51787
88852
44745
18015
50670
27021
32746
6456
16315
67543
47415
28512
96721
99589
27048
19498
24464
60569
61264
41241
12695
38408
63931
69123
33167
89505
68023
7182
9617
59016
58969
14820
93335
65490
47132
42432
88297
79798
9975
52063
15269
54838
48784
14858
81885
84633
55673
42453
45896
96913
71500
84304
77195
40622
33822
66700
24997
41003
92668
364
16323
7487
20475
9658
89328
83958
77624
63756
78415
95376
33252
94822
26585
15136
79454
82257
57589
41702
95521
29088
42357
89068
86061
76178
72119
17180
64786
11420
33503
88624
31894
59512
77952
32204
11600
71927
12311
6367
1613
7686
39618
96434
50623
54754
92240
49231
12342
33941
61104
76297
50171
43841
52474
22289
54898
69653
3426
82669
19507
92049
14563
79018
86352
63118
6970
58279
75428
29688
76243
69305
50087
24058
81268
99318
52751
15208
60421
10531
91504
10591
54372
60329
46333
52656
8289
82192
61056
39203
77561
63760
882
38390
77747
30569
14632
77212
99874
20012
27298
23931
1279
26615
76682
87035
3564
40693
13977
57935
1021
63207
83555
63706
32214
91844
45897
9622
31046
23457
73381
33366
24339
28122
27464
54907
59105
4675
54780
79117
31973
95063
80395
74939
88096
29585
78326
91659
70277
92302
49594
71861
49500
35003
20426
41343
97251
88741
20707
19779
38458
45045
64252
65921
99952
23357
86948
71083
2473
35272
66145
99219
10210
54240
28803
88535
45899
99080
97189
11844
86729
85401
61343
38083
5826
19038
35333
52225
7778
56039
88355
62587
17436
52607
28507
17387
92315
31806
4821
94787
67077
70966
10357
77287
41557
39160
82173
3807
54591
79361
15650
57671
64761
76993
86939
12382
47437
39163
20159
3475
43869
99097
20910
12827
43955
54648
5141
75761
75821
16279
42837
63138
26636
20123
4694
82147
2296
36737
98008
40502
94407
79121
33846
6511
66059
46227
53947
21573
82737
73773
65441
81833
11035
78268
25788
99760
1548
57854
16039
60736
20991
42674
80859
42037
99506
66889
77908
13865
7390
88666
92985
41236
95176
59043
87462
49122
80615
86551
39246
62408
84735
50280
57027
10522
32314
56786
28421
90167
89176
89157
27510
48201
86367
69546
89372
36434
67279
32440
43823
55944
25425
1410
67471
819
5224
32944
97786
91774
72190
60193
76508
38821
17219
3382
71134
90356
48154
77653
79532
37310
5162
27732
40028
91059
17104
58603
27492
734
91043
87666
56678
32819
5428
40500
33637
10651
73444
31422
18776
61985
91614
11635
805
25184
15016
88291
15540
79522
65943
11423
33183
87456
39154
73211
78514
72609
48165
22357
73343
39207
26374
46372
72025
31801
86871
5662
58803
76666
53435
77578
38650
61401
5565
55807
2936
36932
44097
18475
16453
26391
46249
49636
13846
85403
39198
8711
74363
87362
47419
47705
26569
90144
94076
14945
38297
80947
20606
97099
57612
90393
91029
12614
51793
96593
54728
33524
28868
89555
66329
71610
35803
15964
1807
37557
55161
10517
11920
74287
59624
85442
64430
70052
387
19078
50998
37344
16177
24961
27736
23557
53926
95880
20149
38697
50608
70024
83916
40162
36352
55525
92316
68667
57331
46225
23827
84199
74496
82701
74837
50471
68142
55619
20522
84880
74696
71519
22224
90872
12832
66311
14428
83109
62191
50928
21806
12798
37304
22073
69311
73655
77598
77978
58674
51280
24202
82500
51831
15049
81552
43019
65520
66046
98637
86041
50925
73333
73912
89500
80556
3095
55811
11336
86203
18001
78615
8008
47150
15918
46433
32812
5925
24030
10789
64598
91661
51343
47097
59843
82743
45001
2862
48262
11046
1498
34303
61970
91182
24566
67822
88090
27660
23632
99425
13862
57984
78039
38222
21485
93957
84654
54296
16233
25035
81436
80830
33047
49130
27926
92890
31873
89278
12103
80134
323
29952
30788
78645
21134
71705
46466
99364
24999
29578
44432
19389
84151
65916
13345
68804
36563
29577
10190
17998
26758
43236
83480
71036
52477
15352
60313
64579
11837
60636
42625
39280
32016
30681
2097
57590
46397
88545
82588
75974
32976
1976
76476
15243
31673
45279
51805
77601
71820
86154
4359
31407
69633
75394
83884
84984
35706
64814
13173
12693
75696
72149
68324
7711
2829
70420
81652
49225
58964
64239
41550
8291
82567
18025
39885
14239
8041
8191
51474
94195
12549
82881
80179
4294
65163
56352
47929
94687
69044
39977
66835
37368
64039
69663
24139
45691
18888
83103
9929
60437
7745
8847
78462
47630
23085
58116
55670
31276
9590
66216
60176
8822
46395
80822
91937
27909
37173
56217
22595
6216
96193
89429
60232
59091
84074
5922
94330
83528
32202
71119
91272
49580
55253
80485
24047
27275
28112
49988
93490
88288
58809
56236
69109
67097
84144
22633
23314
23090
28848
19506
12518
5135
96089
87961
89208
2010
98642
72735
50564
69760
80358
91612
35691
51963
72096
76090
79237
208
26077
89078
4847
1238
45314
90307
68334
45809
12939
7999
68899
58138
43857
97768
63272
39945
2080
68831
58307
17074
57917
8870
86833
38275
481
38876
6589
88928
14965
85825
89135
57393
91254
93981
74982
36567
639
59668
98728
13577
67666
67626
27874
81745
51338
67819
177
20169
26125
17250
78085
34994
20434
32711
51826
75661
39299
40753
90625
41475
46240
64370
32729
56572
39351
85647
57211
15370
84374
70787
83036
68351
58853
10909
66448
10191
95079
66624
30359
37555
83873
24795
72548
4306
73858
40725
79967
29508
81478
86943
70983
27717
67664
20063
640
23367
22061
57850
38736
6435
28637
21771
91137
3841
49032
57584
14031
60462
60741
98017
24431
1888
86916
45089
75745
27641
41407
5252
25470
44701
92586
69538
12365
29000
70177
35731
51061
74466
73847
12589
64983
76855
77972
38919
7238
38433
79477
67978
36449
3908
86217
23365
65348
61961
67357
6754
83565
92826
51454
76150
62363
63818
21502
32539
15900
72562
6718
46408
49931
35658
27742
43138
83012
50375
68413
62489
34704
21214
82748
20921
44578
48095
99233
11934
54848
99149
21111
22653
91651
83473
2823
13152
32363
18722
85713
9280
41791
48472
59210
77448
76213
18699
75577
69073
75841
38065
20129
97054
20812
57401
57983
85258
56633
86268
56457
55782
7378
79109
63784
7202
81931
76935
39564
17005
62647
48843
75147
27470
24405
52595
20034
43103
95610
28528
52214
33674
48656
65619
70837
6056
39953
56094
79040
12550
51173
66301
8011
14956
73502
6293
91890
13066
23297
70888
78260
98444
98357
19016
18391
78471
43763
14000
23350
12329
64026
88357
94299
34862
10764
34252
7308
89803
93175
36209
57328
59476
44219
88635
32977
50512
96877
62394
90160
67764
57006
88603
82473
92373
72344
17215
87195
47566
10544
44787
27943
98900
55437
79157
26015
6040
86464
15818
99215
22672
89497
58690
83243
78131
8018
33754
75007
70412
40265
59123
43769
45220
57947
36141
17563
91513
23336
50021
39078
50231
11159
83373
65483
66596
62529
72635
48992
23666
71849
88015
13162
46890
7645
54908
37714
99003
41671
77979
58125
1791
23198
16071
54283
57112
23935
93970
7133
63013
44201
34643
46385
9683
25265
1179
90225
74256
24845
78425
78622
54358
25315
66231
62002
96574
20296
61005
54596
98274
35481
56386
21471
67904
10668
78583
91838
4638
2067
71202
65190
36709
33938
74872
54299
59202
92402
60875
49809
33598
44783
87956
80965
27365
66309
93890
47660
43665
48485
45934
79146
21222
83756
63401
31890
78690
55238
80756
42792
34420
33817
76729
4467
35931
18044
65341
2091
67994
4639
46873
72301
1956
74237
38609
95845
38249
98626
44330
84182
77771
81903
84289
57523
13792
62979
12760
83022
43734
71903
17441
93902
48632
43083
98368
914
77479
63708
19356
45472
84699
66229
17772
86654
56817
72732
98850
95065
71357
59531
95598
65479
41434
79887
23001
71577
52113
54599
2950
24015
88391
13204
88998
47826
11571
89911
41656
91631
9267
87127
76329
91847
21250
79334
65015
78183
60080
65338
72029
47168
95499
68267
70169
67075
27483
38633
38025
30433
78999
42768
59988
67997
90593
71558
74259
32248
63188
83525
35726
55868
91723
56975
35201
56738
67307
29736
33169
83801
5197
96164
95651
73464
82684
62725
17298
37668
750
64082
16666
43517
24069
84662
50461
95627
58921
99060
75166
58797
34785
31034
50520
82586
23609
75417
28673
56777
24413
28825
78325
36928
24475
68140
19611
87200
85438
57278
4301
49519
90295
64169
73588
74957
14629
85566
50229
13688
60731
25377
64824
8116
92248
72934
90702
15856
48350
88984
89114
64551
67309
26041
5377
51800
45651
8928
37237
19280
13228
3108
9575
77396
76695
883
8376
78612
67463
22063
39342
92839
3238
47458
1439
76171
54511
33646
24521
6588
22630
13634
87490
6290
56027
92867
58089
1677
1794
11678
37309
15022
14785
63235
8769
7831
80469
33497
86442
47931
25783
57121
89592
74911
60454
8557
75839
83394
31186
5825
70883
53827
61851
63749
11915
79879
81895
23592
33539
13268
38376
13125
22036
62558
93593
55532
48999
57875
27443
91134
31348
2591
97077
6258
53909
73883
14814
46100
57276
62351
68276
28158
46478
8259
44444
42708
90153
84387
76247
3420
39115
5723
41807
1672
99316
13691
50671
73542
58156
4889
60075
55232
27499
30335
29114
58664
92786
86389
37367
77413
30899
53543
23890
39157
14338
82950
45661
98725
59196
49080
37839
81270
55862
80585
6532
54127
78412
64687
75367
38486
36271
2865
85173
65384
77881
77958
68125
15247
55371
15375
85141
95612
54531
99479
78561
16543
14555
54108
81974
68745
35378
89211
24606
15962
47490
86440
4902
12176
78159
59740
64798
97375
44912
46534
75255
22869
14658
90501
94591
30032
91994
90203
91472
68763
17456
22378
22871
15781
91122
58248
4991
15727
90561
31481
63216
93353
52735
91744
71511
12474
56541
68885
57385
3074
60492
96605
34083
67344
91196
80466
59337
81379
50808
66512
15186
73185
5734
30966
80658
80333
52309
96385
70894
83789
59600
80598
36523
67695
52108
40588
43661
97835
19337
94096
65179
26884
74561
40867
24633
55940
91675
7496
87477
81211
13230
18443
61869
93562
70751
74605
80807
70891
50556
61404
23766
18251
29863
72761
58838
67207
11845
18850
81393
47533
12945
62923
3858
3790
15400
76149
11816
63625
9378
36124
87598
46038
69169
62202
43196
40060
29110
4600
63825
47360
50814
52937
22549
18020
64781
57750
15765
28665
87047
95039
3080
90904
98828
18479
67052
26995
30676
52725
93849
29095
40322
56238
98263
18876
99434
38322
47985
18498
71198
71435
34244
52567
91993
21334
81232
79039
16372
663
86294
31552
35494
53345
74898
76867
84021
27622
87067
13115
67944
43305
27729
3171
42738
66051
51155
79474
900
62850
88686
13445
56240
41253
21789
77573
38836
10297
55850
3473
58200
91343
56818
33097
84561
57190
77071
71628
86656
61366
31284
14384
64536
90373
96786
15690
69846
97686
20516
86371
8335
76756
43975
46475
70680
99162
63654
97328
55012
67127
71879
46354
40296
21328
47267
97485
98398
18894
84140
59763
66529
24298
56901
11661
43098
25698
