10
93
127
225
241
305
366
508
637
814
839
1101
1226
1482
1596
1674
1930
2020
2023
2265
2287
2563
2582
3010
3096
3143
3255
3354
3385
3440
3460
3495
3587
3644
3681
3686
3824
3891
3951
3971
4033
4125
4167
4191
4244
4261
4332
4509
4564
4565
4624
4691
4696
4807
4832
4872
4910
4913
5006
5032
5170
5181
5182
5238
5241
5502
5542
5861
5937
5961
6202
6319
6476
6498
6606
6620
6746
6841
6954
7423
7451
7624
7657
7747
7765
7779
7887
7982
8088
8112
8205
8229
8458
8474
8698
8907
8978
8987
9171
9226
9371
9394
9428
9433
9574
9576
9585
9746
9756
9903
9930
10091
10178
10197
10348
10728
10770
10810
10815
10843
10850
11046
11234
11264
11396
11605
11794
11880
12033
12053
12124
12138
12265
12414
12576
12590
13048
13168
13292
13370
13406
13420
13490
13697
13698
13743
13935
13966
14122
14257
14260
14277
14327
14754
14839
14842
14917
14959
15163
15311
15596
15747
15801
15804
15830
15844
15953
15957
16119
16232
16306
16433
16553
16601
16625
16663
16679
16764
16769
16783
16865
16869
17029
17328
17340
17493
17817
17856
17863
17944
18037
18186
18311
18384
18431
18580
18859
18880
18882
18951
19031
19049
19070
19077
19149
19281
19292
19677
19750
19810
20021
20035
20121
20250
20267
20379
20399
20546
20624
20645
20677
20763
20893
20925
20956
20978
21015
21043
21115
21223
21280
21347
21485
21538
21567
21715
21761
21824
21829
21866
21900
21915
22006
22030
22067
22068
22178
22444
22466
22762
22803
22869
22975
23654
23698
23759
23782
23941
24267
24285
24587
24672
24729
24813
24872
24998
25156
25197
25330
25426
25572
25632
25675
25719
25745
26022
26096
26199
26213
26250
26418
26423
26462
26495
26539
26836
27000
27041
27070
27097
27104
27145
27190
27394
27520
27784
28026
28062
28246
28444
28491
28528
28643
28986
29191
29253
29298
29309
29364
29543
29550
29619
29706
29835
30139
30182
30232
30404
30527
30639
30919
31009
31073
31143
31145
31346
31480
31581
31886
32035
32071
32168
32196
32200
32282
32383
32480
32503
32619
32882
33076
33357
33514
33546
33575
33639
33742
33803
33847
33881
33900
33927
34130
34234
34329
34369
34407
34415
34442
34448
34468
34513
34546
34736
34964
35354
35532
35579
35782
35803
35862
35934
35951
36130
36164
36277
36403
36494
36685
36773
36809
37008
37032
37350
37381
37409
37483
37515
37591
37886
37911
37974
38092
38269
38385
38442
38493
38559
38606
38697
38720
38968
38992
39009
39052
39091
39117
39312
39453
39728
39783
39808
40081
40207
40297
40298
40567
40632
40822
40865
40944
40978
40995
41057
41117
41138
41173
41228
41249
41273
41479
41495
41498
41552
41695
41757
41773
41832
41979
41987
42128
42193
42265
42445
42510
42577
42664
42684
42727
42945
43044
43134
43226
43257
43282
43484
43644
43772
44066
44126
44127
44496
44758
45000
45080
45102
45301
45365
45428
45473
45486
45490
45518
45711
45861
45873
46038
46074
46096
46346
46357
46456
46491
46496
46580
46710
46774
46926
47065
47239
47278
47317
47452
47494
47495
47626
47636
47645
47845
47867
47972
48303
48343
48593
48659
48956
49220
49226
49267
49371
49424
49529
49551
49707
49719
49794
49849
49991
50014
50037
50067
50287
50304
50342
50344
50667
50741
50831
50956
51076
51134
51151
51155
51453
51728
52067
52354
52592
52607
52703
52805
52942
53040
53100
53209
53482
53562
53752
53864
53970
54178
54316
54368
54672
54802
54882
54972
55015
55201
55220
55416
55511
56101
56231
56705
56970
57037
57127
57350
57452
57551
57562
58238
58556
58685
58719
58779
58830
58943
59117
59127
59491
59514
59913
60093
60337
60480
60541
60590
60699
60713
60738
60770
60802
60823
60840
60965
60983
61037
61293
61294
61296
61540
61761
61871
61930
62009
62088
62139
62192
62198
62261
62324
62505
62547
62663
62669
62878
62998
63030
63084
63219
63235
63291
63322
63344
63523
63599
63730
63804
63830
63914
63917
64009
64188
64327
64483
64579
64706
64742
64849
64860
65108
65184
65241
65305
65327
65799
65897
66181
66408
66642
66667
66883
67394
67538
67621
67722
67776
67811
67955
68075
68200
68373
68376
68554
68677
68756
68888
68943
69089
69210
69235
69274
69280
69492
69974
70167
70216
70456
70462
70481
70594
70617
70626
70685
70769
70842
71067
71076
71089
71116
71130
71292
71351
71411
71448
71466
71471
71603
71764
72014
72068
72069
72074
72085
72099
72107
72285
72353
72398
72449
72556
72633
72661
72814
72843
72851
72906
72970
73005
73047
73173
73250
73537
73693
73701
73722
73828
73948
74062
74143
74333
74625
74686
74786
74826
74850
74928
75128
75151
75216
75228
75332
75343
75427
75789
75943
76107
76316
76387
76479
76481
76509
76529
76575
76595
76621
76682
76757
76979
77036
77083
77250
77302
77381
77638
77643
77669
77917
78267
78373
78523
78534
78812
78887
78899
79009
79098
79135
79139
79273
79355
79369
79386
79433
79474
79519
79595
79877
79909
79961
80002
80343
80437
80537
81078
81151
81174
81308
81409
81465
81663
81759
81877
81922
82122
82130
82161
82185
82207
82263
82563
82648
82870
83218
83277
83292
83394
83576
83594
83602
83613
83824
83959
84026
84034
84099
84252
84261
84336
84486
84685
84692
84725
85018
85040
85102
85274
85293
85656
85714
85733
85742
85813
85819
85862
85886
85896
85947
85961
86482
86553
86580
86665
86668
86723
86860
87348
87352
87389
87416
87471
87644
87830
87893
87898
88027
88077
88168
88191
88229
88241
88313
88346
88395
88760
88824
88863
88872
88991
89171
89259
89273
89371
89502
89622
89640
89706
89827
89847
90059
90160
90191
90202
90269
90427
90467
90484
90627
90749
90792
90831
90845
91013
91145
91178
91194
91267
91404
91628
91672
91843
91894
92017
92077
92240
92268
92691
92882
92897
93141
93233
93317
93485
93529
93630
93637
93821
94206
94219
94480
94549
94612
94640
94776
94848
95001
95224
95249
95296
95622
95639
95729
95793
95802
95837
95863
95893
96004
96543
96675
96712
96762
96829
96912
97063
97162
97170
97212
97283
97361
97367
97453
97528
97552
97643
97663
97679
97723
97796
97820
97879
98030
98064
98071
98125
98159
98166
98566
98569
98576
98624
98745
98775
98896
99067
99094
99100
99258
99353
99375
99406
99567
99739
99890
100089
100091
100127
100139
100304
100314
100454
100491
100772
100982
101203
101233
101458
101499
101889
101902
101905
102033
102165
102182
102281
102334
102373
102630
102963
103003
103090
103368
103420
103490
103644
103791
103822
103877
103899
103903
104015
104098
104226
104460
104466
104487
104910
104931
104966
104967
105023
105032
105079
105082
105092
105162
105168
105207
105295
105357
105380
105638
105655
105664
105855
105933
106010
106040
106055
106207
106286
106322
106328
106428
106506
106618
106630
106675
106865
107213
107299
107424
107462
107547
107562
107672
107779
107803
107925
107989
108137
108476
108688
108807
108855
109083
109212
109343
109587
109635
109718
109749
109764
109814
109947
110072
110164
110534
110608
110728
110808
111008
111093
111123
111216
111376
111440
111446
111480
111616
111695
111721
111765
111808
112073
112308
112359
112551
112685
112799
112805
112884
112998
113015
113021
113065
113082
113297
113436
113440
113519
113595
113701
113814
113852
114094
114212
114257
114300
114302
114464
114488
114730
114832
114848
114866
114891
114892
114940
114998
115154
115159
115191
115292
115374
115500
115557
115841
115947
116131
116267
116374
116417
116442
116447
116547
116562
116573
116795
116875
116912
116923
116938
117050
117188
117206
117248
117416
117523
117681
117708
117786
118013
118025
118073
118226
118358
118452
118768
118829
118898
119028
119076
119208
119236
119295
119348
119399
119463
119538
119543
119544
119784
119801
119866
119905
120009
120074
120077
120160
120484
120519
120610
120631
120644
120674
120866
120879
120954
120976
121138
121211
121274
121483
121550
121725
121750
121850
121926
121949
122140
122260
122282
122295
122598
122599
122604
122659
122686
122785
123090
123103
123142
123211
123307
123388
123454
123575
123590
123830
124267
124305
124346
124350
124425
124488
124808
124924
125051
125112
125115
125117
125364
125512
125726
125880
125921
126075
126103
126197
126206
126272
126310
126345
126379
126591
126677
126713
126892
126931
126949
126960
126971
127069
127122
127289
127741
127880
127996
128213
128267
128288
128378
128516
128543
128559
128596
128772
128965
129176
129384
129398
129415
129466
129542
129694
129734
129930
129980
130215
130303
130353
130490
130533
130578
130784
130884
130904
130938
131130
131305
131320
131435
131621
131650
131731
131897
132197
132260
132357
132360
132493
132539
132553
132648
132837
132891
133091
133116
133166
133173
133269
133285
133330
133457
133487
133587
133845
134098
134121
134257
134301
134437
134515
134530
134658
134742
134792
134886
134936
134972
135098
135119
135182
135237
135263
135733
135905
135939
135942
135995
136022
136099
136219
136390
136434
136451
136455
136475
136655
136706
136716
136746
136807
137210
137268
137305
137318
137384
137394
137419
137609
137851
137930
138048
138119
138145
138211
138316
138490
138496
138569
138586
138941
139039
139077
139114
139425
139471
139702
139755
139800
139807
139812
139874
140249
140351
140487
140536
140648
140812
140889
140937
141129
141202
141576
141638
141759
141805
142243
142413
142426
142514
142611
142630
142729
142783
142918
142933
142947
143021
143089
143094
143295
143326
143408
143412
143420
143461
143537
143699
143803
143856
144143
144174
144190
144287
144377
144387
144408
144477
144542
144581
144587
144876
144935
144948
144971
145173
145238
145321
145431
145522
145986
146134
146154
146273
146336
146548
146572
146583
146710
147066
147121
147133
147180
147279
147445
147514
147518
147557
147619
147935
147948
147980
148141
148187
148284
148401
148607
148889
148994
149150
149213
149350
149412
149448
149485
149495
149611
149991
150072
150091
150166
150263
150326
150344
150438
150491
150551
150639
150718
150790
151371
151496
151799
151976
152016
152127
152344
152635
152643
152705
152771
152823
152884
153002
153029
153162
153237
153288
153321
153617
153632
153633
153721
153734
153797
153811
154016
154236
154355
154463
154524
154586
154630
154686
154743
154782
154821
154833
155132
155253
155262
155324
155346
155519
155741
155925
155970
156048
156077
156159
156188
156564
156600
156761
156924
156967
157165
157256
157433
157501
157530
157626
157653
157676
157916
158147
158236
158238
158309
158441
158451
158510
158542
158598
158613
158699
158706
158747
158802
158843
158876
159035
159327
159348
159378
159448
159529
159587
159595
159666
159837
159902
159937
160162
160176
160214
160411
160648
160763
160976
161003
161008
161117
161206
161264
161295
161351
161379
161560
161588
161666
162022
162070
162092
162515
162536
162580
162661
162890
163003
163024
163219
163228
163249
163481
163644
163693
163719
163870
163885
163968
164002
164237
164307
164393
164501
164585
164618
164680
164723
164953
164994
165011
165127
165139
165244
165339
165346
165434
165692
165725
165821
166212
166434
166443
166468
166499
166523
166598
166664
166948
166954
167098
167143
167146
167244
167296
167338
167410
167421
167481
167544
167689
167815
167871
168065
168118
168164
168287
168421
168521
168602
168647
168747
168888
168909
168983
168992
169078
169477
169490
170226
170297
170425
170434
170587
170630
170663
170820
170855
170913
170972
171015
171084
171087
171160
171264
171399
171482
171578
171639
171962
172151
172162
172313
172514
172691
172780
172802
173134
173266
173338
173344
173405
173483
173517
173532
174104
174156
174284
174327
174520
174578
174609
174639
174695
174719
174780
174889
175033
175150
175315
175393
175412
175419
175534
175535
175658
175907
176641
176805
176870
176882
177094
177135
177154
177411
177432
177592
177815
177828
177910
178120
178160
178204
178395
178432
178453
178542
178593
178716
179118
179206
179366
179369
179465
179604
179756
179805
179861
179961
180165
180181
180205
180499
180507
180516
180522
180548
180709
180786
181082
181170
181218
181294
181325
181368
181442
181445
181473
181585
181610
181632
181662
181774
181777
181815
181841
181889
182100
182132
182239
182271
182286
182305
182385
182498
182595
182838
182903
182955
183057
183307
183468
183562
183651
183768
183788
183954
184051
184090
184101
184161
184347
184411
184772
184785
184878
184890
184906
184949
184994
185028
185086
185099
185174
185255
185413
185510
185631
185830
185835
186171
186205
186339
186403
186464
186497
186573
186603
186626
186771
186790
186922
187123
187318
187325
187362
187463
187612
187747
187780
187782
187920
187945
187954
188077
188108
188167
188225
188227
188229
188542
188629
188648
188674
188711
188790
188804
188998
189084
189443
189478
189750
189785
189797
189827
189854
190005
190160
190178
190231
190366
190417
190516
190719
190794
190989
191014
191140
191427
191483
191723
191732
191885
191999
192102
192214
192246
192368
192458
192568
192583
192592
192593
192727
192799
192817
192872
192881
192964
192988
193053
193129
193132
193170
193192
193400
193701
193736
193947
194219
194283
194350
194421
194499
194527
194614
194620
194837
194876
194933
194934
195136
195317
195427
195523
195593
195920
195926
195932
196257
196371
196471
196530
196765
196878
197022
197104
197224
197260
197469
197482
197570
197622
197705
197746
197841
197864
197978
198029
198128
198215
198292
198304
198402
198432
198618
198810
198815
198925
199016
199031
199032
199153
199192
199571
199587
199794
199811
199830
199949
200063
200121
200149
200163
200183
200199
200237
200299
200321
200409
200424
200506
200612
200740
200787
200823
200856
200889
200901
201025
201106
201155
201284
201326
201333
201513
201565
201591
201618
201680
201840
201913
201985
202056
202096
202292
202508
202818
203027
203033
203046
203169
203284
203593
203641
203692
203853
203879
203887
203898
204014
204122
204131
204160
204504
204665
204685
204725
204772
204840
204906
204990
205054
205069
205189
205472
205525
206124
206225
206358
206416
206576
206678
206726
206812
206818
206899
206972
207036
207098
207171
207191
207334
207337
207338
207387
207434
207560
207573
207677
207744
207906
207931
208025
208068
208237
208265
208280
208554
208583
208669
208745
208946
208976
209025
209070
209118
209450
209488
209529
209599
209690
209792
209865
209917
210053
210165
210188
210345
210354
210559
210618
210778
210803
210812
210851
210860
210992
211265
211515
211579
211652
211700
211769
211774
211834
211871
211964
212078
212094
212151
212300
212378
212439
212471
212627
212977
213070
213079
213096
213102
213167
213258
213634
213687
213693
213954
214009
214025
214035
214294
214680
214787
215165
215205
215342
215381
215473
215545
215638
215784
215939
216105
216117
216325
216409
216493
216577
216633
216975
217120
217156
217199
217253
217269
217289
217663
217774
217857
217911
217992
218562
218871
219005
219013
219073
219120
219171
219180
219199
219223
219309
219345
219372
219485
219531
219805
219811
219845
219947
219993
220207
220337
220350
220358
220548
220681
220933
220969
220971
221143
221201
221248
221306
221327
221371
221674
221679
222064
222137
222241
222282
222319
222457
222491
222521
222637
222698
222785
222789
223082
223104
223192
223290
223315
223624
223765
223833
223947
224002
224046
224050
224207
224295
224299
224351
224448
224573
224704
225147
225324
225492
225497
225642
225666
226218
226511
226670
226752
226839
227048
227198
227226
227406
227431
227558
227687
227753
227937
227983
228002
228101
228251
228302
228418
228721
228754
228756
228873
228881
229276
229359
229412
229730
229770
229787
229816
229875
230005
230061
230139
230162
230236
230297
230333
230727
230808
230832
230927
230960
230970
231078
231263
231365
231447
231738
231766
231805
231869
232057
232059
232408
232413
232732
232997
233253
233289
233390
233559
233894
233971
234037
234114
234402
234492
234497
234677
234808
234841
234861
234912
234919
234946
235293
235310
235646
235694
236005
236092
236293
236785
237004
237103
237353
237610
237668
237725
237763
237814
237820
237884
238021
238024
238170
238339
238464
238487
238787
238798
238861
238870
238882
239050
239083
239211
239307
239513
239810
240082
240238
240274
240286
240287
240406
240476
240598
240639
240807
240848
240877
241003
241030
241204
241232
241353
241408
241565
241601
241630
241684
241755
241830
241890
241894
241966
242101
242199
242345
242435
242444
242600
242608
242613
242696
242817
242819
242882
243312
243365
243561
243656
243798
243847
243864
243873
243915
243986
244275
244472
244477
244706
244784
244800
244840
244842
244854
245303
245617
245665
245697
245914
245927
246097
246167
246553
246825
247125
247180
247208
247301
247370
247404
247410
247417
247581
247610
247618
247838
247930
248141
248197
248421
248439
248620
248626
248644
248706
248949
248990
248995
249093
249104
249221
249231
249296
249366
249419
249456
249464
249811
249839
249852
249898
250007
250011
250105
250227
250513
250529
250576
250666
250677
250740
250883
250885
250905
250934
251011
251132
251226
251295
251512
251520
251592
251611
251965
252164
252179
252208
252254
252483
252489
252583
252684
252758
252866
252911
252978
253051
253059
253090
253250
253276
253485
253822
253882
253978
254068
254185
254194
254197
254305
254609
254688
254706
254765
254803
254852
254964
255025
255055
255177
255187
255253
255291
255328
255522
255765
255970
256027
256214
256285
256394
256502
256754
256923
257032
257143
257232
257246
257256
257289
257308
257401
257502
257538
257591
257691
257724
257764
257981
258119
258205
258265
258393
258640
258648
259073
259247
259328
259384
259607
259677
259713
259779
259784
259805
259862
259877
260079
260584
260737
260959
260982
261292
261336
261359
261464
261530
261649
261686
261708
261841
261876
262081
262102
262125
262222
262295
262331
262521
262602
262643
262885
262924
262936
263041
263091
263107
263131
263135
263230
263260
263379
263407
263546
263591
263643
263814
263844
264082
264172
264213
264222
264271
264337
264428
264616
264651
264781
264915
265079
265125
265212
265260
265295
265300
265336
265524
265526
265607
265911
265917
266005
266050
266154
266181
266265
266275
266530
266547
266566
266584
266722
266783
266784
266811
266936
266981
267192
267415
267464
267500
267520
267668
267679
267686
267836
267854
267985
268064
268082
268242
268570
268613
268750
268888
268899
268991
269105
269127
269135
269264
269306
269371
269479
269679
269840
269860
269984
270150
270366
270436
270520
270540
270855
270950
270964
271001
271018
271036
271068
271103
271106
271146
271268
271427
271500
271596
271661
271666
271713
271902
272042
272434
272486
272761
272858
272932
272959
273047
273121
273140
273225
273281
273291
273315
273589
273892
273943
274015
274023
274026
274081
274148
274457
274604
274666
274708
274827
274833
274884
274974
274994
275069
275148
275251
275280
275300
275433
275444
275548
275554
275592
275721
275735
275801
275806
275871
276025
276034
276097
276462
276505
276638
276681
276882
277032
277059
277178
277356
277416
277438
277517
277548
277555
277673
277997
278077
278098
278187
278197
278202
278395
278432
278613
278618
278626
278749
278779
279002
279218
279317
279372
279436
279442
279460
279572
279592
279691
279762
279822
279932
280054
280072
280217
280393
280506
280507
280570
280597
280621
280770
280804
280930
280953
280960
281133
281145
281188
281273
281594
281731
281995
282120
282129
282224
282234
282297
282418
282450
282494
282498
282518
282583
282672
282675
282820
282831
282914
282922
282928
282967
283171
283316
283336
283397
283638
283663
283805
283941
283958
284082
284138
284203
284281
284458
284486
284495
284649
284650
284654
284680
284771
284818
284880
285004
285037
285157
285214
285223
285290
285356
285361
285508
285598
285633
285676
285740
285745
286021
286068
286118
286130
286208
286237
286278
286289
286380
286640
286679
286728
286878
286938
287042
287124
287313
287409
287420
287501
287553
287562
287670
287690
287723
287886
287988
288118
288229
288286
288302
288390
288500
288538
288699
289098
289117
289185
289320
289375
289484
289831
289981
290055
290084
290191
290346
290479
290492
290558
290705
290904
290957
291150
291422
291504
291526
291614
291783
291794
291834
291921
292163
292275
292613
292629
292803
292861
292869
293057
293398
293438
293511
293604
293823
294071
294151
294216
294291
294320
294369
294532
294689
294897
294953
295053
295527
295639
295650
295672
295701
295776
295930
295994
296058
296460
296641
296652
296745
296916
296977
297035
297047
297112
297338
297436
297566
297608
297889
297890
297944
298072
298662
298759
298778
298859
299100
299227
299368
299422
299436
299632
299639
299747
299807
299958
299962
300087
300246
300269
300455
300590
300614
300763
300808
300991
301177
301182
302136
302431
302684
302791
302830
302866
303025
303120
303537
303604
303722
303832
303941
303960
304095
304205
304359
304478
304983
305057
305229
305319
305343
305529
305582
305633
305642
305901
306027
306429
306572
306716
306748
306921
307191
307251
307262
307317
307337
307366
307440
307474
307513
307554
307736
307775
307776
308007
308105
308116
308231
308469
308480
308523
308672
308718
308875
309247
309510
309601
309685
309785
309969
310082
310133
310237
310247
310447
310587
310592
310714
310755
310963
310966
310971
310995
311003
311130
311175
311232
311274
311461
311606
311674
311789
311969
312030
312125
312164
312238
312270
312281
312473
312563
312616
312671
312802
312823
313032
313159
313320
313605
313641
313773
313937
313957
313989
314011
314165
314196
314214
314238
314287
314563
314660
314670
314674
314960
315069
315082
315083
315111
315323
315355
315446
315529
315547
315580
315613
315630
315659
315670
315683
315780
315781
315880
315883
315994
316352
316399
316446
316515
316564
316871
316885
317014
317335
317389
317570
317615
317747
317754
318133
318317
318539
318648
318650
318704
318753
318839
318955
319065
319069
319168
319176
319181
319188
319253
319401
319655
319747
320152
320168
320291
320359
320588
320788
320872
320989
321092
321344
321399
321514
321529
321544
321554
321603
321700
321752
321854
322242
322514
322615
322635
323228
323265
323436
323588
323700
323881
323959
324161
324191
324265
324597
324602
324753
324807
324972
325126
325147
325246
325315
325394
325511
325692
325820
325846
325858
325941
326055
326098
326161
326175
326282
326472
326482
326528
326780
326803
326962
327226
327255
327287
327301
327323
327623
328033
328074
328131
328242
328250
328259
328556
328617
328781
328884
329187
329307
329539
329574
329695
329716
329857
329885
330164
330365
330428
330436
330458
330573
330662
330854
330994
331122
331250
331319
331333
331685
331801
331843
331885
331982
332064
332120
332129
332134
332163
332264
332270
332397
332399
332469
332502
332652
332704
332749
332880
332881
332987
333183
333229
333537
333559
333562
333673
333775
333923
333928
334183
334195
334215
334419
334588
334679
334695
334697
334832
334854
334933
334992
335015
335039
335083
335150
335243
335325
335339
335437
335501
335528
335638
335651
335710
335730
335775
335786
335852
335875
335945
335982
336008
336163
336247
336759
336884
336970
337274
337318
337550
337661
337684
337759
337899
338105
338143
338223
338277
338324
338398
338478
338515
338519
338597
338830
338993
339147
339212
339231
339479
339530
339617
339661
339702
339954
340217
340348
340363
340456
340596
340599
340742
340776
340874
340963
340966
341061
341187
341261
341288
341480
341679
341744
341920
342009
342266
342289
342420
342450
342617
342669
342695
342715
342806
342852
342884
342890
342979
343117
343149
343201
343418
343426
343446
343740
343756
343809
343856
344056
344237
344438
344454
344570
344649
344999
345001
345072
345078
345104
345112
345232
345245
345310
345531
345538
345568
345810
345910
345919
346081
346087
346216
346272
346285
346288
346313
346354
346409
346454
346515
346573
346762
346868
346982
347131
347208
347249
347378
347521
347626
347753
347771
347837
347851
347923
347925
348049
348130
348135
348172
348301
348375
348387
348710
348797
348851
348874
348990
349035
349039
349101
349195
349332
349353
349469
349588
349629
349808
349918
349919
350108
350327
350674
350692
350719
350863
350899
350935
351039
351082
351269
351447
351540
351552
351577
351617
351689
351902
351946
351986
352022
352083
352118
352198
352314
352411
352434
352448
352561
352646
352695
352929
352959
353109
353245
353249
353255
353436
353491
353502
353535
353570
353574
353794
353832
353854
353996
354048
354281
354587
354643
354685
354753
355120
355187
355313
355634
355787
355904
355963
355965
355994
356104
356113
356346
356524
356550
356849
356858
357236
357278
357472
357567
357682
357723
357750
357755
357949
358037
358350
358361
358378
358409
358507
358564
358592
358733
358757
359066
359364
359404
359485
359516
359524
359570
359587
359727
359772
359775
359783
359792
359813
359855
359870
359875
359929
360025
360187
360253
360490
360692
360828
360831
360941
360988
361026
361060
361118
361126
361133
361221
361231
361275
361387
361514
361538
361549
361762
361765
361959
362043
362111
362126
362180
362181
362479
362822
362918
363150
363370
363420
363469
363656
363783
363863
363897
363900
363967
364025
364033
364098
364122
364228
364266
364299
364373
364484
364551
364630
364846
365192
365254
365358
365410
365526
365666
365806
365961
366019
366048
366254
366255
366300
366301
366305
366331
366358
366369
366454
366531
366582
366616
366711
367062
367084
367152
367166
367256
367293
367414
367425
367455
367492
367521
367568
367823
367887
367981
368231
368262
368608
368912
369052
369146
369149
369238
369249
369330
369439
369793
369799
369896
370039
370053
370339
370353
370542
370711
371037
371109
371176
371181
371203
371311
371313
371328
371395
371417
371451
371561
371634
371649
371772
371795
371800
371801
371825
371833
371847
371916
371919
372072
372088
372182
372189
372578
372592
372610
373070
373155
373298
373310
373351
373419
373603
373744
373767
373772
373923
374037
374087
374353
374390
374489
374500
374524
374675
374692
374730
374743
374759
374811
374830
374911
374990
374998
375170
375275
375301
375345
375481
375584
375706
375792
375830
375892
376125
376168
376318
376319
376328
376490
376520
376611
376673
376746
376829
376878
376892
376895
376993
377028
377294
377511
377582
377605
377663
377792
377875
378055
378270
378440
378469
378772
378784
378938
378950
379010
379117
379218
379657
379816
379823
379835
379918
380029
380211
380222
380279
380500
380719
380965
381022
381224
381246
381403
381483
381507
381512
381731
381788
381991
382024
382185
382394
382443
382525
382725
382728
382905
383158
383285
383499
383949
383961
384007
384119
384173
384310
384383
384399
384400
384544
384805
384964
385309
385491
385508
385509
385532
385546
385656
385763
385843
385851
385852
385904
386147
386461
386494
386513
386602
386737
386760
386780
386801
386852
386998
387004
387010
387211
387231
387252
387260
387282
387446
387498
387565
387781
387857
388082
388136
388234
388530
388658
389052
389117
389309
389344
389374
389404
389496
389500
389529
389577
389604
389646
389854
390067
390156
390169
390378
390515
390533
390631
390734
390784
390785
390789
390815
390859
390892
390935
390978
391015
391025
391134
391221
391647
391754
391764
391821
391848
391859
391931
392067
392083
392115
392171
392214
392222
392324
392382
392517
392525
392527
392650
392703
392708
392714
392831
392850
392987
393048
393272
393447
393637
393679
393783
393838
393860
394223
394295
394397
394828
395162
395187
395229
395477
395558
395611
395655
395664
395754
395758
395906
395917
396081
396136
396150
396341
396386
396452
396645
396667
396924
396927
397028
397145
397346
397360
397618
397637
397680
398213
398314
398384
398407
398486
398622
398660
398723
398774
398794
398816
398900
399119
399192
399237
399345
399554
399891
400026
400232
400321
400601
400769
400882
400898
400908
400913
400917
400988
401041
401171
401176
401203
401211
401290
401514
401557
401578
401728
401855
402033
402104
402105
402113
402245
402355
402680
402691
402778
402780
403182
403236
403239
403269
403323
403509
403511
403630
403678
403722
403744
403819
403892
404024
404281
404490
404576
404637
404752
404813
404835
404992
405097
405128
405155
405235
405386
405589
405646
405734
405735
405760
405765
405869
405921
406008
406065
406140
406242
406375
406418
406419
406460
406499
406528
406559
406596
406866
407110
407132
407205
407560
407606
407668
407694
407770
407902
408078
408118
408196
408470
408474
408488
408533
408630
408661
408832
409085
409107
409132
409150
409226
409333
409447
409567
409712
409868
410022
410069
410141
410171
410348
410457
410516
410530
410630
410932
411021
411235
411250
411447
411622
411650
411737
411806
411960
412118
412125
412142
412154
412202
412215
412239
412475
412504
412687
412752
412862
412902
413040
413044
413141
413228
413312
413577
413638
413699
414058
414071
414074
414125
414311
414494
414536
414558
414747
414771
414791
414990
415010
415032
415104
415231
415323
415354
415583
415587
415757
415811
415833
415908
416092
416109
416245
416367
416440
416477
416512
416754
417020
417256
417377
417381
417452
417484
417534
417874
417882
417971
418604
418642
418646
418699
418722
418749
418805
418858
418908
419089
419143
419238
419304
419344
419393
419490
419497
419560
419644
419658
419720
419751
419807
419829
420297
420414
420495
420550
420670
420744
420760
420769
420859
421046
421109
421306
421373
421430
421453
421676
421771
421842
421864
421971
422222
422228
422560
422629
422843
422850
422949
422994
423042
423179
423306
423340
423437
423812
424062
424130
424199
424297
424331
424476
424487
424496
424543
424550
424616
424626
424642
424692
424766
424779
424879
425081
425099
425124
425174
425321
425435
425465
425551
425569
425796
425814
425873
425879
426203
426425
426444
426453
426622
426655
426800
426827
426848
427008
427053
427072
427428
427647
427715
427874
427893
428114
428402
428583
428789
428802
428851
428998
429182
429236
429249
429542
429581
429721
429821
429919
429933
430071
430118
430160
430198
430228
430410
430514
430642
430675
430788
430794
430906
430961
431023
431056
431120
431219
431374
431469
431476
431529
431687
431698
431768
431870
431958
432188
432228
432294
432446
432486
432494
432566
432620
432716
432805
432813
432859
432872
432910
432915
432936
432944
432995
433147
433165
433207
433375
433394
433406
433420
433464
433682
433687
433764
433933
433961
434018
434146
434320
434418
434545
434570
434571
434695
434697
434952
435089
435091
435147
435243
435363
435499
435691
435723
435818
435824
436005
436036
436151
436173
436204
436286
436312
436414
436753
437002
437037
437138
437154
437204
437223
437304
437314
437418
437443
437482
437537
437582
437635
437655
437733
437789
437826
437995
438087
438116
438297
438388
438391
438427
438486
438843
439098
439191
439196
439358
439371
439393
439480
439546
439965
440026
440078
440107
440123
440181
440228
440253
440353
440526
440695
441299
441468
441567
441648
441901
442047
442192
442202
442502
442856
442881
442928
443076
443345
443429
443464
443632
443909
444175
444217
444438
444465
444478
444550
444730
444918
445037
445130
445141
445164
445217
445283
445366
445388
445796
445846
445982
446090
446122
446123
446160
446403
446436
446455
446464
446539
446845
446904
446981
447145
447166
447310
447320
447366
447446
447518
447979
448007
448066
448082
448156
448168
448203
448267
448316
448344
448437
448445
448462
448490
448534
448557
448587
448607
448793
449062
449315
449357
449487
449694
449711
449767
449863
449884
450247
450344
450434
450467
450560
450633
450688
450700
450701
451021
451103
451145
451191
451197
451374
451425
451597
451618
451727
451746
451793
451810
452025
452069
452097
452260
452371
452486
452516
452662
452801
452860
452997
453000
453561
453608
453650
453804
454068
454088
454103
454315
454324
454333
454390
454394
454409
454416
454609
454657
454787
454884
454920
454962
455134
455204
455227
455337
455356
455392
455524
455620
455704
455780
456042
456045
456101
456110
456136
456197
456224
456237
456442
456618
456664
456716
456965
456998
457035
457075
457094
457563
457591
457702
457729
457898
457920
457929
457973
458003
458093
458191
458198
458201
458203
458210
458298
458455
458494
458599
458612
458623
458654
458734
458744
458872
458916
458952
458972
458988
459115
459154
459163
459316
459427
459502
459503
459603
459701
459775
459955
460043
460123
460202
460950
460968
460993
461225
461227
461229
461345
461398
461641
461697
461763
461910
462041
462111
462308
462356
462776
462892
462898
463011
463093
463141
463142
463163
463197
463213
463254
463437
463636
463812
464097
464102
464158
464159
464432
464451
464457
464496
464692
464760
464809
464826
464965
464989
465152
465164
465197
465381
465555
465669
465707
465732
465945
466052
466166
466169
466185
466528
466600
466654
466688
466741
466896
466901
466999
467047
467278
467428
467500
467609
467692
467713
467993
468021
468086
468403
468471
468529
468600
468759
468825
468939
469070
469090
469162
469377
469502
469675
469694
469933
470040
470074
470085
470348
470753
470883
470920
470950
470981
471438
471453
471503
471522
471542
471606
471908
471981
472071
472129
472135
472161
472291
472398
472536
472662
472680
472783
473037
473078
473149
473456
473499
473886
473970
474147
474204
474254
474261
474308
474312
474343
474566
474588
474633
474852
474951
475015
475087
475116
475213
475507
475718
475911
476142
476163
476285
476361
476384
476535
476710
476850
476977
477009
477033
477452
477513
477875
477881
477893
477922
477988
478588
478744
478904
479017
479067
479181
479322
479354
479476
479781
480079
480209
480221
480241
480339
480396
480712
480844
480878
480952
481021
481037
481180
481184
481186
481471
481679
481689
481797
481803
481997
482064
482162
482307
482311
482312
482492
482508
482532
482571
482664
482783
482812
482822
482844
482848
482899
482988
483084
483180
483196
483218
483266
483581
483621
483989
484053
484091
484148
484586
484960
485095
485118
485351
485534
485604
485647
485690
485786
486074
486126
486146
486214
486261
486431
486483
486516
486555
486574
486650
486728
486768
486895
487065
487165
487197
487243
487274
487309
487596
487684
487708
487717
487728
487734
487930
488234
488556
488610
488618
488646
488753
488951
489339
489458
489465
489505
489579
489639
489713
489775
489857
489898
489980
490099
490127
490183
490199
490289
490298
490418
490443
490764
490782
490872
490968
490975
491010
491030
491125
491150
491207
491316
491593
491639
491751
491829
491831
491882
492249
492261
492393
492433
492759
492884
492981
493099
493152
493405
493420
493641
493738
493990
494120
494183
494581
494609
494620
494777
494913
495122
495166
495252
495261
495270
495376
495427
495434
495599
495694
495842
496011
496243
496304
496709
496714
496761
496810
496868
496903
496913
496931
497054
497212
497617
497793
497868
498075
498214
498266
498681
498803
498829
498960
499022
499138
499162
499185
499189
499357
499449
499469
499561
500013
500168
500253
500540
500649
500710
500796
500799
501033
501161
501235
501281
501671
501763
501784
502245
502267
502336
502364
502399
502664
502675
502789
502927
503077
503128
503411
503751
503774
503889
503909
503941
504427
504428
504543
504563
504670
504829
505139
505288
505566
505581
505883
505922
506094
506212
506292
506324
506380
506398
506582
506684
506715
506737
507081
507239
507246
507247
507274
507282
507350
507510
507528
507568
507813
507900
507929
507980
508002
508051
508168
508250
508308
508375
508440
508501
508577
508645
508772
508852
508922
509026
509031
509246
509288
509395
509426
509473
509542
509582
509669
509725
509783
509829
510074
510138
510159
510232
510346
510361
510590
510610
510818
510905
510938
510981
510997
510998
511038
511097
511326
511446
511490
511532
511547
511635
511747
511768
511990
512103
512127
512169
512190
512303
512327
512384
512402
512403
512406
512519
512560
512761
512769
513050
513254
513373
513618
513646
513741
513856
513872
513944
514000
514119
514149
514256
514342
514436
514476
514653
514714
514972
515106
515336
515349
515461
515820
516109
516218
516553
516566
516604
516649
516671
516840
516888
516912
516913
516983
517031
517055
517138
517151
517213
517469
517489
517568
517606
517642
517873
517911
518155
518438
518688
518761
518801
518904
518918
518953
519041
519082
519110
519211
519343
519432
519456
519517
519547
519635
519696
519766
519810
519895
520101
520234
520367
520402
520409
520463
520557
520579
520664
520689
520723
520753
520912
521017
521080
521215
521560
521787
521893
521894
521917
522023
522059
522104
522344
522408
522594
522833
522873
523031
523073
523233
523282
523334
523575
523590
523792
523797
523829
523876
523981
523983
524447
524540
524681
524728
524740
524819
524861
525100
525107
525204
525302
525360
525751
525860
525884
525995
526222
526296
526348
526416
526494
526745
526875
527037
527090
527342
527465
527642
527689
527736
527786
527980
528017
528068
528124
528431
528669
528695
528965
529020
529107
529158
529186
529277
529394
529441
529449
529620
529850
529895
529962
530150
530236
530374
530390
530423
530434
530453
530573
530724
530765
531028
531148
531220
531568
531674
531679
531725
531955
532246
532298
532560
532639
533095
533140
533170
533178
533283
533322
533447
533450
533558
533600
533638
533685
533790
533796
534005
534046
534180
534290
534426
534482
534517
534666
534692
534740
534890
535177
535293
535385
535439
535525
535667
535888
535889
536084
536132
536245
536333
536450
536540
536626
536627
536663
536924
537044
537085
537133
537423
537501
537613
537662
537686
537777
537853
538072
538318
538321
538559
538605
538631
538641
538842
538913
539019
539221
539384
539407
539477
539489
539670
539723
539765
539766
539831
539878
540033
540212
540261
540356
540534
540556
540574
540684
540696
540758
540876
540945
540985
541027
541045
541185
541335
541409
541466
541473
541495
541635
541813
541839
541856
541962
542046
542268
542361
542392
542603
542766
542767
542777
543051
543160
543470
543490
543509
543715
543890
543904
543936
544033
544050
544084
544101
544218
544302
544395
544409
544444
544490
544560
544583
544608
544732
544803
544840
544915
544962
545003
545076
545124
545768
545816
545922
545984
545998
546065
546111
546172
546213
546378
546441
546468
546582
546629
547056
547286
547422
547480
547526
547595
547668
547698
547918
547960
547982
548032
548223
548273
548295
548314
548445
548629
548968
549288
549322
549364
549383
549393
549568
549609
549657
549681
549744
549774
549892
550122
550134
550229
550345
550384
550485
550633
550646
550667
550711
550885
551609
551779
552027
552048
552107
552113
552161
552264
552332
552411
552416
552470
552869
553152
553195
553204
553384
554066
554117
554159
554178
554188
554191
554369
554509
554544
554670
554855
554886
554963
555084
555285
555397
555444
555529
555772
555811
555880
555956
555991
556155
556157
556255
556284
556346
556387
556395
556520
556562
556609
556685
556719
556721
556905
556936
557140
557436
557478
557653
557682
557824
557870
557878
557976
558088
558112
558152
558208
558225
558289
558358
558508
558521
558666
558766
558778
558817
558853
559061
559183
559275
559461
559564
559645
559738
559804
559836
560549
560553
560625
560689
560877
560934
561024
561150
561310
561378
561450
561498
561519
561576
561623
561632
561635
561814
561943
562731
562955
563037
563180
563443
563553
563581
563695
563741
563861
563955
564023
564065
564170
564171
564234
564302
564695
564734
564857
564937
565447
565651
565943
566102
566122
566127
566163
566164
566242
566324
566366
566403
566500
566633
566826
567046
567095
567116
567126
567347
567663
567702
567807
567851
567856
568294
568307
568472
568579
568619
568649
568669
568694
568749
568782
568885
568887
569034
569174
569283
569387
569445
569486
569491
569584
569601
569628
569675
569679
569972
570030
570064
570077
570361
570413
570540
570652
570694
570762
570810
570851
570956
570996
571065
571239
571276
571419
571441
571577
571590
571801
571850
571879
572014
572077
572081
572094
572109
572222
572260
572276
572449
572604
572684
572741
572746
572785
572873
573039
573130
573134
573158
573252
573285
573554
573677
573880
573983
574054
574142
574205
574223
574427
574466
574490
574549
574566
574588
574660
574675
574971
575276
575342
575646
575700
575713
575769
575775
575811
575813
575878
575913
575956
576078
576466
576485
576576
576620
576737
576770
576973
577032
577430
577442
577624
577700
577717
577913
577916
577951
578028
578060
578162
578571
578669
578694
578863
578997
579271
579533
579664
579784
579807
579822
579828
579846
579896
580050
580194
580638
580917
580954
581059
581195
581367
581434
581456
581575
581697
582069
582072
582128
582319
582338
582344
582396
582419
582541
582699
582793
582835
582896
582914
583158
583220
583280
583281
583292
583469
583521
583649
583778
583823
583893
584139
584154
584315
584424
584445
584789
585175
585271
585274
585382
585436
585716
585775
585790
585825
585830
585852
585910
585940
586026
586091
586100
586344
586389
586444
586475
586506
586524
586545
586556
586575
586709
586820
586838
586904
587067
587101
587428
587462
587473
587486
587554
587577
587624
587808
587877
588110
588111
588411
588422
588628
588655
588905
588966
589050
589110
589180
589208
589380
589595
589626
589676
589840
589895
590019
590081
590160
590184
590274
590276
590327
590562
590583
590908
591043
591070
591113
591160
591232
591331
591342
591394
591433
591437
591591
591754
591910
591913
591929
591963
591995
592034
592111
592207
592337
592365
592478
592511
592540
592706
592746
592972
593080
593156
593289
593472
593667
593763
593858
593952
594299
594691
594749
594976
594985
595127
595210
595244
595248
595289
595329
595424
595477
595499
595508
595514
595517
595519
595585
595870
595931
595949
595971
596108
596221
596368
596429
596515
596660
596741
596766
597235
597242
597275
597502
597557
597615
597678
597823
597937
597984
598059
598196
598417
598492
598591
598592
598622
598664
598687
598741
598761
598796
598898
598989
599198
599366
599561
599971
600021
600088
600192
600218
600243
600466
600467
600526
600574
600721
600868
600889
601044
601221
601235
601286
601307
601441
601713
601852
601860
601939
602164
602509
602559
602954
603132
603225
603652
603765
603836
604014
604088
604354
604374
604718
604757
604813
604821
604885
604998
605009
605033
605089
605110
605368
605565
605701
605831
606142
606202
606283
606324
606338
606370
606513
606560
606713
606747
606865
606923
606955
607124
607691
607771
607783
607885
607932
607958
608000
608074
608199
608337
608436
608449
608465
608650
608780
608930
608945
608959
609138
609254
609344
609385
609451
609468
609513
609821
609878
610006
610007
610066
610355
610431
610459
610497
610653
610702
610728
610768
611334
611650
611725
611923
611975
611980
612005
612099
612166
612224
612262
612266
612413
612499
612587
612654
613090
613135
613447
613514
613547
613645
613690
613708
613968
614081
614105
614325
614384
614409
614644
614663
614710
614714
614973
615030
615174
615446
615447
615504
615610
615687
615708
615720
615737
615990
616238
616246
616281
616295
616383
616458
616522
616651
616693
616854
616994
617055
617125
617237
617496
617583
617620
617760
617878
617889
618103
618209
618288
618346
618377
618622
618733
618921
618953
619243
619410
619439
619445
619458
619461
619501
619567
619802
619821
619930
619943
620054
620071
620095
620129
620303
620363
620394
620409
620451
620457
620459
620466
620566
620656
620681
620710
620816
620829
620957
620993
621049
621249
621459
621512
621555
621567
621623
621642
622216
622248
622414
622431
622686
622744
622759
622835
623196
623246
623303
623426
623555
623684
623853
624153
624190
624298
624320
624378
624439
624538
624613
624809
624931
624946
625006
625059
625117
625252
625254
625482
625484
625555
625931
626086
626177
626230
626352
626392
626447
626451
626484
626514
627022
627081
627142
627230
627295
627317
627385
627638
627828
627932
628127
628197
628490
628643
628662
628743
628902
629044
629049
629079
629264
629513
629552
629596
629598
629621
629798
629924
629935
629986
629991
630153
630297
630379
630445
630558
630570
630687
630722
630725
630876
630887
631025
631096
631223
631257
631322
631378
631426
631514
631630
631815
632032
632203
632238
632261
632457
632509
632586
632624
632634
632760
632914
632980
633134
633155
633444
633510
633733
633770
633806
633840
633891
634113
634172
634180
634181
634432
634528
634600
634704
634825
634871
634926
635282
635394
635436
635601
635711
636055
636336
636420
636526
636579
636715
636721
636740
636796
636870
636893
636910
636979
637110
637412
637438
637446
637753
637764
637849
637876
637907
637931
637999
638137
638141
638401
638420
638424
638452
638564
638671
638788
638902
638948
639056
639154
639156
639349
639409
639464
639609
639729
639891
639892
640047
640168
640401
640698
640735
640867
640947
640986
641073
641235
641250
641286
641439
641533
641608
641695
641771
641815
641828
641884
641980
642089
642094
642191
642317
642356
642433
642445
642522
642543
642550
642641
642648
642658
642938
642950
642979
642999
643053
643090
643151
643289
643374
643381
643424
643681
643682
643697
643719
643727
643790
643860
644048
644158
644265
644353
644405
644556
644832
644843
644894
645021
645036
645129
645222
645463
645481
645683
645713
645847
646005
646031
646041
646066
646075
646126
646247
646256
646329
646406
646737
646844
646892
646959
646972
647096
647190
647211
647338
647353
647547
647695
647726
648051
648171
648192
648223
648558
648564
648571
648726
648887
648912
649225
649321
649367
649445
649515
649544
649600
649664
649895
649912
649947
649956
650189
650204
650342
650465
650619
650707
650725
650738
650850
651011
651058
651119
651206
651213
651242
651296
651300
651439
651516
651681
651739
651760
651852
651905
651985
652098
652108
652263
652280
652419
652552
652558
652758
652854
652879
653011
653226
653305
653598
653641
653789
653826
653874
654040
654159
654216
654235
654282
654511
654547
654554
654857
654887
654945
654981
654996
655047
655247
655514
655871
655893
656256
656319
656712
656957
657125
657238
657240
657329
657453
657471
657528
657545
657643
657725
657769
657877
657971
657997
658107
658129
658472
658492
658670
658758
658844
658922
659024
659030
659062
659329
659494
659525
659650
659655
659699
659761
659764
659848
659919
659964
660020
660027
660136
660139
660219
660370
660374
660426
660431
660504
660666
660705
660901
661092
661404
661525
661577
661607
661646
661655
661815
661874
661908
662124
662136
662435
662444
662536
662653
662654
662799
662887
663399
663408
663476
663635
663696
663747
663862
663940
664225
664245
664407
664710
664769
664907
664981
665033
665108
665194
665412
665470
665529
665716
665854
665877
665899
665927
665970
666099
666283
666388
666488
666582
666833
667178
667226
667232
667361
667487
667492
667733
667842
668183
668252
668519
668551
668810
668821
668829
669263
669340
669430
669470
669497
669516
669609
669617
669754
669797
669832
670016
670109
670181
670182
670331
670404
670428
670429
670438
670683
670746
670864
670894
670916
670976
671049
671050
671258
671277
671280
671302
671323
671337
671407
671496
671519
671585
671742
672113
672128
672314
672379
672435
672570
672643
672700
672718
673015
673503
673599
673639
673753
673801
673844
673919
674033
674079
674224
674253
674485
674634
674724
674762
674988
675199
675215
675231
675403
675471
675505
675524
675535
675597
675606
675899
675977
676001
676062
676064
676392
676407
676489
676657
676717
676807
676837
676844
676868
676990
677016
677117
677274
677309
677440
677668
677736
677833
677881
677995
678018
678024
678033
678041
678072
678102
678154
678376
678387
678396
678613
678666
678759
678793
679012
679187
679411
679532
679832
679948
680015
680228
680345
680376
680423
680613
680630
680825
681048
681320
681435
681557
681865
681934
681961
682146
682198
682199
682276
682368
682520
682694
682700
682735
682787
683062
683195
683403
683685
683698
683745
683881
684031
684217
684262
684339
684344
684400
684429
684450
684650
685045
685085
685345
685390
685560
685832
686040
686109
686220
686419
686556
686628
686670
686675
686700
686834
686934
686967
687362
687387
687609
687760
687870
687933
687992
688292
688319
688354
688594
688614
688653
688749
688805
688871
688939
688943
689011
689037
689193
689262
689347
689393
689502
689718
689726
689776
689918
689950
690169
690174
690246
690268
690456
690500
690519
690532
690735
690835
690900
691184
691326
691331
691364
691382
691713
691718
691720
691834
691883
691944
692180
692218
692372
692407
692664
692697
692745
692904
693101
693208
693282
693283
693354
693370
693478
693497
693519
693702
693843
693888
694038
694050
694352
695274
695360
695405
695447
695616
695620
695650
695867
695879
695893
696114
696213
696236
696329
696583
696618
696635
696659
696706
696745
697016
697148
697267
697422
697566
697571
697814
698156
698228
698236
698387
698418
698436
698682
698692
698893
699040
699129
699134
699139
699163
699221
699257
699489
699495
699503
699646
700073
700258
700269
700312
700503
700518
700724
700987
701124
701219
701245
701481
701555
701559
701575
701821
702013
702019
702027
702107
702261
702470
702599
702837
702985
703013
703070
703078
703119
703126
703146
703253
703344
703416
703515
703559
703805
703901
704029
704063
704070
704133
704292
704365
704371
704432
704996
705214
705503
705541
705560
705807
705888
705898
705967
705972
706003
706296
706303
706406
706476
706519
706577
706805
706833
707179
707276
707487
707508
707521
707733
707804
708112
708320
708363
708406
708625
708803
708873
708891
708893
708919
708972
709117
709569
709575
709606
709747
709785
709849
709869
710084
710125
710130
710377
710502
710646
710794
710936
710963
711086
711132
711432
711512
711531
711558
711638
711740
711899
711995
712182
712517
712652
712882
712918
713084
713130
713259
713263
713482
713734
713837
713971
714020
714115
714136
714420
714489
714873
715000
715035
715184
715192
715200
715224
715388
715432
715455
715686
715812
715829
715868
715907
716132
716149
716325
716457
716696
716782
716861
716894
717038
717209
717217
717222
717224
717270
717290
717342
717629
717644
717751
717809
717901
718006
718040
718173
718185
718278
718330
718395
718564
718581
718663
718707
718785
718966
718982
718993
719227
719349
719458
719474
719691
719940
720019
720125
720148
720210
720246
720406
720451
720476
720484
720802
720869
720968
721029
721113
721125
721341
721380
721429
721602
721679
721730
722283
722286
722290
722339
722349
722425
722458
723017
723138
723185
723358
723398
723443
723515
723528
723544
723581
723628
723802
723837
723875
723911
724034
724048
724081
724092
724094
724212
724362
724363
724396
724513
724565
724741
724829
725023
725037
725092
725163
725175
725398
725507
725531
725579
725728
725776
725959
726007
726035
726055
726075
726148
726268
726280
726289
726325
726586
726634
726651
726816
726832
726898
727048
727200
727267
727383
727497
727626
727661
727750
727751
727843
727918
727981
728060
728193
728201
728574
728595
728792
728958
729010
729041
729285
729318
729442
729684
729743
729841
730016
730019
730264
730323
730512
730526
730670
730783
730791
730911
730915
730918
730978
731085
731296
731433
731465
731491
731538
731614
731675
731695
731873
731921
732069
732131
732171
732216
732240
732334
732407
732487
732609
732731
732866
732923
733017
733281
733729
733759
733939
734036
734243
734318
734368
734394
734474
734518
734564
734650
734652
734878
734938
734962
734980
734994
735234
735289
735504
735649
735874
735966
736102
736229
736435
736810
736851
736938
736999
737298
737507
737513
737520
737560
737589
737702
737725
737905
737950
737956
738159
738289
738545
738597
738620
738862
738867
738997
739263
739604
739839
740114
740247
740427
740598
740615
740755
740887
740906
740943
741089
741104
741106
741253
741292
741461
741577
741660
741808
741998
742069
742161
742176
742182
742353
742470
742553
742720
742813
742999
743094
743224
743259
743288
743510
743618
743781
743807
743851
743887
744208
744307
744414
744446
744464
744492
744567
744576
744717
744740
744896
745221
745365
745488
745547
745603
745617
745637
745769
745776
745907
745909
745995
746078
746107
746174
746229
746234
746569
746855
746917
747094
747152
747204
747272
747287
747382
747445
747457
747616
747913
747958
747961
748113
748211
748253
748292
748419
748453
748682
748872
748971
748976
749036
749336
749435
749613
749626
749683
749780
750114
750148
750171
750217
750245
750260
750410
750480
750564
750668
751059
751158
751176
751265
751321
751338
751346
751526
751543
751706
751707
751790
751876
751883
752449
752495
752516
752647
752651
752798
752950
753261
753423
753428
753463
753537
753542
753578
753658
753776
754022
754293
754305
754323
754390
754669
755014
755169
755256
755281
755361
755448
755516
755704
755753
755829
756120
756180
756184
756260
756264
756321
756500
756552
756756
756881
756893
756963
757033
757035
757119
757279
757329
757436
757455
757488
757746
758045
758274
758359
758652
758700
758718
758817
758824
758877
759088
759092
759217
759338
759388
759532
759588
759614
759645
759733
759970
760033
760110
760222
760307
760349
760466
760506
760702
760951
760988
761191
761207
761209
761282
761380
761412
761624
761758
761786
761796
761799
761956
762043
762330
762375
762416
762439
762987
763175
763311
763734
763848
763867
763897
763902
763989
764022
764043
764058
764114
764241
764259
764303
764648
764668
764679
764940
765210
765422
765542
765592
765931
766033
766147
766234
766255
766482
766529
766579
766597
766887
766960
767137
767213
767280
767300
767427
767528
767563
767619
767672
767697
767795
767852
768005
768063
768064
768077
768279
768286
768405
768406
768742
768779
768823
768911
769048
769232
769251
769340
769388
769400
769422
769511
769544
769550
769645
769670
769788
769867
769930
770041
770049
770050
770108
770123
770172
770220
770260
770393
770522
770547
770669
770675
770914
770949
771004
771089
771262
771430
771443
771530
771537
771546
771562
771604
771619
771876
771938
771954
772008
772092
772139
772507
772513
772708
772755
772764
772769
772976
772994
773037
773108
773130
773134
773161
773353
773511
773580
773605
773813
773916
773982
774029
774068
774094
774132
774249
774374
774415
774579
774675
775133
775335
775410
775543
775626
775678
776030
776042
776061
776125
776389
776466
776531
776669
776692
776697
776754
776789
776884
777030
777077
777116
777323
777586
777674
777766
778011
778090
778215
778264
778367
778382
778590
778685
778786
778807
778860
778897
778992
779275
779362
779420
779541
779797
779996
780069
780141
780156
780566
780822
780825
780926
780973
780983
781084
781490
781515
781520
781593
781770
781881
781904
781932
781957
781992
782078
782114
782442
782534
782617
782780
782885
783045
783167
783223
783338
783572
783635
783645
783655
783735
783750
783759
783831
783924
783964
784071
784178
784180
784318
784488
784551
784609
784789
784856
784899
784932
784941
785061
785113
785124
785167
785570
785688
785788
785969
786012
786347
786382
786509
786589
786783
786821
787297
787314
787328
787453
787482
787516
787556
787578
787607
787682
787782
787854
787938
788047
788517
788540
788695
788855
788888
789132
789333
789404
789695
790017
790038
790140
790163
790311
790496
790497
790515
790545
790687
790720
790730
790830
790832
790937
791140
791235
791305
791325
791679
791768
791904
791949
792387
792486
792535
792804
792820
792846
792867
792933
793134
793168
793237
793290
793410
793437
793499
793513
793530
793557
793568
793730
793789
793799
794001
794160
794188
794589
794618
794824
794859
794918
794956
795145
795156
795277
795341
795465
795473
795498
795519
795575
796192
796347
796461
796517
796606
796671
796939
797038
797124
797142
797163
797278
797513
797631
797715
797790
797905
797972
798016
798179
798217
798265
798354
798451
798555
798589
798760
798980
799005
799025
799161
799219
799303
799323
799343
799438
799628
799710
799772
799954
799967
799986
800102
800212
800230
800374
800622
800634
800635
800649
800651
800664
800678
800717
800768
800834
801323
801326
801338
801393
801522
801690
801873
801924
801952
802079
802158
802359
802381
802540
802594
802688
802759
802765
803079
803106
803255
803731
803943
804040
804068
804093
804167
804220
804295
804490
804787
804861
805028
805169
805238
805255
805281
805382
805389
805396
805412
805435
805616
805731
805786
806152
806201
806206
806340
806440
806466
806476
806504
806647
806669
806755
806957
806988
807138
807319
807472
807520
807552
807623
807632
808104
808420
808424
808431
808450
808559
808594
808627
808648
808830
808957
809156
809186
809238
809250
809415
809549
809646
809781
809927
809999
810019
810098
810208
810402
810535
810562
810572
810645
810709
810729
810981
811056
811085
811242
811328
811377
811382
811385
811446
811604
811749
812020
812110
812212
812213
812292
812423
812462
812494
812579
812769
812887
813006
813156
813178
813181
813258
813279
813289
813301
813423
813473
813520
813537
813909
813915
814089
814413
814430
814546
814744
814862
814895
814964
815063
815158
815173
815216
815331
815383
815552
815617
815625
815639
816013
816069
816079
816220
816470
816640
816685
816724
816826
816932
817013
817045
817109
817133
817143
817301
817306
817678
817777
817795
817801
817862
818076
818362
818445
818448
818469
818617
818715
818795
818854
819118
819156
819238
819251
819252
819412
819496
819548
819574
819623
819726
820167
820230
820293
820294
820487
820541
820605
820782
820817
820820
820863
821059
821071
821117
821132
821254
821389
821507
821611
821732
821814
822135
822166
822185
822270
822432
822441
822442
822487
822489
822736
822856
822967
823020
823108
823181
823325
823326
823464
823494
823679
823700
823703
823729
823735
823825
824130
824196
824203
824228
824285
824290
824400
824494
824522
824537
824541
824591
824598
824911
825059
825220
825309
825360
825435
825518
825681
826154
826744
826754
826902
826954
827174
827255
827412
827647
827692
827707
827735
827758
827912
827915
827978
828016
828433
828472
828673
828683
829070
829076
829081
829087
829245
829246
829345
829567
829701
829760
829801
829943
830082
830292
830705
830846
830864
830900
831347
831477
831508
831526
831665
831739
831904
831994
832026
832200
832290
832316
832551
832623
832682
832747
832900
832938
832994
833032
833169
833298
833413
833431
833484
833518
833766
833855
833870
833984
834066
834092
834352
834534
834538
834712
834770
834836
834880
835027
835308
835490
835556
835568
835728
835766
835854
835869
836046
836085
836117
836296
836353
836512
836894
836986
837298
837464
837503
837544
837654
837820
837829
837852
837898
837907
838009
838043
838430
838681
838705
838732
838745
838829
839024
839122
839139
839362
839382
839435
839436
839467
839565
839571
839587
839699
839746
839786
839864
840031
840073
840220
840361
840415
840570
840807
840959
841024
841106
841137
841185
841416
841425
841450
841738
841808
841824
841846
841917
841940
842340
842536
842632
842748
842831
842961
842988
843088
843201
843266
843378
843590
843755
843777
843868
843995
844001
844201
844273
844351
844464
844532
844702
844843
845020
845032
845120
845184
845275
845293
845576
845964
846020
846026
846359
846545
846551
846593
846614
846708
846766
846864
846954
847004
847034
847161
847264
847373
847390
847451
847569
847678
847689
847732
847880
847893
848086
848088
848107
848159
848255
848355
848430
848539
848624
848684
848697
848811
848833
848858
848869
848923
849040
849335
849469
849496
849610
849690
849846
849985
849989
850010
850208
850398
850430
850553
850579
850585
850763
850882
850902
851038
851137
851150
851258
851329
851397
851454
851475
851740
851771
851891
851991
852019
852048
852077
852268
852662
852711
852805
852939
853035
853482
853961
854267
854446
854608
854668
854739
854753
854791
854822
854952
855407
855628
855679
855906
856038
856171
856294
856390
856429
856541
856577
856830
856831
856834
856981
857093
857326
857404
857445
857559
857578
857655
857775
857855
857961
858307
858322
858345
858522
858583
858592
858659
858662
858667
858748
858749
858923
858927
858928
859036
859351
859353
859389
859426
859442
859513
859878
859879
859932
859954
859991
860155
860173
860322
860359
860441
860670
860963
861025
861028
861061
861141
861180
861224
861229
861341
861474
861493
861572
861670
861679
861757
861798
861874
861934
862007
862108
862149
862199
862296
862304
862329
862488
862545
862617
862789
862803
862811
863048
863141
863150
863192
863425
863428
863714
863830
863867
864073
864106
864623
864646
865121
865525
865768
865809
865879
865936
865973
866019
866055
866173
866391
866462
866751
866784
866811
866875
866912
866938
867002
867241
867265
867306
867393
867592
867830
867954
867956
867979
868070
868130
868175
868209
868461
868513
868549
868599
868698
868751
869145
869156
869255
869280
869306
869329
869534
869579
869717
869869
870331
870419
870480
870510
870841
870888
871089
871103
871138
871141
871321
871448
871661
871835
872294
872370
872425
872475
872592
872612
872622
872661
872715
872771
872774
873010
873113
873305
873504
873520
873560
873626
873772
873792
873963
874051
874161
874182
874318
874363
874417
874492
874673
874676
874808
874873
874884
874940
875024
875086
875130
875240
875517
875551
875671
875721
875792
876076
876098
876255
876324
876351
876355
876739
876741
876769
876923
877024
877101
877224
877433
877575
877805
877816
877864
877937
877981
878062
878288
878330
878370
878378
878449
878511
878631
878815
878835
878903
878922
878992
879128
879131
879158
879253
879542
879766
879792
880164
880268
880508
880639
880714
880742
880909
880932
881321
881431
881580
881797
881866
881884
882049
882092
882252
882350
882362
882694
882700
883352
883367
883503
883519
883586
883598
883663
883812
884079
884137
884164
884217
884269
884480
884509
884701
884790
884828
884885
885365
885635
885748
886017
886027
886061
886211
886228
886269
886341
886365
886537
886550
886814
886874
886893
886922
886937
887162
887269
887293
887324
887516
887559
887567
887585
887872
887941
887952
888083
888237
888238
888269
888312
888336
888348
888405
888484
888589
888682
888736
888817
888828
888873
888954
889418
889580
889670
889683
889746
889941
889993
890172
890190
890308
890745
890756
890829
891009
891161
891365
891423
891558
891597
891754
891869
892091
892234
892345
892405
892442
892468
892546
892629
892655
892711
892746
893106
893169
893378
893574
893968
893997
894028
894040
894199
894319
894456
894562
894626
894772
894799
894822
894953
895080
895183
895489
895505
895568
895698
895725
895763
895801
895951
896012
896025
896031
896399
896405
896628
896801
897265
897277
897283
897406
897473
897519
897597
897598
897649
897755
897774
898127
898247
898370
898392
898536
898541
898822
898838
899076
899198
899223
899356
899455
899610
899618
899638
899713
899716
899784
899835
899910
899996
900008
900020
900061
900198
900226
900310
900497
900954
900996
901038
901069
901120
901209
901232
901245
901321
901521
901540
901554
901556
901581
901705
901817
901925
901930
901955
901980
902102
902191
902320
902335
902350
902499
902532
902703
902769
902863
902979
902986
903153
903199
903287
903412
903490
903533
903553
903567
903568
903684
903888
903926
903935
904183
904282
904296
904472
904475
904699
904771
904776
904841
904870
904879
904882
904932
905054
905329
905459
905498
905787
905803
905926
905965
905981
905985
906399
906462
906501
906552
906641
906666
906939
906997
907253
907379
907655
907788
907856
907890
908012
908261
908361
908443
908498
908560
908831
908835
908839
908842
909017
909128
909448
909497
909617
909666
909678
909723
909731
909752
909758
909809
909878
909996
910048
910130
910185
910190
910571
910590
910752
910756
910777
911043
911167
911199
911262
911301
911306
911340
911416
911472
911477
911502
911612
911682
911688
911721
911722
911779
912181
912296
912311
912371
912394
912396
912430
912593
912687
912725
912775
912808
912847
912895
912920
913000
913105
913217
913282
913320
913340
913487
913575
913613
913659
913704
913787
913853
913983
914026
914144
914236
914414
914634
914749
914758
914826
914876
914985
915064
915166
915334
915384
915387
915422
915438
915523
915547
915603
915605
915611
915874
916350
916401
916450
916515
916654
916896
917256
917316
917402
917456
917481
917580
917597
917670
917846
917910
918039
918560
918603
918717
918850
918887
918914
919016
919068
919201
919518
919551
919639
919676
920028
920123
920125
920280
920351
920842
921074
921143
921224
921322
921357
921443
921456
921458
921541
921561
921638
921755
921791
922041
922097
922523
922533
922709
922756
922929
923119
923142
923172
923279
923293
923376
923480
923591
923642
923764
923915
924043
924070
924073
924105
924389
924476
924506
924569
924606
924667
924843
924998
925186
925293
925368
925430
925431
925741
925881
925884
925936
925973
926047
926235
926256
926257
926348
926437
926546
926670
926734
926844
926997
927483
927617
928123
928436
928658
928748
928951
929066
929087
929150
929297
929304
929403
929457
929683
929726
929821
929902
930241
930422
930462
930579
930634
930739
930754
930857
930950
930975
931005
931054
931105
931460
931507
931720
932313
932557
932998
933103
933106
933172
933190
933448
933559
933668
933676
933773
933914
933987
934186
934315
934414
934423
934564
934807
935038
935109
935483
935641
935793
936003
936030
936031
936048
936066
936100
936413
936422
936842
937115
937118
937135
937246
937279
937281
937360
937435
937448
937476
937813
937957
938056
938176
938209
938350
938512
938591
938634
938707
938860
938907
939106
939167
939203
939226
939377
939476
939587
939624
939752
939785
939809
940278
940281
940851
940900
940975
940984
941179
941355
941363
941413
941460
941547
941608
941627
941934
942207
942371
942530
942787
942790
942859
942968
943020
943041
943168
943237
943273
943599
943628
943651
943716
943918
943932
943998
944526
944660
944889
944897
944911
945057
945124
945187
945346
945351
945357
945382
945504
945741
945875
945972
946027
946040
946079
946094
946106
946132
946203
946216
946223
946393
946880
946886
946890
947374
947394
947514
947575
947615
947624
947795
947923
947983
948081
948280
948321
948340
948481
948574
948636
948656
948660
948779
948782
948788
948929
948945
948964
949150
949160
949292
949342
949389
949416
949472
949555
949878
949920
950037
950049
950052
950235
950252
950352
950404
950441
950465
950878
950913
951264
951272
951319
951751
952138
952248
952271
952490
952664
952702
952778
952805
952818
952931
952957
952995
953201
953239
953335
953369
953402
953461
953497
953739
953787
953835
953925
954132
954157
954664
954683
954868
954875
954939
955002
955093
955165
955329
955380
955444
955445
955718
955766
955795
955965
956152
956179
956270
956276
956743
956745
956796
956812
956844
957166
957450
957566
957876
957931
958071
958325
958370
958538
958624
959145
959164
959242
959270
959326
959331
959348
959544
959626
959655
959858
959863
959894
960079
960353
960362
960537
960663
960801
960898
960944
961108
961109
961119
961165
961273
961384
961459
961593
961669
961742
961958
962142
962327
962520
962689
962770
962931
963037
963090
963301
963747
963826
963858
964109
964158
964205
964297
964303
964832
964891
964919
965158
965211
965236
965356
965387
965505
965568
965651
965672
965907
965967
966011
966189
966258
966270
966274
966590
966636
966794
966836
966875
966974
967054
967105
967218
967327
967540
967614
967689
967739
968023
968104
968147
968150
968243
968251
968305
968433
968520
968764
968825
969100
969299
969419
969631
969740
969955
970006
970024
970029
970101
970107
970119
970226
970261
970331
970365
970457
970497
970581
970652
970663
970681
970731
970777
971008
971117
971131
971609
971868
972060
972105
972242
972314
972368
972493
972625
972700
972724
972773
972816
972891
973076
973093
973518
973635
973666
973779
973853
973967
974003
974112
974308
974663
974831
974840
974862
975125
975130
975723
975767
975792
975801
975955
975970
976011
976051
976199
976210
976286
976297
976638
976671
976698
976829
976971
977048
977230
977359
977630
977688
977850
977999
978038
978238
978477
978773
978920
979060
979321
979603
979739
979801
979809
979904
979908
979934
980179
980281
980380
980433
980579
980746
980761
980868
980873
980943
981019
981023
981045
981049
981189
981402
981643
981656
981761
981979
982147
982161
982305
982378
982449
982516
982602
982633
982644
982669
982994
983016
983096
983098
983220
983303
983623
983773
983785
983817
983954
984099
984322
984361
984558
984674
984688
984708
984713
984856
984979
985033
985139
985216
985355
985545
985553
985596
985764
985997
986002
986077
986115
986153
986233
986314
986352
986372
986497
986520
986545
986578
986579
986652
986783
986856
986968
987007
987053
987096
987156
987181
987256
987262
987383
987560
987706
987713
987861
987954
988081
988093
988107
988149
988276
988322
988442
988448
988490
988518
988629
988754
988948
989060
989115
989158
989162
989276
989351
989354
989539
989613
989653
989913
990102
990120
990290
990360
990380
990655
990689
990853
990941
991074
991292
991326
991539
991596
991608
991629
991689
991691
991804
991873
991881
991920
991976
991999
992053
992154
992238
992302
992353
992446
992743
992844
992881
993171
993292
993688
993693
994037
994162
994190
994269
994282
994347
994416
994641
994644
994669
994710
994842
994928
995138
995493
995628
995668
995718
995858
995954
995989
996109
996238
996307
996319
996321
996464
996532
996575
996661
997000
997250
997252
997257
997411
997432
997508
997612
997665
997726
997772
997829
997976
998321
998412
998550
998611
998616
998645
998691
998840
998848
998902
998986
998987
999132
999223
999354
999388
999408
999413
999490
999498
999674
999712
999754
999770
999851
999993
999997
