274
310
470
573
714
823
851
955
1090
1185
1300
1493
1547
1590
1742
1850
1963
2007
2083
2189
2200
2341
2550
2561
2738
2940
2948
3086
3109
3345
3347
3368
3556
3705
3722
3751
3913
4099
4104
4111
4164
4246
4493
5252
5312
5398
5416
5453
5497
5627
5641
5797
5903
5951
6139
6277
6331
6554
6562
6595
6607
6963
7258
7410
7580
7869
7894
8197
8238
8439
8495
8541
8543
8737
8792
8842
8853
8871
8946
9044
9055
9103
9169
9184
9386
9430
9470
9479
9527
9570
9755
9866
10014
10186
10303
10375
10545
10610
10685
10734
10841
11177
11285
11294
11330
11333
11573
11579
11651
11880
11893
12252
12286
12568
12735
12977
13014
13161
13174
13493
13770
13828
13931
13955
13963
13983
14109
14247
14427
14482
14541
14680
14727
14778
14937
15082
15159
15171
15231
15560
15607
15665
15678
15761
15825
15858
15870
15927
15929
15981
15998
16044
16048
16113
16188
16200
16409
16476
16652
16667
16721
16873
16896
17044
17086
17096
17099
17121
17184
17187
17242
17325
17387
17391
17393
17668
17888
18045
18090
18133
18221
18323
18336
18468
18581
18654
18781
19014
19065
19086
19340
19360
19547
19586
19642
19681
19870
19989
20071
20119
20162
20199
20419
20475
20753
20787
20842
20857
20858
20925
20950
20957
21102
21409
21443
21551
21735
21789
21981
22052
22064
22091
22201
22222
22276
22277
22319
22378
22587
22720
22750
22762
22900
23008
23145
23331
23595
23722
23808
23855
23857
24125
24267
24403
24435
24594
24642
24730
24759
24769
25097
25136
25195
25256
25322
25390
25449
25866
25883
25929
26093
26098
26106
26340
26394
26449
26736
26845
26952
27184
27298
27624
27702
27828
27858
27912
27936
28208
28220
28231
28433
28446
28475
28476
28498
28555
28692
28814
28834
28858
28862
28907
28954
28987
29144
29208
29282
29463
29620
29654
29849
29893
29913
30018
30051
30124
30307
30422
30424
30515
30565
30607
30695
30723
30724
30828
30927
31130
31199
31256
31431
31632
31646
31804
31847
31867
31918
31921
31933
32179
32199
32446
32504
32618
32623
32775
32811
32883
32902
33008
33465
33503
33522
33879
33908
33994
34010
34058
34146
34172
34368
34385
34461
34639
34689
34708
34875
34991
35083
35131
35137
35210
35460
35552
35887
36201
36274
36330
36366
36447
36484
36550
36611
36767
36802
36830
37024
37159
37267
37365
37477
37609
37658
37712
37984
37997
38169
38232
38324
38433
38525
38534
38569
38576
38761
38770
38841
38870
38873
38951
39015
39076
39162
39235
39655
39962
40057
40092
40152
40162
40237
40260
40265
40271
40362
40403
40505
40525
40648
40699
40834
41103
41119
41312
41373
41534
41585
41596
41610
41644
41680
41732
41855
42025
42290
42436
42447
42583
42958
43048
43080
43164
43273
43444
43448
43463
43537
43612
43857
43885
43891
43952
44000
44010
44344
44584
44680
44805
44810
44956
45022
45109
45289
45315
45337
45374
45533
45563
45569
45592
45650
45727
45736
45740
45778
45894
45989
46081
46166
46247
46453
46612
46638
46760
46898
47011
47078
47091
47126
47235
47380
47444
47566
47567
47896
47922
48086
48487
48522
48562
48576
48637
48685
48749
48776
48846
49026
49030
49136
49571
49619
49658
49835
50012
50180
50231
50346
50360
50373
50382
50606
50653
50768
50864
51143
51227
51411
51587
51621
51838
52301
52329
52431
52525
52548
52663
52724
52728
52782
52843
53112
53341
53360
53421
53423
53430
53497
53742
53909
53967
54067
54071
54082
54102
54232
54319
54555
54837
54873
54876
55058
55221
55510
55549
55603
55741
55977
56256
56543
56580
56610
56629
56695
56974
56983
57108
57316
57718
57746
57921
57928
57947
57997
58089
58471
58839
58841
59014
59296
59352
59383
59435
59682
60213
60295
60392
60592
60642
60646
60998
61086
61161
61175
61256
61333
61377
61690
61700
61759
62062
62074
62204
62210
62213
62394
62479
62521
62536
62777
62819
62950
62994
63040
63292
63297
63311
63374
63520
63523
63545
63772
63857
64179
64349
64475
64488
64546
64560
64619
64645
64781
64826
64925
65024
65374
65436
65545
65574
65579
65592
65704
65768
65772
65849
65897
65968
66040
66054
66474
66524
66547
66633
66735
66760
66872
66892
66900
67065
67163
67178
67419
67607
67737
67785
67799
67803
67833
67933
67997
67998
68020
68021
68030
68095
68239
68423
68451
68571
68573
68614
68844
68945
69066
69130
69437
69454
69894
70064
70302
70398
70484
70523
70560
70577
70601
71209
71463
71614
71662
71704
71796
71916
71936
71992
72032
72033
72246
72254
72295
72516
72607
72782
72893
72902
72942
72965
72974
73061
73074
73163
73581
73596
73840
74063
74119
74256
74282
74417
74455
74529
74613
74701
74724
74866
74892
74902
74924
74988
75002
75185
75230
75309
75336
75398
75431
75468
75618
75695
75734
75809
75823
75978
76086
76097
76128
76197
76220
76289
76315
76372
76421
76425
76426
76479
76888
76945
76970
76988
77030
77103
77210
77350
77391
77441
77595
77779
78049
78415
78682
78725
78761
78790
78793
78807
78828
78865
79185
79231
79365
79675
79699
79713
79743
79749
79757
79808
79845
79857
79868
80597
80753
80773
80798
80857
81062
81288
81438
81686
81722
82118
82328
82588
82589
82857
83059
83121
83161
83327
83408
83479
83687
83709
83727
83796
83917
83942
83962
84202
84422
84538
84561
84664
84811
84842
84872
84916
85125
85149
85448
85540
85667
85690
85724
85837
85845
85909
85962
85999
86186
86273
86412
86449
86530
86619
86763
86794
86857
86871
86953
86998
87071
87125
87139
87158
87640
87648
87666
87678
87816
87907
87941
88088
88106
88134
88155
88437
88550
88566
88628
88780
88944
89070
89235
89259
89413
89508
89593
89668
89695
89755
89950
90204
90206
90488
90546
90628
91097
91139
91580
91869
91964
91988
92115
92157
92182
92395
92474
92503
92585
92817
92842
92883
92888
93082
93094
93209
93633
93681
93886
93967
93979
94094
94329
94355
94753
94764
94797
94800
94819
94904
95108
95257
95427
95666
95761
95778
95807
95843
95965
96027
96050
96147
96174
96531
96812
96887
97047
97203
97217
97267
97346
97388
97430
97535
97629
97788
97846
97924
97935
98205
98229
98269
98336
98396
98416
98480
98512
98617
98678
98806
98834
98893
98900
98925
98947
99114
99511
99552
99582
99653
99922
100108
100154
100185
100313
100420
100447
100707
100744
100778
100999
101051
101188
101222
101255
101325
101485
101594
101813
101826
101896
101971
102184
102202
102248
102534
102585
102800
102924
102960
102978
102983
103000
103029
103039
103067
103213
103250
103331
103449
103599
103627
103883
104070
104193
104204
104245
104363
104548
104576
104588
104741
104755
104960
104975
104977
104983
105145
105212
105214
105229
105593
105963
106127
106169
106360
106419
106497
106521
107008
107054
107130
107174
107302
107385
107516
107572
107641
107893
107896
107937
107939
107995
107999
108112
108566
108758
108898
109099
109248
109426
109437
109607
109654
109677
109698
109932
110088
110200
110229
110269
110344
110377
110756
110763
110805
111166
111177
111203
111614
111756
111839
111858
111894
111928
112017
112052
112143
112282
112409
112670
112780
112820
112826
112957
113085
113199
113217
113333
113497
113560
113620
113632
113688
113698
113711
113786
113788
113876
113900
113948
113994
114004
114062
114142
114153
114174
114226
114320
114362
114542
114570
114589
114618
114622
114759
114827
114871
115039
115074
115165
115170
115341
115589
115591
115670
115728
115771
115795
115803
115831
115892
116007
116163
116288
116302
116490
116503
116549
116590
116605
116705
116954
117204
117216
117233
117312
117445
117539
117752
117755
117789
117892
117919
117977
117986
118090
118102
118151
118250
118392
118572
118667
118877
118935
119102
119556
119712
119845
119984
120115
120314
120347
120389
120797
121051
121071
121181
121287
121456
121463
121485
121611
121662
121667
121973
122054
122103
122158
122184
122613
122623
122658
122668
122697
122728
122967
123000
123083
123130
123189
123562
123618
123713
123851
123904
123976
124319
124424
124432
124496
124695
124807
124842
124922
124945
124974
125001
125202
125228
125231
125334
125408
125573
125676
125730
125863
125924
125929
125954
126036
126165
126255
126517
126698
126742
126851
126935
127041
127097
127248
127409
127708
127748
127794
127915
127923
128005
128130
128185
128380
128420
128493
128502
128522
128689
128942
128998
129733
129895
129966
129984
130027
130070
130094
130134
130418
130470
130585
130717
130754
130773
130877
130937
131217
131221
131227
131269
131526
131540
132047
132054
132060
132534
132573
132750
132776
132852
133024
133066
133070
133146
133319
133329
133345
133583
133630
133764
133770
133788
133877
134019
134067
134088
134131
134320
134404
134442
134451
134486
134528
134739
134818
134841
135024
135041
135157
135185
135450
135751
136103
136175
136250
136428
136483
136527
136615
136861
136902
136984
137147
137215
137334
137437
137471
137887
138082
138096
138285
138464
138551
138569
138621
138888
139287
139577
139626
139632
139648
139717
139928
139934
140095
140116
140190
140268
140619
140657
140858
140923
140943
140949
140968
141177
141209
141260
141265
141322
141359
141530
141570
141684
141839
141840
141982
142050
142058
142110
142146
142300
142318
142338
142360
142375
142396
142419
142482
142498
142536
142569
142585
142603
142622
142677
142752
142822
142916
143035
143060
143207
143209
143252
143433
143576
143705
143939
144022
144052
144097
144206
144280
144306
144405
144625
144703
144726
144733
144743
144805
144820
145043
145114
145452
145505
145563
145641
145692
145798
145874
146045
146117
146386
146399
146483
146502
147072
147121
147161
147343
147379
147391
147469
147588
147681
147766
148051
148064
148195
148357
148396
148402
148785
148896
148899
148906
148996
149059
149074
149105
149145
149209
149229
149250
149422
149528
149612
149874
149939
150051
150356
150361
150438
150444
150540
150567
150585
150755
150856
150987
151026
151431
151452
151573
151575
151608
151778
151781
151809
151818
151828
151865
152136
152192
152333
152409
152461
152516
152542
152583
152621
152719
152747
152769
152978
153057
153304
153349
153351
153477
153702
153789
153891
154047
154145
154175
154187
154202
154643
154793
154908
154925
154953
154958
155015
155034
155172
155173
155444
155593
155611
155637
155694
155703
155779
155819
155913
155934
156024
156231
156352
156364
156397
156568
156644
156775
157175
157727
157729
157876
157981
158105
158208
158345
158673
158776
159128
159217
159225
159235
159276
159351
159379
159549
159657
159737
159767
159821
159864
159869
160180
160301
160335
160406
160428
160561
160574
160807
160885
160977
161148
161186
161199
161214
161234
161247
161348
161467
161595
161682
161786
161850
162261
162388
162477
162922
163025
163106
163125
163202
163297
163481
163575
163639
163751
163837
163888
163979
164054
164149
164158
164233
164475
164567
164591
164660
164934
164949
165089
165247
165341
165526
165850
165870
165903
166124
166300
166396
166440
166522
166555
166634
166714
166807
166981
167237
167586
167642
167803
168003
168116
168334
168341
168368
168380
168539
168892
168991
169073
169288
169391
169463
169489
169575
169583
169592
169685
169813
169867
170092
170137
170330
170333
170365
170366
170391
170419
170463
170468
170786
170832
170854
170940
170955
170988
171174
171299
171408
171502
171525
171855
172012
172111
172136
172167
172189
172326
172352
172710
172714
172787
172827
173061
173183
173347
173411
173459
173469
173546
173567
173661
173844
173922
173974
174009
174535
174543
174646
174673
174762
174861
174875
174959
175137
175385
175444
175504
175660
175687
175693
175763
175814
175893
175982
176171
176224
176452
176610
176666
176725
176880
177128
177140
177226
177372
177408
177583
177699
177734
178013
178086
178127
178176
178179
178293
178356
178420
178497
178636
178640
178723
178729
178782
178935
179006
179017
179019
179428
179436
179502
179622
179746
179784
179814
179840
179922
179961
180035
180068
180192
180206
180295
180370
180402
180404
180435
180588
180790
180863
181089
181237
181308
181359
181365
181495
181791
181835
181908
182185
182309
182610
182961
182987
183097
183214
183346
183614
183753
183824
183835
183944
183984
183993
183997
184077
184228
184266
184752
184786
184791
184888
184894
184920
185085
185103
185186
185199
185347
185566
185753
185868
185937
186213
186338
186340
186358
186397
186488
186646
187127
187232
187311
187565
187638
187730
187783
187867
187903
188053
188302
188316
188407
188414
188689
188784
188816
188923
189031
189054
189169
189240
189269
189372
189388
189802
189845
189858
190011
190162
190198
190211
190436
190451
190588
190628
190880
191211
191248
191408
191447
191561
191764
191890
191909
191980
192061
192412
192734
192775
192807
192875
193146
193196
193250
193328
193330
193385
193763
193770
193820
193844
193922
193936
193949
193957
193962
193981
194055
194223
194455
194492
194769
194812
194845
194850
194959
195158
195398
195495
195698
195907
195940
195959
195963
196040
196255
196453
196532
196831
196963
197007
197265
197277
197511
197765
197844
197893
197923
198176
198188
198312
198340
198572
198599
198905
198986
199041
199304
199381
199521
199553
199592
199647
199708
200098
200137
200179
200324
200451
200632
200670
200690
200771
200925
201055
201058
201065
201182
201257
201313
201444
201593
201800
201876
202236
202373
202439
202451
202452
202643
202655
202683
202684
202754
202948
203003
203065
203144
203157
203159
203225
203482
203637
203693
203715
203731
203972
204097
204141
204162
204171
204193
204451
204561
204628
204782
204883
204908
205026
205156
205467
205486
205654
205671
206043
206105
206265
206433
206760
206773
206783
206859
206977
207004
207011
207121
207125
207272
207343
207467
207468
207487
207583
207647
207759
207852
208117
208146
208205
208247
208347
208412
208669
208918
208977
209028
209054
209088
209261
209512
209663
209853
209857
210076
210159
210386
210426
210440
210479
210832
210869
210905
210962
211005
211073
211605
211629
211689
211739
211771
211787
211819
211824
211838
212010
212045
212433
212439
212483
212501
212622
212662
212739
212874
213035
213066
213260
213355
213381
213395
213408
214065
214424
214436
214489
214678
214765
214787
214841
214895
214939
215322
215476
215510
215653
215766
215904
216046
216166
216199
216200
216215
216222
216306
216432
216687
216738
216825
217151
217199
217225
217302
217434
217620
217623
217707
217758
217891
218168
218263
218286
218482
218544
218548
218575
218627
218692
219072
219091
219157
219161
219225
219271
219309
219618
219711
219789
219830
219859
219882
219917
220019
220057
220447
220585
220606
220635
220656
220694
220718
220729
220734
220811
221192
221224
221315
221344
221363
221371
221380
221398
221470
221676
221852
221867
221888
221893
221901
221997
222084
222103
222121
222162
222183
222194
222214
222225
222469
222632
222683
222709
222722
222758
222891
223296
223376
223506
223594
223671
223777
223793
223922
224046
224102
224160
224311
224551
224557
224658
224663
224664
224766
225001
225011
225071
225201
225290
225459
225553
225603
225720
225841
225945
226089
226173
226245
226279
226300
226311
226337
226422
226658
226667
226737
226794
226866
227011
227107
227137
227198
227200
227281
227354
227458
227483
227557
228140
228149
228157
228310
228346
228647
228865
228869
228997
229136
229273
229369
229376
229637
229722
230090
230174
230204
230221
230332
230401
230419
230430
230544
230667
230888
231187
231318
231344
231385
231430
231561
231631
231816
231989
232097
232253
232281
232288
232429
232463
232547
232608
232637
232743
232860
233143
233323
233327
233359
233466
233530
233789
233794
233911
234147
234154
234181
234281
234387
234425
234490
234650
234744
234784
234814
234873
234885
234890
234904
235071
235178
235216
235275
235382
235393
235403
235556
235697
235957
235981
236008
236034
236041
236154
236205
236420
236432
236447
236461
236527
236539
236709
236863
236919
236974
237008
237132
237153
237166
237242
237284
237308
237314
237327
237370
237378
237695
237776
237926
237928
237938
237985
238003
238128
238165
238479
238685
238740
238764
238835
239167
239213
239399
239432
239528
239560
239562
239662
239773
239819
240241
240608
240659
240729
240772
240804
241028
241258
241478
241674
241698
241867
242019
242063
242394
242584
242612
242632
242723
242764
243046
243082
243189
243358
243508
243674
243682
243694
243698
243713
243766
243937
244000
244042
244095
244328
244378
244460
244472
244622
244888
244934
244939
245237
245285
245316
245469
245525
245746
245962
246047
246224
246269
246303
246419
246789
246807
246813
246862
246945
247186
247208
247400
247429
247461
247637
247710
247727
247733
247734
247737
247751
248081
248108
248262
248401
248406
248491
248626
248634
248717
248718
248845
249104
249178
249226
249424
249444
249514
249589
249609
249616
249837
249892
249939
250063
250298
250301
250369
250608
250778
250818
250923
250932
251039
251212
251213
251271
251282
251300
251338
251458
251629
251639
251646
251667
251795
252032
252051
252137
252396
252437
252571
252586
252654
252666
252696
253119
253507
253517
253730
253812
254329
254442
254529
254586
254691
254701
254725
254727
254818
255006
255262
255370
255410
255659
255810
255820
255872
255976
256046
256133
256260
256262
256441
256448
256478
256680
256697
256771
256846
256970
256971
257216
257339
257496
257580
257587
257612
257630
257736
257879
257925
258072
258089
258325
258336
258465
258505
258575
258584
258608
258622
258952
259144
259145
259180
259196
259226
259282
259419
259446
259503
259555
259741
260196
260391
260428
260612
260962
261154
261200
261224
261320
261343
261358
261537
261565
261597
261633
261639
261657
261776
262048
262086
262219
262358
262388
262492
262750
262977
263175
263179
263244
263466
263727
263883
264084
264137
264185
264248
264263
264372
264395
264586
264717
265020
265021
265026
265032
265135
265225
265239
265301
265340
265416
265593
265623
265952
266143
266422
266431
266448
266571
266680
266712
266829
266948
266978
267033
267142
267163
267185
267198
267284
267354
267486
267493
267517
267595
267743
267843
267844
267979
268125
268315
268416
268449
268510
268705
268726
268729
268803
268822
269461
269602
269704
269717
269742
269885
269887
269898
270038
270056
270085
270102
270106
270202
270251
270479
270543
270556
270753
270782
270797
270923
270983
271043
271161
271432
271538
271655
271769
271773
271809
271964
272167
272237
272468
272609
272676
272708
272715
272718
272787
273090
273160
273161
273197
273362
273406
273574
273584
273650
273678
273724
273726
273830
273863
273915
273966
274001
274096
274174
274261
274404
274849
274880
275161
275200
275442
275452
275473
275489
275677
275719
275874
276015
276032
276036
276049
276128
276232
276350
276460
276544
276816
276841
277020
277115
277119
277186
277337
277449
277453
277457
277679
277863
277925
277941
278093
278126
278238
278479
278574
278843
278846
278854
278940
278967
279171
279313
279409
279492
279678
279686
279714
279956
279995
280061
280561
280687
280920
281062
281153
281160
281219
281285
281581
281694
281776
281840
282025
282104
282367
282521
282614
282746
282751
282920
282937
282961
283086
283187
283260
283288
283329
283356
283363
283394
283436
283480
283636
283722
283908
284025
284129
284268
284365
284369
284459
284477
284737
284815
284925
284991
285051
285227
285229
285539
285545
285550
285759
285914
285926
286158
286282
286285
286481
286564
286656
286724
286749
286771
286831
286956
287157
287250
287299
287333
287497
287674
287729
287884
287885
287916
287920
288083
288205
288320
288544
288564
288960
289044
289162
289230
289232
289327
289392
289423
289564
289580
289590
289747
289784
289821
289837
289860
289917
289999
290013
290037
290198
290248
290252
290364
290447
290479
290626
290745
291106
291123
291260
291361
291704
291757
292149
292235
292276
292368
292496
292500
292546
292657
292718
292723
292872
292939
293030
293086
293173
293199
293263
293443
293525
293609
293612
293636
293749
293780
293888
294073
294101
294313
294376
294394
294437
294443
294530
294539
294579
294751
295174
295180
295252
295338
295489
295538
295686
295701
295709
295745
295837
295849
296001
296054
296144
296298
296427
296559
296707
296739
296818
296826
296894
297064
297238
297239
297258
297283
297310
297346
297741
297855
297996
298003
298294
298603
298644
298737
298807
298842
298877
298913
298932
298957
298970
299020
299053
299086
299111
299166
299185
299265
299377
299487
299511
299557
299665
299994
300079
300144
300174
300359
300379
300446
300514
300711
301030
301095
301219
301226
301296
301328
301404
301413
301422
301479
301484
301579
301735
301783
301972
302203
302297
302639
302901
303025
303039
303052
303227
303232
303368
303497
303619
303654
303881
303889
304041
304050
304102
304224
304391
304832
304933
304958
305014
305056
305107
305210
305264
305289
305752
305794
305796
305849
305863
305874
305939
305941
305956
306057
306122
306262
306508
306711
306717
306735
306831
306862
306887
307018
307298
307331
307332
307386
307483
307623
307777
307782
307807
308285
308375
308389
308519
308594
308682
308712
308906
308986
309044
309283
309354
309525
309709
309769
309773
309827
309950
309964
309990
310054
310064
310167
310213
310226
310241
310282
310296
310327
310525
310623
310671
310789
310942
310944
311031
311293
311385
311413
311472
311529
311626
311718
311804
311968
312079
312100
312320
312343
312361
312368
312437
312507
312576
312712
312811
312901
313123
313162
313171
313222
313328
313332
313386
313676
313696
313715
313821
313921
314043
314082
314136
314179
314191
314294
314386
314431
314462
314625
314677
314795
314975
314984
315307
315546
315573
315981
316179
316192
316289
316403
316420
316504
316583
316627
316682
317035
317189
317199
317203
317377
317470
317473
317515
317767
318057
318079
318084
318235
318333
318487
318569
318630
318675
318745
319173
319573
319625
319628
319725
320177
320206
320208
320311
320325
320360
320701
320967
321008
321072
321134
321173
321341
321568
321591
321597
321632
321680
321843
321890
321905
321935
322044
322529
322578
322685
322761
323018
323269
323390
323416
323581
323961
323967
324068
324142
324358
324421
324442
324566
324655
324733
324740
324807
324856
324934
324936
325034
325166
325226
325285
325300
325475
325590
325606
325784
325826
325853
326094
326337
326338
326404
326509
326692
326746
326782
326885
326898
326999
327021
327038
327068
327209
327216
327505
327574
327605
327865
327896
327940
328053
328063
328185
328215
328267
328511
328842
328860
328863
328872
328985
329105
329126
329170
329196
329261
329486
329654
329784
329871
330032
330045
330096
330146
330241
330351
330448
330715
330868
331032
331048
331058
331119
331231
331482
331536
331714
331904
331920
331999
332045
332067
332437
332538
332596
332712
332736
332750
332765
332860
333063
333734
333969
334017
334051
334137
334401
334416
334427
334575
334870
334879
335371
335561
335660
335749
335771
335833
336199
336217
336352
336479
336772
336784
336854
337276
337435
337583
337914
338035
338043
338098
338113
338138
338163
338204
338523
338633
339066
339281
339399
339403
339569
339610
339635
339686
339729
339904
339934
340138
340167
340182
340200
340214
340226
340459
340499
340611
340633
340884
340903
340940
340969
341111
341120
341126
341135
341155
341173
341332
341379
341491
341580
341586
341648
341725
341758
342025
342110
342153
342292
342424
342433
342726
343225
343244
343296
343302
343477
343585
343644
343714
343744
343790
343889
343904
344037
344055
344069
344222
344351
344466
344497
344513
344584
344633
344705
344961
345158
345244
345430
345519
345742
346043
346077
346137
346245
346264
346316
346415
346442
346489
346556
346651
346750
346805
346991
347025
347089
347146
347211
347214
347305
347386
347420
347489
347596
347719
347736
347786
347946
347949
348045
348102
348399
348532
348692
349018
349139
349241
349329
349353
349447
349645
349678
349846
349929
350109
350304
350339
350390
350486
350503
350557
350614
350645
350782
350898
351028
351211
351267
351311
351313
351360
351728
351784
351945
351982
351989
352144
352233
352409
352612
352823
353125
353158
353243
353310
353327
353564
353610
353616
353961
354102
354107
354616
354744
354860
354917
354963
355142
355288
355403
355409
355423
355524
355712
355806
356052
356120
356131
356377
356394
356491
356533
356617
356652
356844
357288
357290
357405
357491
357580
357923
357951
357991
358246
358263
358274
358381
358498
358542
358635
358722
358797
358858
358860
358892
359065
359120
359289
359339
359452
359495
359644
359833
359959
360003
360262
360464
360495
360641
360663
360752
360764
360829
360998
361120
361251
361534
361535
361536
361751
361833
361859
361973
361996
362149
362245
362250
362264
362430
362550
362653
362704
362720
363022
363169
363524
363582
363817
363855
363975
364254
364327
364454
364473
364629
364636
364666
364754
364789
364794
364911
364945
365106
365157
365164
365224
365308
365381
365420
365485
365597
365605
365750
365855
365899
365966
366083
366108
366365
366379
366391
366396
366491
366497
366509
366699
366794
366841
367020
367095
367102
367178
367293
368000
368022
368043
368222
368274
368374
368435
368474
368492
368553
368660
368696
368817
368820
368956
369005
369282
369364
369464
369491
369530
369554
369709
369997
370087
370133
370277
370355
370436
370457
370550
370657
370699
370729
370771
370899
371207
371308
371366
371435
371645
371658
371727
371765
371858
371874
371953
372010
372125
372138
372160
372188
372244
372295
372299
372475
372477
372514
372603
372874
372996
373491
373572
373583
373718
373809
373845
373953
374024
374212
374219
374229
374319
374365
374521
374547
374672
374673
374858
375014
375108
375177
375192
375248
375254
375417
375556
375656
375869
375953
376004
376058
376180
376207
376282
376302
376688
376896
376926
377157
377230
377331
377383
377713
377726
377733
377749
377815
377950
377998
378236
378314
378426
378434
378462
378519
378526
378701
378806
379055
379205
379206
379483
379490
379638
379829
379980
379984
380022
380151
380250
380336
380421
380580
380594
380631
380633
380699
380760
381096
381204
381373
381417
382089
382215
382248
382347
382390
382471
382483
382634
382735
382928
383083
383140
383202
383257
383286
383304
383342
383462
383587
383667
383762
383922
383975
384057
384142
384165
384179
384180
384212
384249
384547
384575
384742
384747
384941
385087
385131
385204
385450
385517
385634
385659
385805
385822
385933
385944
386216
386530
386578
386686
386718
386874
386876
387138
387168
387229
387533
387831
388021
388036
388042
388156
388183
388272
388283
388440
388518
388555
388644
388711
388982
389050
389224
389305
389368
389465
389468
389539
389637
389701
389785
389799
389819
389952
390289
390391
390460
390476
390484
390488
390624
390696
390822
390900
390949
391025
391054
391069
391203
391343
391515
391630
391678
391779
391793
391902
391912
391919
392264
392350
392413
392499
392502
392604
392726
392851
392916
392940
392971
393021
393061
393064
393218
393276
393515
393583
393676
393705
393759
393886
393920
393950
393980
394009
394016
394124
394153
394309
394610
394682
394867
394891
394938
394949
394967
394989
395130
395269
395392
395538
395614
395615
395666
395750
395784
395885
395899
396010
396093
396124
396238
396276
396323
396374
396542
396660
396671
396710
396854
397059
397090
397169
397172
397244
397411
397587
397718
397729
397760
397780
398050
398148
398372
398429
398509
398539
398624
398665
398791
398981
399039
399122
399254
399311
399401
399430
399506
399542
399619
399683
399739
399772
399838
400245
400248
400541
400672
400680
400882
400919
400930
400969
401060
401116
401138
401183
401240
401411
401479
401577
401736
401769
401795
402004
402114
402165
402191
402194
402206
402348
402481
402517
402698
402730
402831
402972
403134
403144
403261
403451
403479
403634
403659
403707
403744
403788
403962
404036
404197
404202
404327
404390
404420
404602
404754
404869
404915
405369
405536
405593
405596
405631
405686
405844
405851
405967
406308
406384
406571
406627
406667
406925
407109
407307
407477
407500
407517
407690
407703
407802
407826
408029
408050
408107
408273
408342
408397
408707
408743
408752
408766
408845
408927
409399
409404
409551
409639
409696
409900
410001
410106
410203
410261
410601
410666
410747
410762
410765
410789
410923
410945
410964
411011
411281
411402
411422
411610
411613
411642
411662
411708
411748
412084
412090
412100
412172
412181
412186
412300
412364
412498
412817
412830
412851
412966
413096
413176
413289
413537
413552
413593
413597
413666
413739
413825
413875
414131
414292
414381
414406
414520
414566
414732
414853
414867
414927
414993
415357
415374
415392
415614
416044
416121
416217
416577
416688
416748
416770
416954
417020
417226
417336
417399
417499
417507
417657
417709
417711
417891
417978
418018
418046
418113
418198
418201
418475
418522
418593
418872
419023
419108
419193
419298
419325
419399
419417
419676
419689
419780
419783
419852
420007
420257
420363
420387
420481
420509
420553
420640
420797
420874
420939
421070
421071
421348
421419
421654
421657
421729
421782
421804
421834
421846
422543
422559
422632
422668
422774
422794
422852
422872
422910
422959
423100
423128
423191
423262
423374
423387
423500
423724
423996
424078
424081
424102
424196
424449
424599
424619
424672
424681
424819
424821
424830
424860
425377
425476
425535
425556
425602
425772
425873
425929
426016
426029
426221
426336
426362
426391
426463
426556
426622
426806
426950
427012
427059
427103
427129
427214
427326
427367
427474
427569
427733
427846
427859
427861
428132
428170
428353
428372
428533
428594
428736
428960
428966
429017
429124
429160
429318
429373
429549
429638
429797
429916
429960
429977
430232
430398
430436
430852
431120
431157
431419
431572
431815
432115
432320
432344
432452
432929
432935
433098
433147
433205
433216
433439
433454
433473
433605
433615
433716
433737
433746
433821
433833
433951
434165
434331
434358
434367
434431
434440
434479
434842
434968
435001
435012
435233
435335
435601
435747
435767
435784
435810
435869
435897
436110
436286
436343
436434
436435
436455
436480
436496
436643
436764
436838
437439
437482
437677
437853
437870
438072
438246
438314
438508
438760
438847
438888
439094
439240
439319
439373
439393
439394
439456
439461
439481
439509
439575
439743
439874
439960
439967
440112
440142
440200
440225
440269
440313
440485
440616
440823
441097
441203
441247
441325
441525
441556
441644
441711
441718
441870
442156
442275
442319
442458
442539
442589
442677
442679
442807
442848
442859
443169
443218
443433
443620
443654
443699
443849
443891
443919
444125
444131
444284
444600
444775
444792
444931
445029
445347
445390
445429
445432
445455
445595
445850
446135
446228
446244
446303
446472
446496
446690
446719
446859
447096
447130
447383
447386
447417
447505
447596
447601
447606
447659
447879
447891
447905
448004
448146
448192
448393
448450
448543
448774
448897
449082
449276
449406
449412
449514
449560
449602
449618
449643
449678
449754
449968
450281
450358
450482
450488
450509
450654
450676
450942
450979
451076
451092
451249
451258
451280
451377
451435
451491
451499
451567
451749
452117
452273
452335
452343
452365
452399
452413
452490
452512
452653
452721
452996
453294
453347
453557
453664
453668
453712
453714
453997
454037
454098
454137
454323
454359
454436
454521
454551
454691
455014
455274
455479
455542
455610
455714
455763
455770
455876
455878
455941
455946
456051
456230
456334
456341
456407
456514
456595
456630
456927
457093
457094
457147
457504
457509
457580
457581
457936
458269
458333
458857
459185
459215
459356
459729
459789
460033
460085
460094
460178
460493
460524
460668
460678
460712
460869
460950
461258
461359
461397
461523
461669
461691
461705
461710
461863
461904
462210
462649
462661
462777
462939
463044
463134
463139
463150
463234
463393
463549
463558
463560
463660
463662
463753
463919
464088
464129
464224
464498
464603
464706
464726
464842
464853
464859
465019
465048
465103
465247
465329
465573
465667
465748
465844
465905
466082
466173
466245
466307
466342
466365
466371
466543
466565
466590
466678
466839
467094
467165
467168
467204
467228
467260
467351
467465
467480
467568
467969
467982
468330
468441
468515
468538
468571
468738
468745
468879
468975
469064
469180
469271
469314
469372
469400
469408
469440
469443
469618
469751
469915
469966
470038
470052
470077
470183
470227
470291
470344
470517
470528
470531
470579
470692
470970
471295
471374
471430
471452
471626
471780
471832
472013
472046
472135
472439
472495
472549
472783
472784
472947
473045
473144
473496
473533
473536
473848
473890
473964
474318
474588
474839
474938
474982
475230
475518
475520
475636
475676
475823
475970
476032
476131
476156
476175
476247
476454
476476
476572
476575
476619
476631
476632
476657
476723
476824
476981
476990
477016
477126
477187
477426
477591
477623
477757
478010
478013
478015
478023
478137
478211
478267
478443
478648
478694
478877
478936
478987
479014
479040
479071
479166
479269
479380
479424
479426
479524
479531
479847
480206
480247
480351
480360
480389
480559
480639
480815
481192
481266
481306
481390
481400
481510
481699
481709
481803
481825
481871
481932
482008
482040
482056
482188
482235
482319
482580
482626
482710
482822
482840
483165
483201
483320
483332
483342
483630
483789
483836
484110
484254
484289
484407
484466
484523
484614
484652
484720
484855
484860
484881
485111
485180
485235
485491
485516
485618
485630
485689
485735
485838
485916
486007
486100
486127
486129
486237
486261
486781
486832
486910
486924
487145
487325
487844
488066
488297
488371
488427
488486
488591
488634
488932
489015
489304
489358
489392
489398
489427
489544
489580
489622
489730
489803
489957
489993
489997
490095
490260
490506
490616
490660
490661
490864
490895
490953
490969
491000
491350
491634
491696
491777
491784
491812
491818
491954
491993
492034
492131
492141
492148
492315
492327
492580
492663
492762
492876
492978
493011
493204
493228
493261
493356
493535
493734
493864
493911
494101
494103
494247
494273
494544
494584
494761
494791
494953
494954
494971
495023
495092
495144
495227
495360
495437
495479
495528
495644
495872
495887
495900
495978
496072
496099
496252
496300
496341
496471
496480
496646
496694
496724
496974
497059
497182
497203
497217
497269
497307
497377
497490
497823
497866
497954
497989
498026
498278
498436
498451
498542
498699
498872
498905
499100
499128
499158
499346
499602
499604
499617
499783
499934
500276
500335
500399
500402
500412
500443
500472
500619
500767
500919
501006
501074
501106
501190
501236
501272
501321
501357
501888
502227
502325
502482
502509
502551
502595
502624
502701
502826
503115
503151
503614
503718
503856
503941
504039
504266
504270
504314
504370
504421
504503
504641
504729
504772
504851
505482
505528
505565
505731
505742
506119
506161
506163
506198
506557
506595
506962
507176
507184
507492
507582
507588
507654
507705
507715
507722
507816
507870
508051
508082
508186
508218
508289
508488
508524
508533
508571
508600
508635
508656
508681
508998
509164
509185
509221
509319
509389
509409
509532
509544
509612
509653
509678
509686
509936
509977
510088
510132
510137
510381
510552
510556
510618
510746
510920
510952
510969
511097
511114
511206
511364
511455
511808
511931
512011
512091
512221
512324
512588
513006
513023
513220
513249
513409
513506
513518
513612
513727
513740
513837
514025
514030
514283
514407
514441
514620
514646
514820
514829
514873
515026
515067
515126
515332
515490
515522
515793
515798
515812
516218
516440
516526
516587
516715
516790
516796
516936
516977
517060
517206
517219
517304
517308
517335
517352
517421
517465
517798
517986
518023
518079
518084
518109
518357
518636
518735
518759
518766
518789
518855
518863
519013
519215
519321
519351
519553
519586
519810
519889
519951
520187
520279
520549
520809
520813
520823
520914
520943
521034
521044
521198
521423
521677
521747
521798
521847
521955
521981
522014
522138
522147
522182
522256
522438
522473
522560
522564
522620
522736
522882
523096
523105
523423
523443
523454
523503
523547
523572
523629
523745
523794
523910
524105
524144
524193
524219
524301
524516
524585
524669
524807
524949
525032
525108
525314
525339
525443
525465
525868
525887
526032
526377
526386
526406
526582
526598
526620
526837
527010
527018
527081
527239
527255
527259
527305
527321
527364
527475
527519
527596
527712
527990
528119
528141
528224
528235
528245
528521
528586
528725
529062
529152
529214
529268
529369
529495
529513
529516
529599
529711
529725
529825
529835
529965
530064
530134
530154
530257
530306
530391
530467
530689
530947
531191
531441
531488
531595
531646
531695
532046
532081
532401
532532
532541
532657
532981
533069
533089
533126
533217
533470
533575
533614
533655
533722
533738
533812
533859
533965
534066
534075
534093
534163
534220
534509
534593
534656
534859
534870
535030
535040
535315
535357
535371
535682
535711
535740
535871
535931
535976
536061
536137
536162
536176
536262
536265
536336
536377
536645
536744
536864
536959
536969
537099
537199
537287
537353
537356
537357
537360
537479
537539
537770
537921
537964
537994
538260
538303
538379
538523
538552
538797
539006
539007
539105
539164
539236
539257
539284
539306
539372
539469
539618
539646
539704
539854
540108
540218
540357
540379
540643
540785
541314
541468
541597
541663
541803
541893
541901
541963
542007
542064
542089
542128
542131
542267
542274
542302
542313
542355
542403
542451
542613
542815
542821
542916
543216
543230
543297
543304
543320
543334
543390
543452
543740
543787
543960
544012
544172
544173
544296
544359
544380
544409
544482
544599
544966
545305
545619
545669
545699
545750
545844
545872
545876
545883
545924
546081
546115
546176
546342
546386
546489
546533
546605
546679
546710
546867
547090
547142
547170
547248
547291
547411
547899
547978
548018
548123
548145
548438
548526
548539
548935
548942
549248
549261
549386
549436
549458
549466
549517
549659
549706
549814
549906
549951
549976
550000
550377
550390
550717
550761
550800
550895
550981
551025
551045
551059
551084
551102
551124
551195
551279
551333
551353
551354
551367
551412
551474
551507
551540
551543
551550
551580
551640
551827
551859
552057
552300
552322
552381
552442
552510
552634
552641
552757
552798
552907
552942
553002
553272
553354
553361
553495
553762
553797
553974
554088
554116
554206
554238
554304
554361
554364
554615
554898
554903
555004
555031
555117
555149
555238
555461
555539
555593
555643
555777
555782
556066
556070
556110
556157
556269
556283
556329
556493
556598
556810
556938
557106
557193
557423
557454
557461
557466
557475
557479
557575
557671
557730
557810
557860
557926
558011
558088
558251
558364
558397
558605
558639
558911
559101
559189
559422
559436
559556
559558
559583
559839
559974
559993
560311
560321
560335
560518
560533
560609
560798
560881
560903
560943
561028
561091
561196
561223
561226
561276
561608
561630
561800
561839
562324
562386
562405
562558
562699
562729
562767
562861
562870
562935
563001
563034
563060
563226
563250
563369
563529
563631
563664
563671
563892
563898
564133
564180
564227
564325
564341
564507
564614
564640
564709
564881
565062
565158
565170
565274
565342
565497
565514
565707
565736
565823
565852
565859
565862
565867
566075
566106
566500
566672
566746
566942
566981
567052
567082
567089
567166
567540
567565
567757
568112
568147
568166
568167
568185
568210
568246
568304
568374
568475
568598
568610
568744
568806
569041
569055
569243
569280
569321
569343
569592
569674
569680
569690
569790
569984
569991
570019
570058
570226
570455
570497
570521
570661
570707
570716
570761
570845
570894
571000
571304
571324
571347
571657
571715
571761
571786
571827
571868
572023
572041
572087
572128
572176
572195
572370
572504
572581
572676
572873
572967
572970
572976
572978
572988
573101
573248
573328
573335
573426
573439
573447
573510
573540
573607
573630
573684
573781
573840
574286
574459
574499
574548
574584
574714
574759
574805
575055
575063
575109
575497
575555
575955
576146
576147
576424
576573
576742
576765
576847
576865
577069
577162
577246
577315
577460
577639
577761
577806
578024
578040
578373
578747
578808
578872
578890
578898
578992
579136
579205
579251
579424
579521
579648
579687
579751
579768
579846
579849
579916
579937
579954
580213
580303
580337
580442
580490
580564
580672
580721
580878
581100
581241
581261
581335
581501
581581
581688
581868
582125
582248
582343
582349
582436
582454
582480
582532
582601
582624
582813
582834
583041
583121
583248
583339
583446
583533
583675
584008
584112
584144
584451
584467
584533
584718
584844
584908
585095
585150
585388
585448
585466
585797
585823
585853
586249
586259
586379
586460
586576
586928
587050
587118
587159
587265
587444
587562
587564
588108
588255
588427
588467
588573
588603
588689
588775
588830
588876
588958
589240
589261
589317
589527
589561
589598
589763
589892
589939
590019
590025
590126
590148
590332
590385
590467
590567
590633
590634
590665
590733
590739
591027
591050
591062
591121
591590
591609
591682
591706
591800
592057
592093
592156
592285
592518
592580
592720
592778
593251
593265
593280
593324
593403
593471
593594
593644
593826
593830
593865
594017
594036
594372
594391
594403
594639
594737
594785
594952
595076
595214
595536
595649
595714
595758
596024
596033
596086
596109
596180
596275
596442
596537
596677
596809
596893
596930
596998
597007
597029
597046
597143
597200
597296
597312
597448
597556
597618
597736
597830
597877
597922
598293
598347
598547
598690
598706
598716
598765
598832
598839
598973
599052
599225
599284
599377
599644
599981
600125
600139
600416
600523
600573
600738
600768
600964
600976
601119
601370
601507
601692
601745
601903
601908
601946
602260
602363
602397
602534
602691
602732
602819
602920
602926
603183
603368
603431
603500
603570
603647
603683
603721
603740
603798
603889
604071
604101
604317
604412
604548
604650
604799
604841
604920
604940
605003
605084
605167
605297
605565
605589
605591
605629
605646
605675
605703
605732
605770
605916
605922
605976
606016
606039
606232
606254
606443
606480
606485
606544
606886
606922
606961
606977
606986
607101
607135
607255
607256
607267
607300
607302
607319
607392
607417
607506
607693
607726
607862
607934
608027
608151
608339
608479
608585
608588
608778
608804
608948
609262
609643
609765
609927
609930
609967
609987
610094
610315
610357
610700
610712
610814
610816
611025
611134
611173
611216
611407
611629
611959
611991
612097
612119
612295
612362
612472
612698
612700
612916
612959
613202
613323
613649
613851
613893
613942
614134
614227
614719
614735
614876
614963
615001
615063
615137
615241
615474
615532
615616
615622
615649
615668
615675
615750
615819
615996
616033
616064
616233
616238
616299
616420
616465
616507
616521
616540
616667
617038
617291
617559
617824
617852
617926
617969
618116
618295
618322
618381
618404
618485
618600
618662
618709
618748
618804
618887
619033
619050
619091
619234
619438
619471
619688
619895
620277
620486
620509
620774
620790
621021
621406
621475
621548
621579
621589
621663
621736
621775
621843
621967
622206
622263
622304
622530
622643
622673
622722
622745
622806
622807
623177
623217
623244
623400
623779
623983
624282
624335
624351
624446
624543
624935
624944
624997
625053
625110
625199
625262
625327
625362
625458
625476
625579
625616
625672
625706
625775
625876
625909
625915
626091
626168
626322
626533
626556
626592
626622
626806
626881
627107
627118
627231
627392
627599
627722
627911
628158
628241
628255
628291
628395
628628
628643
628749
628827
628931
629043
629358
629382
629457
629514
629588
629622
629705
629720
629742
629897
629909
629972
630010
630028
630032
630174
630261
630300
630303
630358
630458
630710
630908
630942
631031
631079
631128
631134
631289
631329
631534
631540
631775
631852
631973
632010
632041
632099
632110
632239
632276
632739
632750
632872
633018
633202
633237
633303
633416
633449
633515
633590
633678
633723
633767
633787
633991
634090
634213
634234
634348
634361
634633
634746
634777
634896
634931
634938
635037
635253
635271
635301
635337
635367
635471
635516
635658
635750
635778
635876
636231
636481
636497
636507
636761
636839
636864
636975
637120
637135
637257
637269
637336
637342
637476
637496
637549
637677
637729
637837
638369
638521
638728
638842
638852
638947
639000
639007
639059
639216
639392
639399
639669
639710
639727
639763
639787
639912
640004
640270
640326
640333
640351
640361
640381
640419
640640
640717
641110
641128
641197
641341
641369
641411
641521
641610
641689
641963
641980
641983
642010
642170
642299
642389
642401
642446
642464
642584
642722
642753
643146
643413
643514
643574
643601
643998
644084
644283
644299
644418
644473
644700
644767
644807
644854
644913
645019
645037
645165
645203
645381
645488
645599
645734
646380
646634
646734
646745
646777
646937
646999
647123
647186
647394
647405
647411
647561
647571
647595
647778
647832
647940
648037
648514
648668
648764
648978
649009
649053
649225
649284
649409
649457
649945
650113
650198
650269
650331
650342
650451
650613
650645
650800
650950
650960
651274
651290
651661
651911
652199
652208
652233
652238
652279
652460
652600
652614
652654
652756
652963
653049
653226
653455
653574
654062
654115
654120
654625
654924
654974
655012
655084
655132
655148
655326
655350
655408
655453
655547
655578
655638
655870
655897
655911
656003
656089
656284
656318
656328
656560
656576
656594
656655
656693
656713
656998
657008
657012
657088
657155
657302
657323
657372
657443
657482
657630
657794
657837
657977
658128
658149
658211
658528
658563
658650
658698
658745
658758
659047
659059
659118
659142
659174
659217
659405
659408
659517
659804
660003
660084
660122
660127
660205
660214
660257
660474
660513
660635
660725
660879
661006
661364
661418
661449
661473
661635
661665
661806
661889
661963
662118
662176
662298
662354
662358
662413
662634
662794
662798
662852
662854
662902
662924
663257
663288
663313
663399
663590
663709
663776
663800
663904
663966
663970
664403
664411
664413
664439
664571
664677
664682
664815
664914
664992
665007
665110
665163
665365
665444
665590
665617
665716
665722
665884
665915
665928
665970
666017
666066
666115
666136
666215
666221
666227
666447
666658
666697
666777
666899
666921
667014
667254
667384
667385
667461
667483
667576
667741
667842
667977
668001
668033
668296
668323
668429
668680
668974
669001
669043
669090
669224
669250
669356
669473
669479
669652
669761
669957
669968
670156
670293
670298
670394
670426
670497
670609
670681
670722
670924
671432
671465
671555
671598
671792
671805
672178
672235
672285
672378
672470
672580
672637
672656
672689
672706
672855
672934
672943
673065
673138
673166
673187
673226
673390
673439
673472
673605
673819
673891
673920
673953
674170
674439
674444
674486
674494
674559
674562
674690
674795
674905
674911
675130
675248
675409
675491
675670
675760
675974
676225
676251
676339
676344
676432
676504
676561
676681
676715
677061
677066
677176
677256
677285
677430
677502
677567
677744
677792
677902
677955
678238
678310
678649
678821
678910
678923
678977
678987
679002
679291
679468
679660
679756
679834
679986
680073
680079
680114
680163
680308
680385
680472
680692
680702
680768
680798
680897
680920
681055
681084
681361
681602
681615
681730
681760
681764
681782
681806
681922
682068
682072
682110
682113
682145
682159
682160
682184
682287
682432
682454
682551
682563
682720
682862
682952
683035
683200
683338
683357
683382
683466
683515
683537
683715
683724
684316
684390
684510
684528
684670
684906
685012
685028
685046
685253
685345
685472
685691
685709
685747
685844
685868
685884
685940
685968
686412
686681
686693
686781
686814
686877
687055
687140
687169
687263
687297
687432
687651
687667
687720
687755
687814
687827
688170
688180
688182
688552
688555
688663
688868
688893
688971
689092
689315
689387
689502
689833
690184
690191
690323
690324
690599
690634
690862
690927
690982
691019
691195
691493
691584
691632
691664
691802
691903
692047
692111
692342
692356
692371
692377
692546
692568
692589
692688
692907
692908
693089
693107
693241
693330
693466
693559
693582
693615
693681
693928
693980
694054
694508
694666
694708
694886
695123
695166
695168
695299
695415
695550
695756
695766
695773
695776
695789
695905
695940
696053
696081
696147
696240
696258
696553
696817
696920
697089
697238
697281
697293
697361
697609
697662
697714
697892
698573
698663
698793
698794
698991
699017
699098
699155
699251
699280
699295
699545
699867
699891
699916
699966
699983
699995
700005
700156
700222
700257
700734
700881
700888
701002
701017
701107
701116
701188
701245
701261
701410
701533
701810
701839
702137
702247
702324
702338
702415
702622
702776
702780
702911
702937
703051
703085
703098
703329
703490
703499
703797
703867
703943
704035
704126
704158
704397
704648
704767
704847
704857
705005
705014
705029
705207
705491
705581
705692
705901
706087
706116
706272
706462
706525
706610
706639
706801
706917
706956
706970
707175
707197
707484
707533
707565
707705
707805
707814
707850
707873
707892
707975
708199
708247
708281
708336
708434
708483
708491
708592
709032
709153
709247
709330
709564
709572
709576
709683
709699
709734
709738
709783
709810
709929
710094
710109
710233
710434
710486
710854
710987
711003
711062
711130
711365
711439
711469
711543
711676
711760
711834
711964
712004
712088
712110
712122
712124
712335
712475
712496
712528
712732
712763
712806
712906
712986
713007
713120
713132
713235
713260
713544
713635
713770
714085
714094
714372
714421
714466
714523
714614
714649
714688
714700
714894
714973
715092
715118
715352
715428
715486
715610
715733
715764
715803
715857
716053
716075
716118
716348
716426
716467
716470
716518
716556
716618
716638
716708
716822
716825
716968
717070
717182
717405
717411
717463
717634
717795
717823
717832
717879
717925
717938
718084
718094
718337
718516
718527
718755
718909
719016
719142
719143
719226
719353
719461
719577
719651
719655
719701
719721
719722
720251
720570
720626
720905
720908
720925
721267
721277
721406
721482
721504
721527
721555
721559
721768
721782
721852
721857
722068
722073
722105
722293
722639
722739
722933
723016
723036
723099
723124
723190
723437
723468
723862
723879
723905
724085
724110
724373
724424
724557
724710
724712
724904
724944
725021
725022
725089
725349
725453
725518
725635
725669
725782
725815
725817
725941
726073
726149
726361
726374
726375
726455
726556
727100
727275
727385
727458
727518
727609
727667
727753
727834
727843
727892
727928
728082
728141
728168
728175
728216
728247
728278
728293
728303
728344
728500
728508
728561
728833
728898
729109
729215
729239
729284
729321
729354
729355
729415
729541
729657
730004
730063
730164
730237
730356
730658
730849
731179
731395
732147
732353
732448
732475
732522
732610
732668
732862
732880
732886
732905
732931
733010
733042
733171
733218
733258
733669
733764
733805
733812
733875
733955
734092
734097
734281
734570
734714
734816
734926
734951
735043
735096
735100
735186
735197
735356
735377
735404
735443
735490
735551
735552
736070
736097
736098
736125
736132
736329
736426
736478
736501
736597
736622
736706
736709
736729
736898
737108
737194
737278
737389
737542
737768
737813
737945
737982
738003
738009
738027
738295
738440
738571
738586
738670
738770
738784
738821
738867
738978
738984
739208
739214
739404
739478
739512
739517
739684
739708
739749
739764
739786
739809
740072
740251
740277
740377
740588
740614
740641
740688
740867
741012
741071
741227
741268
741326
741348
741372
741485
741539
741740
741825
741861
741895
742029
742037
742047
742048
742164
742367
742661
742731
742937
743205
743211
743310
743351
743494
743818
743865
743870
743880
744078
744086
744160
744176
744186
744239
744241
744244
744266
744269
744412
744429
744483
744555
744598
744605
744627
744666
744682
744820
744842
744852
745119
745136
745167
745218
745238
745319
745792
745881
746102
746803
746916
746946
747063
747737
747943
747967
747988
748580
748685
748816
748951
749026
749125
749387
749450
749522
749594
749641
749657
749694
749822
750013
750097
750243
750300
750384
750420
750471
750569
750693
750794
750830
750872
751042
751455
751525
751680
751811
751897
751914
751929
752079
752087
752206
752210
752286
752379
752407
752477
752740
752756
752835
752841
752867
752893
752911
752935
752956
752983
753116
753254
753266
753309
753312
753579
753653
753718
753882
753947
754227
754359
754363
754481
754510
754586
754652
754661
754870
754928
754983
755246
755309
755338
755471
755588
755631
755745
755860
755903
755952
756075
756236
756279
756399
756652
756730
756774
756995
757029
757190
757357
757359
757373
757511
757556
757647
757684
757723
757769
757788
757839
757878
757950
757987
758018
758094
758108
758299
758366
758394
758467
758487
758907
758921
759032
759043
759370
759421
759618
759631
759713
759779
759791
760155
760314
760478
760530
761066
761126
761195
761207
761257
761261
761315
761499
761759
761817
761904
761927
762033
762079
762284
762739
762784
762793
762937
763175
763179
763230
763292
763431
763591
763981
763982
764010
764050
764065
764143
764222
764329
764401
764436
764596
764607
764911
764979
765233
765479
765640
765756
765909
766046
766306
766335
766432
766476
766730
766771
766807
766864
767199
767209
767224
767235
767635
767676
767690
767782
767831
767905
767952
768069
768238
768314
768335
768475
768700
768702
768739
768787
768999
769017
769100
769230
769409
769524
769526
769690
769746
769941
770153
770203
770230
770282
770285
770364
770584
770612
770692
770750
770960
770962
771025
771054
771114
771156
771181
771444
771570
771642
771644
771659
771892
771971
772171
772285
772512
772635
772683
772696
772703
772933
772956
772973
773050
773182
773253
773357
773377
773759
773805
773856
773894
774003
774059
774060
774122
774253
774326
774437
774608
774666
774738
774740
774756
774962
775222
775399
775521
775548
775596
775750
775855
775877
775948
776036
776078
776277
776344
776403
776420
776508
776583
776820
776903
777077
777170
777232
777304
777313
777351
777478
777489
777561
777661
777680
777833
778066
778261
778740
778974
779111
779149
779262
779323
779425
779458
779530
779593
779601
779747
779796
779871
779960
780062
780442
780594
780727
780732
780794
780830
780869
780969
780998
781022
781068
781217
781383
781425
781471
781517
781718
781786
781906
781934
782250
782267
782393
782502
782516
782575
782590
782928
783009
783190
783199
783214
783219
783227
783299
783358
783370
783399
783419
783439
783605
783768
783810
783937
784163
784364
784438
784521
784556
784781
784808
784885
784943
785081
785185
785232
785281
785314
785324
785367
785369
785458
785497
785625
785639
786090
786126
786234
786309
786322
786370
786481
786497
786561
786707
786764
786896
786992
787094
787095
787112
787126
787157
787251
787277
787412
787482
787626
787897
787993
788449
788490
788606
788620
788978
789012
789122
789150
789169
789277
789470
789550
789596
789612
789619
789625
789763
789873
789881
790051
790080
790154
790382
790684
790698
790904
791151
791153
791329
791401
791452
791552
791771
791832
791857
791999
792088
792227
792321
792337
792470
792970
793065
793080
793179
793283
793302
793448
793496
793684
793702
793838
793923
794069
794151
794193
794273
794280
794299
794350
794414
794760
794829
794876
794951
795120
795261
795288
795300
795513
795574
795631
795783
795879
795945
795960
796020
796057
796093
796174
796175
796319
796547
796729
796788
797134
797244
797265
797357
797702
797703
797891
798062
798628
798635
798669
798698
798965
798968
799190
799324
799385
799520
799532
799553
799558
799674
799773
799977
800068
800208
800218
800224
800319
800446
800569
800725
800827
800882
800898
800927
800944
801082
801086
801119
801310
801625
801959
802022
802260
802328
802476
802553
802617
802775
803203
803355
803378
803381
803476
803506
803586
803593
803829
803840
803948
804048
804119
804134
804160
804197
804247
804517
804545
804548
804562
804720
804803
804863
804887
804998
805172
805234
805303
805320
805385
805456
805466
805742
805901
805905
805972
805999
806026
806252
806327
806410
806509
806800
806907
806942
807093
807348
807411
807611
807629
808007
808443
808502
808552
808731
808762
808777
808787
808864
808887
808946
809016
809160
809256
809321
809406
809476
809705
809717
809802
809915
809937
809944
810023
810024
810034
810048
810471
810590
810861
810890
811010
811237
811281
811299
811317
811436
811449
811464
811692
811708
811714
811729
811812
811863
812812
812908
812970
813169
813283
813359
813394
813436
813515
813562
813638
813646
813676
813757
814098
814269
814284
814352
814367
814405
814415
814472
814583
814764
815014
815210
815240
815375
815390
815414
815452
815477
815587
815684
815696
815922
815929
815952
815980
816024
816036
816038
816171
816383
816491
816611
816681
817134
817386
817482
817586
817640
817800
817934
818021
818044
818059
818060
818233
818430
818434
818489
818593
818651
818660
818691
818789
818798
818832
819067
819124
819207
819252
819313
819391
819561
820000
820011
820242
820256
820333
820561
820612
820911
821070
821224
821346
821520
821526
821572
821576
821916
821991
822059
822290
822296
822407
822472
822514
822703
822776
822791
822827
822880
822902
822954
822968
822977
823029
823073
823152
823215
823248
823275
823382
823432
823585
823603
823676
823787
823898
823957
824041
824069
824093
824221
824228
824245
824264
824426
824439
824906
825165
825170
825215
825364
825417
825444
825453
825508
825728
825734
825896
825958
826275
826481
826489
826507
826680
826812
826939
826981
827051
827170
827222
827261
827286
827490
827492
827533
827563
827583
827676
827903
827970
828133
828520
828550
828756
828800
828808
828858
828881
828978
829209
829397
829399
829549
829554
829744
829780
829794
829885
829954
829988
830041
830173
830293
830323
830353
830446
830468
830654
830716
830937
830944
831092
831154
831842
831957
831960
831978
832052
832214
832328
832484
832656
832690
832810
832946
832952
833154
833190
833206
833355
833398
833401
833412
833514
833669
833853
833884
834115
834290
834310
834355
834363
834368
834384
834434
834533
834594
834602
834647
834793
834862
834908
835008
835174
835341
835463
835835
835924
836180
836402
836435
836481
836639
836793
836848
836873
837472
837600
837706
838002
838013
838052
838084
838101
838211
838438
838500
838522
838594
838643
838741
838783
838866
839083
839378
839494
839598
839617
839635
839645
839842
839875
839919
839952
839994
840063
840195
840324
840335
840395
840447
840487
840491
840562
840644
840742
840857
841270
841322
841453
841596
841644
841862
841863
841916
842104
842113
842399
842417
842465
842660
842674
842751
842788
842904
843190
843202
843257
843350
843396
843725
843883
844253
844259
844284
844373
844485
844674
844829
844845
844908
845530
845602
845784
845828
845893
845985
845991
846013
846174
846216
846228
846391
846436
846582
846731
846735
846876
847006
847222
847465
847570
847793
847796
847931
847991
848245
848306
848378
848473
848500
848553
848625
848703
848783
849020
849124
849239
849329
849432
849537
849717
849770
849813
849971
850035
850134
850209
850305
850308
850316
850469
850539
850623
850736
850848
850867
851038
851150
851314
851397
851438
851616
851632
851795
851810
851913
851997
852047
852114
852150
852168
852360
852405
852447
852553
852600
852672
852703
852937
852956
853018
853106
853373
853422
853424
853646
853664
853977
853980
854021
854044
854090
854106
854121
854161
854364
854459
854596
854625
854721
854936
855067
855133
855231
855300
855306
855309
855370
855426
855463
855495
855633
855665
855939
855961
856061
856074
856173
856542
856554
856606
856672
856684
856754
856915
857193
857221
857359
857492
857495
857649
857661
857684
857738
857898
857917
857943
857964
857985
858002
858050
858088
858090
858172
858195
858198
858357
858563
858804
858808
858830
858949
859073
859147
859265
859305
859405
859707
859754
859864
859900
860035
860067
860164
860328
860333
860499
860574
860609
860714
860745
860751
860873
860954
860971
860988
861010
861244
861413
861567
861631
861956
862141
862272
862316
862445
862472
862612
862985
863033
863078
863100
863140
863213
863234
863244
863350
863564
863845
863933
864080
864127
864190
864230
864286
864485
864617
864781
864797
864919
865493
865541
865546
865737
865847
865896
865900
866479
866531
866532
866636
866712
866747
866782
866877
866918
867151
867248
867271
867556
867580
867630
867776
867830
868028
868108
868141
868151
868228
868250
868277
868362
868385
868560
868845
868987
869061
869112
869120
869162
869308
869413
869432
869446
869458
869699
869750
869916
870097
870189
870217
870220
870281
870406
870412
870567
870577
870595
870632
870657
870851
870902
871116
871342
871404
871407
871764
871784
871813
871933
872273
872394
872452
872497
872535
872578
872608
872890
873061
873076
873091
873106
873114
873228
873555
873628
873740
873775
873870
873958
874196
874237
874397
874423
874589
874590
874662
874673
874737
874800
875068
875164
875395
876071
876133
876245
876296
876400
876404
876436
876592
876628
876805
876945
876957
877105
877152
877176
877384
877457
877476
877549
877818
877878
877906
878065
878115
878129
878182
878301
878319
878372
878432
878466
878483
878549
878597
878678
878768
878819
879070
879110
879241
879310
879505
879906
879934
879961
880025
880215
880439
880511
880600
880650
880683
880767
880781
880795
880854
881070
881084
881190
881193
881408
881471
881475
881485
881488
881503
881698
881727
881901
881937
882089
882151
882294
882511
882518
882597
882975
882985
883026
883139
883174
883187
883245
883351
883392
883407
883529
883786
883833
884363
884382
884395
884470
884543
884578
884960
884995
885206
885229
885391
885605
885606
885623
885990
886020
886170
886450
886631
886724
886731
886811
886917
886969
887065
887105
887164
887176
887277
887336
887409
887432
887483
887579
887660
887722
887724
887978
888350
888472
888528
888572
888595
888603
888768
888826
888843
888886
888923
889094
889329
889372
889374
889463
889480
889550
889727
889915
890032
890043
890109
890168
890356
890388
890402
890495
890516
890782
890793
890828
890861
890968
891140
891352
891460
891744
891826
892072
892147
892153
892529
892543
892544
892545
892804
892813
893083
893243
893426
893485
893641
893648
893732
893756
894028
894424
894450
894477
894643
894682
894687
894728
894838
894922
894959
894985
895085
895109
895227
895270
895390
895577
895686
895887
896025
896027
896137
896205
896230
896251
896398
896414
896421
896559
896583
896613
896729
896775
896779
896864
896938
896961
897124
897383
897413
897420
897477
897506
897511
897939
897960
898008
898034
898165
898244
898453
898472
898845
898875
898965
899125
899555
899585
899643
899711
899713
899774
899827
899839
899872
899903
899958
900180
900201
900321
900445
900531
900728
900912
900935
901028
901190
901201
901210
901313
901419
901554
901584
901596
901653
901682
901961
902044
902069
902129
902329
902344
902413
902524
902546
902665
902810
902855
902893
903002
903034
903105
903365
903472
903490
903567
903728
903786
903882
903932
904127
904153
904445
904571
904627
904681
904688
904689
904810
904827
904895
904941
905034
905171
905187
905364
905438
905923
905958
905985
906072
906248
906321
906351
906387
906427
906482
906557
906599
906671
906700
906722
906760
907190
907204
907445
907450
907502
907660
907732
907880
907899
907921
907980
908303
908321
908533
908619
908647
908677
908827
908875
909115
909124
909150
909226
909229
909242
909330
909342
909615
909638
909654
909957
910042
910150
910188
910426
910606
910898
910961
911092
911245
911506
911572
911665
911764
911769
911785
911871
911954
912027
912217
912305
912359
912442
912743
912768
913013
913087
913252
913313
913537
913545
913616
913644
913803
913847
913857
913917
913918
914076
914375
914404
914508
914736
914744
914834
914885
914897
914906
914932
914957
914979
915097
915158
915195
915206
915258
915343
915449
915531
915552
915595
915619
915707
915778
915815
915879
916017
916443
916485
916522
916576
916582
916600
916681
916763
916862
917014
917016
917124
917178
917256
917313
917381
917752
917804
917930
918071
918141
918306
918382
918520
918661
918682
918719
918854
919126
919530
919594
919705
919733
919756
919766
919886
919919
920066
920104
920407
920591
920629
920634
920857
920876
921006
921221
921392
921477
921570
921712
921757
921762
921818
922107
922233
922256
922654
922657
922747
922766
922802
922846
923040
923094
923226
923702
923922
924199
924366
924385
924389
924394
924419
924434
924654
924759
924763
924915
924933
925108
925184
925224
925254
925297
925336
925340
925476
925478
925574
925843
926084
926254
926278
926288
926389
926484
926624
927190
927341
927361
927411
927609
927677
927915
928029
928122
928337
928339
928351
928532
928579
928730
928751
928786
928819
928978
929117
929162
929275
929349
929490
929559
929628
929636
929708
930052
930171
930429
930513
930572
930634
930647
930675
930819
930866
931152
931202
931342
931585
931611
931754
931760
931766
931934
931940
931985
932091
932472
932481
932545
932627
932830
932953
932987
933019
933049
933435
933459
933492
933521
933642
933684
933849
933875
934007
934045
934086
934807
934821
934887
934894
934909
935009
935046
935237
935352
935502
935507
935585
935616
935779
935781
935821
935845
935887
935905
935918
935977
936017
936039
936097
936137
936174
936184
936186
936576
936581
936582
936603
936693
936717
936776
936791
936996
937122
937141
937164
937226
937282
937490
937494
937526
937679
937907
937918
938101
938207
938298
938325
938328
938526
938545
938794
938799
938979
939220
939248
939300
939475
939531
939680
939729
939863
939878
940011
940102
940124
940143
940318
940407
940540
940541
940644
940774
941259
941286
941292
941344
941487
941657
941770
941816
942007
942066
942229
942338
942376
942485
942521
942719
942794
942914
942918
943042
943234
943273
943369
943397
943451
943666
943849
943968
944022
944070
944187
944270
944320
944718
944744
944976
945165
945238
945260
945332
945348
945358
945446
945525
945527
945549
945584
945646
945699
945884
945993
946115
946289
946386
946638
946664
946868
946995
947026
947124
947250
947269
947386
947524
947532
947592
947885
948014
948030
948132
948142
948164
948371
948386
948476
948505
948816
948950
949140
949183
949204
949247
949280
949384
949399
949644
949680
950003
950164
950238
950576
950791
950914
951105
951134
951182
951239
951504
951619
951627
952022
952023
952024
952181
952278
952400
952467
952512
952803
952950
953158
953180
953200
953228
953252
953337
953422
953512
953540
953749
953927
953947
954006
954053
954163
954210
954229
954451
954701
954773
954820
954910
955024
955064
955066
955124
955125
955197
955262
955272
955396
955446
955581
955640
955768
956004
956113
956336
956561
956622
956635
956644
956777
956804
956942
957089
957199
957294
957301
957389
957493
957514
957558
957665
957750
957917
957939
958302
958382
958427
958487
958514
958649
958768
958843
958957
959082
959218
959254
959384
959671
959702
959740
959757
959831
959839
960072
960232
960236
960290
960743
960772
960818
960972
961080
961112
961197
961258
961454
961487
961619
961675
961721
961757
961827
961882
961902
961940
961993
962240
962408
962645
962735
962809
962813
962913
962943
962945
963011
963159
963390
963406
963559
963720
963751
963769
963799
963945
963994
964109
964262
964295
964337
964464
964694
964818
964875
964984
964997
965010
965193
965232
965324
965330
965575
965601
965628
965690
965830
965909
965966
965970
966009
966114
966288
966490
966546
966728
966730
966832
966900
967139
967155
967785
967829
967941
968050
968262
968292
968375
968464
968726
968886
968968
969127
969299
969366
969385
969584
969727
969758
969807
969850
969939
970134
970202
970384
970687
971188
971259
971328
971368
971374
971469
971531
971548
971612
972190
972252
972266
972396
972512
972678
972746
972806
972829
972923
972975
973022
973124
973187
973206
973235
973729
973733
973940
973998
974082
974152
974335
974458
974767
974974
974975
975215
975221
975445
975483
975549
975594
975700
975746
975777
976221
976262
976326
976396
976547
976550
976567
976854
976855
976940
977093
977103
977132
977137
977172
977200
977644
977668
977678
977682
977720
977874
978084
978117
978126
978250
978255
978297
978478
978624
978667
978680
978722
978798
978838
978947
979041
979106
979166
979308
979336
979407
979501
979550
979633
979645
979652
979868
979933
980025
980033
980057
980119
980332
980412
980499
980549
980614
980651
980724
980754
980819
980904
980935
980969
981028
981138
981177
981482
981745
981914
982061
982114
982141
982172
982242
982274
982320
982482
982503
982579
982748
982779
982808
982822
982912
982944
982983
983065
983080
983095
983215
983343
983545
983712
984053
984155
984616
984724
984858
984905
985037
985125
985240
985272
985434
985456
985509
985654
985660
985676
985861
986058
986181
986307
986408
986470
986617
986626
986731
986740
986909
987105
987143
987205
987330
987366
987419
987535
987587
987615
987892
988018
988135
988154
988200
988213
988263
988387
988441
988626
988698
989033
989131
989186
989632
989711
989781
989968
989992
990141
990294
990332
990389
990467
990469
990496
990550
990960
990985
991074
991130
991351
991375
991386
991391
991448
991536
991636
991662
991725
991766
991775
991926
991962
991986
992122
992372
992527
992675
992855
992877
992909
993010
993329
993372
993409
993565
993738
993883
993995
994008
994043
994088
994167
994352
994362
994423
994650
994702
994779
994804
994806
994901
995042
995136
995302
995422
995471
995692
995699
995764
995808
996038
996161
996332
996368
996412
996440
996513
996703
996787
996941
997315
997472
997599
997693
997761
997871
997935
998011
998085
998190
998209
998243
998391
998411
998416
998463
998467
998579
998645
998647
998713
998794
998816
998833
998928
999029
999239
999245
999246
999351
999396
999436
999520
999600
999634
999641
999757
999808
