1298
1870
2851
3266
4780
5701
6108
6601
8087
11959
12604
13096
13212
14269
14514
15153
16789
17220
18177
18563
19797
20620
22827
23778
24561
25253
26116
27735
28774
28923
30325
30780
35891
36445
37067
38482
39247
46117
47001
47091
51062
52054
52577
52820
52841
52987
56291
57392
57666
59863
60148
61115
62611
64619
64866
64867
65051
65079
66651
69601
70266
71614
72750
73195
73580
74879
75913
76199
76398
77821
82890
83108
83851
84295
85623
88065
88131
89370
90317
91196
92130
92155
92689
92736
93197
93207
95639
95680
95743
96159
100024
100568
100706
101257
101590
103276
106239
108800
108839
110053
111240
112639
113672
114658
115858
116515
116787
117812
120628
120885
120889
124928
125918
129331
129811
130092
131036
131962
133415
135718
135994
136122
136314
138521
139820
139969
140102
141575
142478
144105
144216
144544
146152
149342
150944
151346
152289
153545
154913
155556
155757
155827
156040
156446
156797
157564
157943
158535
159287
159518
160351
161730
162070
162300
162857
164604
164737
166976
167294
168570
168782
169193
169358
169931
170061
171106
174566
175801
176737
179907
184257
184330
184967
185352
187491
187814
188698
189038
189504
189655
189716
190241
190925
190939
191797
192610
193707
195009
196128
198556
198564
198798
199107
201301
204966
208164
209016
210683
211026
212404
212757
214036
215206
215266
216172
216967
218111
218477
219829
221593
222303
222674
223349
223648
225981
227459
227952
229451
229939
230623
230830
231590
232036
232286
232403
235333
235747
236153
240161
240279
241770
242851
243244
244620
246100
248874
249055
249085
250414
250447
251027
251577
252059
252322
252398
252700
253576
255612
256318
256820
256891
256949
257030
257586
259354
259610
260249
260999
261585
262491
262891
264372
264498
264723
265795
266133
266545
267399
269735
270947
272349
274085
274252
275108
276547
276762
277141
277242
279679
280614
280773
281905
283666
283866
285297
285368
286310
286747
286869
289596
289618
290086
290093
291767
293478
294375
294437
294518
295080
296403
298880
299391
299946
300717
300988
302008
302208
303030
305883
306552
306612
307284
308072
308109
308117
309054
309202
309822
309870
312451
313826
313985
314006
314256
314581
316743
318723
319101
319928
320090
321187
321620
321741
321945
323041
323110
324090
324172
324502
329203
331027
332861
334674
334970
335524
336936
337134
337775
339105
342046
342261
343040
345011
346709
348755
349560
349657
350372
351731
351895
353790
353833
355317
356850
358557
358560
358612
358883
359416
359496
359692
360461
362331
362566
362728
363271
363355
364086
364256
365698
366986
368881
369822
370346
372916
375175
376491
377302
378731
380281
381160
381415
383972
384360
384721
386962
387502
388405
388652
388761
390987
391349
392653
393942
394660
395501
396271
397118
397810
398538
400320
400348
400716
401753
402150
402556
405264
407706
408370
408979
412405
413100
413540
415755
416433
416729
417936
421331
421363
421390
421910
425832
428598
429679
430403
430503
430689
430728
432287
432561
432842
433106
433297
433335
433565
434208
434222
436919
437399
438667
439740
440088
440565
441352
441803
442346
442791
443226
444792
446676
447320
449794
453045
453382
453405
453652
453972
456006
456221
457195
458039
458627
460355
462053
463204
463658
463909
465346
467081
467452
468985
469742
469869
470731
470924
471214
483085
484058
484098
484599
484803
486902
487651
488068
488446
489964
491246
493001
493379
493984
494868
495364
498769
499085
504138
504509
505559
506339
506409
507540
511415
512340
512551
512855
514040
516580
516764
517382
517451
519947
523306
523332
524978
525584
525791
525970
528303
528755
533056
533960
534130
534233
534257
535006
536971
537579
537886
539110
539636
540242
543385
544763
545083
545134
545714
546396
546625
547352
547653
549338
549801
550297
552374
555854
556788
556850
557568
557680
559149
562155
562957
563105
564496
564560
564900
564919
564947
567846
568309
568846
571793
572172
572347
572563
573558
573878
574928
576589
578390
580173
581679
582951
585007
585704
586577
586703
587218
587481
587774
590283
593160
593830
594691
596264
596408
597501
597879
599605
601709
602888
603175
603202
604095
606281
606583
607321
607785
608138
608713
613526
614668
615615
615763
626486
626624
627306
627813
629146
629385
629565
630421
630594
630604
632684
632760
633751
634140
635707
636168
636233
636591
637039
637555
637920
638151
640233
644778
644955
647515
649766
651535
651612
652873
652986
653902
654011
654439
654889
655539
655631
655678
656190
657053
657231
659589
659857
661043
661053
663876
664856
664873
664956
665514
666149
666323
666605
666658
667246
667566
667680
668513
669601
670664
670898
671484
672800
675503
676342
680949
681836
683504
683648
683909
684439
685923
687697
687712
687883
689826
690514
690982
691736
691966
692090
692636
693380
693807
694374
695091
697417
697647
700046
700892
702165
702557
703090
703250
703544
704518
704951
705557
705813
706259
707589
708674
709197
709244
709359
710585
711836
712428
716838
717599
718980
719024
719175
719187
721264
722836
723587
724157
724168
724899
726697
727494
727605
728996
729533
732084
733274
734479
735095
737780
737945
738167
739758
740005
740398
742213
742734
742816
743660
744371
744901
744933
745592
746898
747760
750666
751115
751236
752694
753267
754321
755336
757798
758449
759864
760204
760264
760758
762152
762323
762382
766151
767135
768108
768842
768897
771601
771624
773737
774297
775819
776698
777536
782384
784063
785416
786410
789715
794947
795404
796866
797169
799538
802703
804527
807378
809236
809608
809965
811773
813078
813300
815138
815427
815715
816920
817814
817929
819312
819535
820035
822406
822887
823773
826076
826868
827768
828155
831177
832507
836504
838019
839364
839787
839860
840463
840711
841697
842201
842777
843822
845882
845898
846078
846462
846718
847480
849716
850797
851037
851517
852320
852924
853215
853311
856327
856343
856718
857079
857765
858303
858989
859427
862845
863345
864196
864301
864857
865140
865216
865592
865827
867685
868007
868076
868212
868812
869600
870227
871030
871354
872924
875580
875616
876686
879761
880178
880812
882395
883690
884952
884969
888168
888691
888775
889881
889963
889970
893270
895519
895711
895954
896305
897967
898403
899873
899918
899956
901958
902905
904126
904574
906213
906666
907572
907964
908704
909751
911507
911926
913021
913196
913813
914226
916797
917631
918053
921357
922205
924066
924423
924929
926552
927379
929553
930484
932449
932502
932952
933647
935111
936178
936985
938295
940034
940255
940515
941174
941289
942606
944660
945167
948814
949146
949709
950568
951964
952412
954458
955766
956321
956614
957703
957747
958527
960750
963483
964458
964959
965685
967321
968125
968454
968745
971116
972408
973322
974959
975049
976181
976736
977994
978313
978763
979036
979783
982285
983934
984135
985097
986195
988046
988551
988925
989389
990159
990458
994107
995105
996044
996276
996740
997140
997329
998873
999409
999629
