2352
4165
4498
5547
6003
6135
6476
7131
7143
7701
9071
9984
10457
16723
18182
18391
18812
20795
20839
21136
21818
22726
23513
23546
23926
23962
26116
26532
27019
27098
29295
29468
29652
31821
32155
33504
34009
35481
35589
35737
37385
38249
38470
38668
38914
41048
42781
44098
45201
46163
46261
46271
46892
47810
47829
48966
49442
52960
53206
59281
59515
60737
62788
64070
65237
65828
66187
66551
66812
68045
68970
70316
70691
71205
75124
75976
76099
76149
78026
78191
78345
79197
79947
81926
83290
86162
87679
89684
90612
91138
91565
95251
95521
95570
95604
96054
97061
98900
100981
103828
103944
105190
105403
105567
105706
108041
108183
108343
108538
108615
110833
110884
110974
111551
112149
112372
112416
112688
113055
113567
114115
114573
115332
115965
117935
118876
118887
120902
122128
125631
126006
126977
126999
127375
129173
130591
130619
130849
131470
134484
134558
134868
137059
137127
137433
138950
139740
141380
141998
142058
142261
142325
143009
143030
146373
147467
147662
147836
148865
149253
149340
149506
150037
151322
151723
152234
152658
153338
156564
157789
158515
158563
160523
160674
161613
164078
164416
164537
164834
165286
165370
166294
171259
172914
173428
174368
174577
175265
175679
176119
178470
179042
180076
181013
181056
183182
183749
184386
184898
185352
185820
186759
190060
195703
195968
197588
198271
199592
199908
200905
200994
204566
205825
207465
207730
208188
209278
213934
213993
215711
218157
218203
218403
218498
218693
218797
219900
220651
221153
223386
223747
224028
224924
225351
227406
228452
228738
232175
232790
233730
233933
234441
235218
235535
235900
235938
237972
238650
239800
240124
243185
244046
244363
245319
245767
247035
252315
253336
255066
255647
255876
256589
257173
257708
258966
259460
260297
261077
262788
264973
265103
265596
266733
267571
269021
269301
269453
270513
271370
272358
272674
273389
273832
274148
276042
276084
276268
278577
278590
279103
280393
282735
282888
283106
283823
283957
284015
284583
286250
288686
291877
291942
292902
293073
293980
296425
296842
298352
300077
301089
301629
303998
304185
306148
306336
309023
309064
311395
313143
313705
313986
314709
314724
317103
317493
318153
318729
319122
319284
322470
323291
325327
325869
327262
327379
328019
328279
329573
334416
337218
337550
339743
340733
341004
341099
341586
342571
344435
345409
346714
346976
348083
348394
349306
352003
352137
352426
352471
357292
357299
358697
359452
359569
359921
360364
360744
360764
360931
362016
362056
362515
364183
365529
365780
366259
366619
366634
367736
368784
369643
370092
371922
373678
373825
374456
376138
376658
378865
381974
382722
384580
385344
387954
388488
388770
389177
389436
389580
389890
390225
390679
392035
392661
392794
395225
395945
396125
398453
398457
399341
401940
403695
403871
404403
404693
406733
407135
407339
407727
407833
408243
409112
410012
410118
414997
415586
415721
416446
416534
416959
417300
418081
420519
422855
423199
425191
425399
425639
426610
427609
428156
429402
430659
431607
433237
434381
439273
440703
442697
442758
444003
444490
445581
447799
450134
450331
450336
450789
451216
452308
452529
453322
453786
453878
454746
455717
455777
456231
458757
461328
462089
462497
462551
462699
466020
466942
467524
467735
467990
468795
469587
470051
470975
471376
472887
473314
473647
474216
479290
483801
485681
486238
487047
487054
487400
487473
490083
490504
490808
491686
491696
495788
495789
497300
503395
504271
505600
506034
508873
510002
510153
510954
512740
513062
513725
513770
515912
515954
515958
518933
519158
519818
520688
521643
522145
524337
524535
525397
526245
526776
528673
528716
528890
529945
530933
531065
532223
532618
533975
535415
536494
539409
539869
542811
544018
544286
545380
546226
547284
547866
548136
549958
552163
553688
554240
556164
556311
557357
558305
559184
560081
560436
561023
561616
562459
562637
564495
565451
566033
566217
566350
568098
568280
570740
571014
571114
572020
573916
574397
574863
575810
578805
579290
580927
584266
586681
589298
590326
591180
593051
593413
595995
596818
597603
598748
598953
599598
599865
600012
600213
601817
603260
603459
603643
610968
613645
614289
615363
615675
615937
616070
616265
618024
618485
620186
622380
624216
624591
625024
626275
626904
628163
628826
628893
629164
629508
630237
631593
634469
637596
638973
641443
645212
645697
646621
647958
649730
649914
651119
651768
652557
654413
654941
655916
655974
656359
657264
659243
660495
661790
662652
663048
663853
665130
666026
670524
670850
671554
672371
672388
672583
672768
673209
674652
676793
678956
678957
679781
680616
681558
681658
681680
682952
683233
685822
685993
686058
686917
687688
688640
691766
692737
694395
695050
695514
697793
701743
702128
702317
705344
706233
708172
709091
709329
710597
713742
713940
715969
719347
721031
721840
722270
725878
725909
729407
731474
731667
731729
731962
733189
733392
735585
736199
737310
737829
738432
739338
739367
740154
740893
741240
741785
741856
742728
743216
743747
744275
744642
746278
747845
751484
752245
753060
753780
755009
757975
758937
759030
759605
761048
761304
762941
763755
765069
765350
765967
766301
767241
768662
770565
771337
771586
772164
772473
774839
775147
776142
776150
777748
778847
779515
779743
780150
780616
781056
782605
784178
785140
786104
787209
787909
788081
788561
788970
790792
791275
793110
793550
793563
793914
794149
798125
799753
801334
801495
801880
802067
802297
802690
803206
803592
803598
804446
805644
807215
807833
809516
809729
809951
811044
812045
813018
813555
814304
814437
815615
815851
816994
817931
818844
819090
819612
820085
820849
821266
823003
823201
824836
826278
826878
827398
828158
828969
832707
833394
833987
835268
836537
836940
838106
838683
839485
842896
843558
845804
845857
846029
846755
847787
848280
850827
851507
851574
853731
854461
856530
857114
857349
857474
858457
859182
859649
859746
860836
862361
865313
865928
867330
867939
869794
870167
870466
870762
871152
871867
873447
875926
876552
876576
877631
877869
877959
879550
879685
883727
884705
886549
887653
887806
889555
889925
892913
894524
894858
895411
895519
895739
896114
896183
896457
896660
898536
898594
900689
901518
901520
903492
904381
904944
905275
906839
908131
910824
911268
911416
912820
914144
914290
914952
915233
916448
916575
917628
918226
920003
921022
921319
921839
923275
923469
925816
926148
926438
926487
926566
926611
928277
929149
930096
931924
932320
933437
933772
935310
935353
936278
936782
937923
938659
938827
938916
940154
941378
942594
942659
943658
943991
944258
946215
946610
948112
948977
949622
949712
950739
950872
952238
956274
956690
956815
957066
960397
960639
961035
961193
962077
963130
964062
965289
965450
965480
966031
966486
967511
972241
974848
975925
976093
976247
977537
978982
982173
983734
985126
985334
986471
987621
988290
989607
989913
990038
990068
990095
991821
992141
992624
996427
996856
997510
997640
