298
456
657
2542
4362
4426
5510
7353
7891
9278
9357
10139
10648
11808
11992
12005
14081
15692
16512
16863
17801
19899
19942
20179
20204
20294
20700
21404
22091
22537
22786
23967
24607
26742
27528
28178
28246
28554
31315
32070
33688
38214
38500
38547
39212
39358
40100
41290
41874
42169
42470
42988
43540
44027
44549
45206
45339
45549
47781
49737
50552
52972
53440
53507
53547
53582
54238
54774
55374
55386
56820
57663
59603
60148
60625
61424
61847
63337
64133
65928
66515
66705
66912
67516
67679
69839
69984
70984
73823
74544
74678
75582
83101
84272
87433
90548
90825
91271
91423
91519
92757
93321
93787
94041
94790
96132
96411
97495
97850
98211
98230
98506
101556
103577
104450
105481
107483
109786
110608
110712
112841
113475
114517
114936
116091
116799
117333
118063
119487
119623
119951
120044
120310
121928
122430
122560
124271
124656
125179
127202
128787
130248
130277
133018
134733
134765
135196
138136
139789
140661
145637
145704
147989
148805
149164
149489
150044
152373
152843
153245
155040
155374
156453
156556
158129
158304
159802
160395
162313
162411
163295
163645
164046
167282
169183
170195
172202
173444
173530
173943
177882
179046
181283
181329
181533
183312
183704
185666
188018
192082
193926
194559
195948
196009
197774
199885
201438
201625
201809
201935
201960
202850
203590
204092
204660
206777
207722
207730
207744
208018
208020
209124
211522
211936
213439
213445
214531
215577
217093
218095
218963
219685
219981
220913
221191
221730
222235
222399
222639
223484
223570
224721
225288
225861
226012
226517
227844
230390
233652
233876
234948
235255
235843
236980
237481
238610
239987
240792
241200
242637
243133
243944
244519
245082
245191
245762
246136
246433
247377
247600
247639
248066
249559
249991
250030
251133
251682
255629
256398
256917
257154
258379
258621
259824
259904
259976
261790
262213
262394
262888
264124
265722
266617
268253
268895
269205
273482
274731
275048
275826
275989
276339
276780
276855
279232
279850
279869
279899
280488
280491
282824
285383
286039
286117
287607
287779
288259
288331
288498
289225
290163
291063
291979
292918
293247
293250
294992
295213
297152
299538
299733
302711
303324
303739
303836
304369
305364
306087
306098
306239
307314
309648
310365
311240
312531
317357
317962
319282
320330
320482
321085
322868
323442
324344
326123
326640
326729
327875
328038
329136
329240
330186
331129
332092
332382
332691
335069
336906
337601
338488
341515
341770
342118
342119
342889
344258
345940
347911
348599
349222
349639
349700
350747
351377
353234
357821
358014
358185
359985
360386
361722
363385
364044
364910
364939
366381
367601
367721
370705
371866
372890
372915
373121
373283
373287
373914
374171
374737
375221
375756
376868
378233
378389
382529
384629
386124
386272
386937
387795
388772
389149
390231
394051
394908
395248
395349
395628
396742
396815
402168
402280
403014
403262
407427
408546
409381
409678
409729
411275
411278
412677
414450
416172
421153
421492
424456
424668
426885
427033
427851
428708
430231
430430
430770
433402
433804
434751
435278
436787
439826
440068
440567
441099
444770
444966
446158
446621
448366
448515
453361
454404
454497
455766
456475
456953
459221
459331
461713
462670
462908
463445
463959
465062
465705
468071
468588
469022
469652
470271
470448
470704
470755
470877
474201
475185
475766
475897
476012
476919
477584
478115
478215
478866
479541
480165
482119
483449
483895
485899
485960
487677
490241
491955
492684
495444
496247
496556
497564
497639
500956
501641
502712
502870
503072
506588
507417
507477
507623
510340
510778
512338
512551
514793
517494
518174
519396
521532
524528
525879
526087
527304
528565
528992
529063
529746
531590
536959
538488
539169
542717
543720
543807
545442
546046
549236
549441
550976
553392
553590
554228
554933
555052
556055
556114
556643
559003
559342
560553
561407
561818
564464
565814
566727
569439
570107
570110
570279
571973
572491
574520
574986
575815
576070
577234
578361
579640
580523
580779
580971
585541
585891
586151
587773
587798
590500
590959
591162
592380
592430
592690
593056
594476
594502
594781
595065
595577
595861
596715
598811
602597
602770
603429
604572
604712
605988
608159
608442
608891
609234
609889
610591
613814
615041
615225
615607
616000
616367
618679
619316
619704
620718
621035
621615
621822
624547
625420
625533
626733
627221
628335
629172
630520
630794
631044
632907
633959
635460
636194
636505
637227
638508
638667
639378
639463
640098
640406
640508
641680
643081
644004
644009
645032
647305
647980
648205
650302
651956
656141
660554
661557
662847
663883
664532
665243
665666
666873
666929
669459
669696
669837
670848
672481
673556
674614
677334
677701
679336
681883
683410
684176
686454
686584
687868
687903
688184
688492
688854
690257
691462
692211
692839
693056
694148
695694
696888
699128
701489
702869
703504
704440
705293
705371
705507
706611
711313
711537
711999
714071
714770
715007
719158
719304
720866
720973
723327
723472
723525
724648
726249
726261
729135
730703
732885
733049
733907
735478
736935
737253
737291
739233
739460
739497
740295
741394
742171
743995
745334
745984
746686
747831
748989
749293
750371
754160
754756
754790
755880
757536
757546
757729
760499
760572
760670
760928
762252
764804
767012
767943
769692
769740
770490
771300
771529
772451
772928
774810
775766
775937
776460
777106
777185
777518
779285
781221
781435
781849
783137
784869
787280
787642
787947
789729
792030
792330
796083
797113
797538
797856
797951
797961
799908
800187
801893
803440
805051
806108
806219
806461
806767
808103
808447
808599
809819
812365
813421
814051
815096
816906
817204
817575
818361
818876
818877
820653
822602
823812
824349
824914
827341
827638
828457
829050
829401
829516
829757
830196
830614
830732
831909
831978
832165
833155
833795
835056
835425
835775
835787
836385
836739
837233
839878
840092
840916
841359
841811
843238
843987
844605
845419
845432
845607
847328
847767
848322
849156
849611
850977
851380
852044
852405
852460
853568
853805
854262
855890
856323
856936
858744
861808
862506
863357
863506
863573
864044
864603
865252
865393
865747
867303
868148
868289
874980
875729
876256
877632
878112
878325
878547
879202
879935
882411
884170
884300
884565
885554
885936
886977
887612
887697
888624
890372
891163
891839
895300
896791
898748
899526
899999
901162
901494
901824
903041
905068
905288
906910
907678
909873
910665
912125
912828
913594
914439
914557
915198
915681
916672
916928
918513
920222
920647
922238
923027
923434
924242
927239
927807
928526
929828
930759
931144
933032
934465
934549
935725
936123
936856
940896
941098
941850
942244
945557
945774
946488
947334
952750
953107
954657
956033
957289
958450
960437
961012
962299
962891
965201
965539
970332
971649
973052
973512
974873
975335
975731
976038
976587
978825
979101
979557
981238
982255
983070
983765
984000
985034
986346
987106
988041
988757
989076
989924
990519
991275
992271
993066
995502
995799
995936
996647
998429
999475
