90269
456197
154686
187123
612654
542046
648558
901554
629596
643697
596766
114832
732131
908443
938907
625006
686675
807632
560625
86668
291834
636893
93821
484091
498803
40822
315780
862199
994416
683881
414990
84685
654282
569675
786012
266936
111721
434570
682694
255522
78267
279460
370353
324602
702107
823464
463812
902986
631096
538641
989653
922929
175534
597678
921224
188542
152705
237004
50741
147121
435089
979934
231805
89371
549609
17817
870510
175535
966590
553204
431056
559061
346868
315613
883663
563180
139077
861679
466166
770172
400321
970024
693101
90059
567702
614325
792804
720406
851329
357750
381731
800622
337684
127741
889993
887293
659761
274708
577032
626352
827912
8088
185413
174780
323700
583280
252164
462776
959164
718330
747152
359485
688354
440253
963747
770260
568782
756552
4872
934315
114302
386602
734938
966189
514342
624931
853482
174104
899638
430514
314660
241755
952805
14277
930739
276505
597557
182903
253485
556721
901232
637
430410
103791
955093
908361
874051
523876
179118
878922
458191
807623
265524
193129
773813
294071
332264
627295
982378
746107
572014
811242
987861
524819
825518
432805
315529
937279
615708
83218
8205
31145
598059
952818
134936
553152
861180
8987
591232
40298
402113
49424
362126
181841
756756
135939
475911
603225
277438
972493
349332
363656
783735
851397
402680
609254
284203
232413
60738
899910
315630
68943
931054
427893
21761
580194
981045
397145
589180
86482
437443
991292
135905
313773
173134
406866
449711
163249
10091
241353
649947
873626
605009
433682
725023
521893
557140
9226
754305
617878
423340
584139
201025
868599
12033
222785
448793
507282
619930
37974
593763
571577
543470
243873
399554
230808
650738
363469
908261
175033
604821
558208
48659
724034
506094
287886
245927
63235
297112
514436
195317
720451
98576
396341
589050
110608
133330
552048
617889
267464
104226
211652
353245
647695
455524
752798
392708
620466
116267
815173
795498
235293
887585
358361
959326
393679
646247
719458
971117
457563
233894
166434
692218
332469
76979
795473
443076
724513
347521
60965
991976
451746
786821
859426
613645
242345
612224
520557
862811
242696
335730
172514
477988
223315
45080
437314
616994
691326
670976
588111
148889
904870
268750
841106
751543
859932
636579
194620
584445
984099
769788
90627
950049
556609
950052
563695
313159
76481
84252
690174
319176
934186
376892
797163
157501
421971
748682
288699
113297
419658
391015
776389
838732
659764
617496
590276
519696
768279
299100
618346
266584
68888
708972
216633
139702
659024
294532
452860
735504
378784
657238
568885
827174
34130
366048
984674
456101
114730
787578
83602
48593
178593
859991
887324
352561
991691
991804
386461
759970
290904
4807
540758
359792
227983
271596
13698
401211
566127
980761
136716
459115
637999
219805
286289
672128
585852
270964
642433
214787
572746
726035
263379
751338
586026
664907
103899
577717
656712
4564
851891
947615
9371
392650
821611
237353
664245
835308
638564
744576
816069
289484
203692
454068
509288
489980
640401
609344
275148
797038
824130
847893
523073
601713
113436
623303
780825
731538
715224
437537
736102
567116
899356
259677
473970
720968
11234
652419
70481
164002
911199
886550
967689
114891
854822
476977
119076
9428
600526
394223
806466
938860
756321
329539
540574
383961
467047
321399
115500
182271
273140
365806
263591
686700
625482
737560
407668
636715
904183
992353
800717
815383
878903
768406
444478
247930
759588
563553
771562
874318
471981
578028
813178
228302
421771
867956
612262
888817
703559
241966
71089
976698
607771
334679
663399
233253
586444
585271
384173
4832
577624
184890
334419
970731
467500
778897
732866
741292
342450
504428
615610
814430
596660
428789
556936
18431
296745
683403
421453
305
925368
6746
491207
533140
855628
668810
280597
956276
768286
664769
961108
345910
363863
295527
830846
345568
588628
77917
86860
445283
582344
702470
259713
693208
645463
330854
711638
942207
14257
133091
456716
939624
654040
947923
986968
509669
130938
781770
465945
899223
446539
427053
759338
810402
236785
590184
155970
339617
182305
757033
784899
764648
459503
558817
972060
104966
889670
683698
561378
903926
330994
532298
357755
985033
480221
858928
8907
125364
640698
474852
24587
601441
416109
783924
926047
167098
888312
596221
506715
70617
353255
291614
349469
326962
850430
321529
946132
254305
519432
507510
672435
364630
39808
544395
863867
34234
403323
872774
673801
558225
347626
698387
159666
763734
482312
85714
445037
884828
681934
951751
955445
549393
243365
819118
876355
608000
140648
822487
862304
174284
844201
534740
538913
398213
79135
402780
432446
996661
275554
620451
554886
137384
318839
228756
415323
315355
828673
860359
200183
24813
812110
669832
574205
569679
488951
450560
691883
143803
273047
554188
832290
117248
603132
371203
515461
196471
773982
462111
193132
563741
82563
262222
701124
915605
5182
116447
230960
833855
491010
945346
858667
303120
129384
432872
387004
132539
397637
78887
790545
670683
147279
622835
302136
750410
994037
331801
946880
282224
308116
654216
845964
904882
430642
61294
820487
435824
691944
565651
269679
182955
510998
642550
486074
154586
589626
387282
287124
987262
466169
77669
172151
613447
700503
988490
878062
208745
320291
339147
490968
142611
507568
851137
47494
938209
912430
382185
888237
604374
462041
157916
787328
487243
314670
787607
641828
904296
174889
928951
891558
155262
6620
577913
282914
221327
566403
160976
430071
400898
14327
435243
543509
521894
286380
105207
974308
198810
1596
862545
317389
463636
534666
618921
950878
849335
406528
592706
267836
95622
35862
673599
250883
556685
251512
533796
778011
332120
208976
722286
733017
737507
157530
790730
773605
443909
410141
747913
156924
411737
610459
474312
389577
659329
93233
340456
22869
13966
447366
290705
109587
997432
964303
874673
554117
730019
408470
332129
62139
131650
568619
795156
869156
726148
100091
156967
684262
510232
904879
841185
436173
29543
829701
339954
688871
437138
194614
711740
451103
641980
516649
560689
153617
480952
435363
707733
725175
358037
554066
787314
3891
122686
96675
387252
848833
196765
544218
533095
221201
963301
888484
171578
992844
718185
511532
195920
155324
220350
421864
120631
862329
938512
681320
530150
933668
630887
237884
658844
503128
791949
960362
21223
914634
57037
408474
277673
768005
466896
324972
503411
430198
727661
674988
937246
445846
700724
133166
115374
921074
69235
236005
297608
7747
431529
827758
455620
576620
579846
114464
593952
371795
74826
615174
800634
646066
537853
592511
414071
518953
431687
917481
949150
159348
106675
400601
119399
321603
47972
748976
756881
117206
499185
568694
639156
444918
396452
94776
21538
976297
723443
129694
862296
312473
259073
177135
958538
311130
769645
886814
830082
201333
804295
293438
874884
425174
694038
994282
260982
256214
743259
17863
373419
242444
586556
12576
687362
497212
621555
223104
987713
344999
867002
850010
657471
126075
27145
130215
437204
310995
17029
781490
512327
335528
74928
387211
760702
283171
895698
535888
539384
153162
67955
427008
909809
654511
953787
111376
665927
575342
848684
653641
434545
715686
17856
92017
355965
45000
736435
793168
355994
753463
88863
382525
88991
677995
283941
363897
961165
693843
899784
14754
847004
967739
955965
271018
136455
909752
382394
802381
485095
231078
970226
919639
460968
988081
525860
816932
547286
262295
124305
417484
529962
213167
314214
618953
891161
112359
497054
366531
806201
911043
895489
167410
392987
851454
438427
529441
761207
820820
846026
760506
566102
330458
194350
27070
318539
720210
844001
380029
496709
968305
797513
540876
181473
625931
674033
586838
738289
171087
953369
544490
82130
848858
711899
475116
700312
150326
518761
975723
485351
878992
736229
51453
209450
930579
78523
42193
164994
922523
422222
175907
890829
733939
716782
586506
359870
390815
173344
98159
76107
126713
642648
158236
489775
868751
147557
704292
19077
180522
680015
504427
59514
416245
555880
783167
861028
148607
825360
26022
71130
761786
716132
476163
9930
432915
62669
369799
823729
750217
982161
899835
391134
624809
572276
880909
7765
234037
99406
541045
414558
779420
45473
988276
709869
115557
771443
85102
778367
111008
111123
849496
386998
827255
839864
396927
774374
902532
280930
112308
166954
263091
526348
558088
402104
98624
953201
409868
846864
52607
950913
775626
832026
510590
763902
56101
140351
49551
141202
918717
674762
766529
282418
61761
107989
122282
972891
882362
539019
253822
994669
705972
516912
521017
778264
919016
133845
731465
843088
494913
784071
794001
270540
130303
818795
34442
186403
959145
598196
841808
392067
272959
608337
674485
848923
716325
310971
821814
598687
849989
589840
107562
70167
620957
142783
848430
54178
790832
579896
897265
285745
363967
205472
556284
8474
24267
104931
194876
497617
703126
36685
889683
490289
645021
78373
339212
875551
389344
675231
988442
753537
779275
96004
823703
400232
238787
186339
454409
29619
766234
865879
829567
644405
71351
385852
652879
609821
490782
361959
621642
708112
912847
511326
198402
72074
103903
537613
947624
7451
727048
936066
760988
506324
32071
98896
420760
785061
799438
389374
328884
79877
255253
158451
238487
840807
544302
891365
964832
549288
767528
586475
257401
680376
612005
970006
752449
715907
21824
700073
723358
748872
150344
998550
769400
696618
611650
190160
481679
925293
579533
810562
5170
348990
483218
243656
189797
27520
649225
154630
91013
416754
741104
862617
611334
353109
832623
363783
583220
854446
578060
820782
117523
242608
333537
886922
939226
945187
77083
935109
870480
170820
259877
389854
519810
743094
633510
709606
284818
796939
378440
375830
213693
119544
752651
339231
986856
585274
703013
570077
953925
795277
390859
71448
37886
724396
958370
491316
183788
549657
426425
568472
720476
200506
958325
240286
943599
106040
464097
228418
902979
842536
118452
630876
476285
871103
970107
463141
970581
187325
547422
924506
982602
452486
995954
534692
176882
468529
540212
874873
18186
966636
443345
252866
167143
915874
493152
624946
21915
471453
367568
439098
313989
225
69974
304478
385532
40081
767619
356113
227406
829245
794824
724212
281731
304983
773108
972816
773511
313320
847689
305901
794160
805238
558766
475507
721113
566122
100454
257232
551779
468021
696329
865768
982449
280507
684450
367981
320588
452069
724094
62198
795519
518918
300614
77250
338105
73722
50067
111616
901245
897755
931720
695405
217199
4691
170913
452516
85018
785570
709747
636796
767795
920280
16769
750245
200787
701219
118226
35579
153288
356524
611980
463011
389646
912593
540261
727750
986314
590327
353570
887559
2287
285290
97170
219485
289981
268082
186205
374998
567856
895951
11794
335651
330436
542767
85896
45428
243986
204122
595210
911477
74850
207191
374489
464496
119784
914749
192246
620303
19281
545816
22067
21567
345310
119236
755256
149495
901521
941460
38697
469377
351617
564695
805028
196257
107462
405128
241684
351447
123454
836894
262924
198304
558289
637412
662799
678072
552161
369249
812579
571441
915064
348851
107213
774579
468086
376673
924073
883812
318133
962770
867393
183954
527465
186626
380211
634926
591754
136099
986372
229412
487197
249296
427715
45486
400913
604718
237763
467278
973967
50342
38720
403236
399192
660136
177815
381483
36809
101889
265295
869145
578863
646892
53100
106328
833518
947514
741253
939476
83613
241830
168888
570810
491125
110808
616295
406242
229730
368262
873520
717901
418604
426444
121138
817795
86580
813156
713482
123388
429249
492981
506737
8112
139874
559836
628643
487596
507350
369896
427072
105168
611725
110164
675977
617055
220971
806476
537501
450701
688943
411021
168602
107547
837464
803943
439546
924043
131305
153029
561635
560553
160214
68373
82870
300087
142413
711512
787682
163968
81409
728958
269135
207338
839122
459316
338597
60093
779996
876098
24998
468939
801323
707804
576485
638788
511747
530236
77036
157256
197469
638671
717809
357682
221248
800678
657769
877864
512190
959655
41832
107803
688614
310966
829345
527736
284486
682146
102033
64483
72449
641235
47626
873772
349039
138316
512560
374990
668551
589595
532246
866019
742470
764259
737905
477922
564937
909878
355787
591331
869534
397618
699134
72353
222789
42684
600088
507274
724829
216325
85961
797278
857559
133587
671050
720802
271902
697814
95793
454657
287409
142243
834880
544084
906501
572785
22006
471438
482664
377792
576973
352198
775410
790311
424550
512403
832994
538842
19677
557824
269371
105638
869306
126931
753428
540356
847732
25330
238170
457729
994190
39783
599971
829070
98071
20677
401855
120077
6319
398723
497868
583292
265125
787482
373603
203879
814089
742720
833766
278626
526296
453608
662136
653226
207036
716696
15163
746569
469070
987096
254964
508852
587067
84034
606923
121949
93
241204
128267
398816
253276
711558
663940
554963
599366
382024
369052
320168
638948
202818
112998
165244
170630
775133
818469
891869
491829
347837
152643
960898
334933
407606
983954
436204
491639
105082
558152
5937
346285
686419
404752
599561
912181
582896
154524
511547
964919
523575
345919
118073
240598
458916
283316
925431
748253
615990
817301
240082
963826
484148
715184
298759
891754
699139
734962
897597
804220
807319
903533
664710
493738
822489
264271
920123
405386
932998
945875
884509
970777
291794
2582
725579
264915
800102
651011
13168
416092
982516
253250
379918
980868
968433
192881
872622
181777
442047
770220
985997
249366
673753
650707
257308
496243
429182
177432
415833
362180
123307
814546
847161
929304
331333
572741
194219
131435
737956
207387
547526
234677
974840
441648
215545
943273
634528
88168
125051
76575
372592
625252
325941
560549
790163
97453
570996
219345
274884
501033
95729
912394
315580
457094
355904
161117
29835
550122
806755
281995
271713
354281
516671
246553
310133
732216
189827
944660
334588
829081
535439
707179
454333
375584
781932
758700
473037
352929
492249
262125
853961
102182
174520
683745
559275
530423
359066
589110
594749
165821
385309
866462
520101
901980
113015
344438
148401
817045
289098
482988
646126
824537
704371
614663
200121
508
887567
187362
353436
379816
449487
721602
481997
138211
919551
41273
182838
278618
144587
777586
444438
529895
644048
478744
946079
271268
823181
94480
88313
626484
91672
248644
451021
310247
377511
165346
310755
265079
866912
178395
644894
316399
899996
126892
454609
819548
168164
637446
98166
826954
415032
542603
356849
573285
21347
817133
358757
358733
911612
961273
985216
517489
209917
950441
827735
587428
629991
138490
366711
496903
316885
11605
813301
731085
138496
782114
550633
820863
419560
163003
162022
348797
219811
33076
436286
755361
850208
309247
114094
276025
270520
613514
793513
994641
563955
621249
582069
193947
273943
948779
205054
105032
474588
532560
836117
127289
314674
900954
462356
248439
578162
624378
111440
797972
657453
61930
67538
21866
371176
181632
297890
641695
795145
91404
636336
873305
712652
732609
581456
500799
195593
786509
605831
670181
319069
956152
311674
147948
371311
774029
396386
949472
398407
22030
261649
570064
83959
329187
591929
455134
510818
404024
96829
820167
495427
247370
207677
722283
494183
789132
223082
689776
89847
343117
874161
923119
813473
185835
71067
184785
959863
981656
134257
872475
3686
395906
956743
87644
725092
62878
542777
750114
466901
153811
84486
962327
915384
292163
198815
409567
595499
936100
613547
685345
279218
487708
608465
92691
187747
193736
791679
661815
175393
925936
534290
693282
836046
5238
780926
75343
582319
837907
339661
49220
505922
938350
525751
421306
744717
724565
345078
340217
660666
958624
539766
454088
960537
662435
60983
148284
856171
852662
810098
545768
292803
858592
239050
643053
863830
534180
718395
960353
372088
572260
9574
392214
510610
49529
813520
255328
774094
158598
109749
948964
631426
163719
917256
591963
826154
978238
740247
196530
830900
550345
256502
637907
923142
9756
280960
301177
543936
999354
261530
430228
85819
271103
822441
596429
834836
150166
365961
608930
822967
989913
72099
454394
153632
989354
46357
493990
481797
300808
690519
826902
365358
461225
464809
288500
470981
745769
589676
14917
259328
365410
959348
859351
150718
295994
455780
985553
446160
335945
108688
269127
325858
180786
237725
993693
684344
284082
487684
680345
99094
692407
507247
464451
153633
486261
752950
624613
746234
856830
153734
519766
222241
113082
379117
887162
923279
349101
872715
369439
685045
981402
152771
525107
676392
904699
518801
874940
702985
520689
555285
802079
213096
576737
266530
880932
62998
533685
19750
323436
390515
173483
843201
126960
800768
222319
14122
724048
571419
401041
607691
770669
382443
274666
295776
573039
179366
328781
447979
882350
849469
517469
684429
576770
94206
465164
457702
671407
998848
477452
994842
903567
165139
838043
544732
965907
574566
558853
204160
145986
959894
326055
916654
856541
600721
726634
429581
294291
55416
391764
176641
419089
423437
375275
995858
517642
354643
453561
703253
353491
445217
212300
771262
610355
50344
315994
90467
139114
389052
808830
799303
863150
134886
230162
719691
249811
956796
663476
544101
526416
569445
234946
945504
992881
124425
941363
24729
479067
909128
727981
346762
868549
940281
118025
478904
504829
434018
83576
158147
337274
892405
957450
200424
541495
187612
434320
791305
144408
97796
849610
185028
181445
598761
130533
174327
723185
586100
713259
716457
9433
955444
63219
877981
895725
695447
871089
914758
129466
954664
72906
980943
361275
544560
181368
902769
732171
615687
208280
390784
227687
572094
575811
409132
170855
220548
97663
894040
806647
325126
610497
816079
280570
187920
208265
690500
883367
79355
119463
527037
548223
192368
507980
909497
251132
689347
326472
983303
819238
48956
374087
46926
621049
464102
970261
791904
684650
582128
200149
5502
907253
810645
335786
702027
512769
544050
392527
396136
137609
511990
923172
685832
218562
945357
595329
469694
634704
436005
452997
968147
484960
341288
529277
106010
805389
13743
412118
4244
595870
612266
9746
17328
937115
345531
233559
449884
889580
626086
846020
27190
652280
283397
227226
870841
228754
336759
854739
377663
772764
307736
345810
257724
163228
875086
877937
482822
888828
290055
487065
998902
902320
496810
530434
839435
842340
278197
289320
731921
904282
649544
273315
556562
447145
500540
941608
675899
837298
796347
53562
124267
618288
913575
381991
781515
302866
774132
264337
705898
64188
265607
219005
480712
762416
263643
834352
604757
541839
637876
850882
446122
287420
638401
516888
734564
138941
972700
924667
490443
769048
492433
614710
901540
406008
510905
197260
708873
285037
975801
414771
863428
241408
147980
858345
3824
411622
692697
122785
953461
330573
973666
913787
132197
126272
430675
380965
265212
917580
305633
269860
686628
312270
398774
102373
718278
909678
299632
941355
708919
275433
870331
86553
516840
18311
944897
520664
429933
151799
157653
897598
996575
131320
811385
128772
257591
756264
23941
37008
673844
843777
821071
874676
156048
219845
977048
388530
643727
276681
329885
352646
552113
714420
953402
583158
732731
412504
103822
676868
564302
775678
574466
560877
906997
385851
203853
678793
656319
741998
230005
330164
585775
51076
204840
256027
785124
181889
644556
428851
972773
488646
295701
39091
717270
249104
622248
964205
661607
240274
641073
740114
15953
729743
300991
437154
629798
19049
115947
286118
275251
860155
616281
861025
425435
335325
631257
210559
517213
790017
639409
4191
792867
449315
43282
510138
698418
665529
474343
360025
905803
629621
100139
921755
359364
915334
873113
989162
448587
989060
275280
723837
363420
405765
99067
788855
741089
730323
513618
772507
34546
667232
776697
827412
116547
334183
337550
814964
999712
326098
689193
419720
955718
303537
855679
315082
218871
728792
818448
181662
232057
607932
905498
595477
13697
4565
898536
268991
249093
412154
41498
283638
79386
332399
625254
195932
666582
477009
525100
180499
803106
214294
600218
758824
32035
970101
588110
250905
698893
406559
432566
930950
528695
852268
40632
542392
371037
939167
811382
620129
865525
367084
417971
944911
213687
43226
655047
880268
520234
694352
574971
837544
422850
689393
596368
454884
659494
698682
219993
872592
619445
652558
317747
148141
19031
358378
690532
390067
811749
16119
10197
677274
897406
942371
136390
111093
985596
305642
505566
20035
999993
80537
857578
422843
769930
968150
391931
943628
666833
611923
816220
286278
778685
648171
434418
797715
520753
639154
187782
332502
169477
712182
523981
66883
654554
660370
692180
154355
966011
197746
688594
480209
792486
546172
417256
76621
28528
809186
20250
695360
421109
350674
495842
199794
513050
444465
997508
33803
597823
699495
366305
767300
925881
404490
348387
94640
64860
40567
248995
545076
752516
451793
539489
545003
512169
956745
621623
540696
765931
156077
750260
701245
20956
760307
901038
534005
204772
412752
567807
802594
626451
448316
84099
552332
852805
432486
646972
431870
987256
410171
491150
253978
376168
30639
798980
888336
987383
934807
943237
267520
605089
693497
968764
140249
453804
384007
674253
172780
310963
489579
451618
718785
573677
3951
571590
520367
165127
3460
21829
89502
494609
275806
465669
39453
74786
868209
26836
523797
811446
808559
643090
19149
777323
783338
987156
675535
457591
159937
986497
728060
649515
438116
446845
223192
956270
532639
257764
635601
50304
279592
239307
59117
555397
219180
98569
144387
87389
639609
668183
413040
448168
311274
432188
225492
94612
419344
415231
66408
93485
401728
308672
742999
354048
755516
480396
824522
802359
738159
460123
531955
213634
911779
87352
432813
10348
231738
34407
649956
414125
447446
98125
725398
393838
837820
334215
813181
253051
914826
906666
168983
737702
163870
523031
7423
644265
861757
809781
896628
836085
662444
428583
49719
574223
30139
482532
98775
261876
31143
262936
676001
478588
361060
915603
872425
713084
764022
199811
480339
193053
620681
649321
930754
784551
686556
938176
943020
548314
747958
353854
384399
924606
296641
948321
498829
326780
945057
111808
588655
976199
374743
778860
454787
250007
208669
841416
963090
486895
41228
443429
679948
661908
606955
610702
960663
293511
63084
903684
841824
325246
257538
740427
249852
554178
688749
262885
395162
633806
374692
983817
610006
749435
276882
578997
513646
999754
420414
990941
486650
461641
948574
166598
637753
555529
291504
598417
849040
354587
16306
205069
679832
788047
459701
929683
856429
662654
192568
251592
296460
81465
749613
420670
345104
26495
513872
858749
26250
448490
849690
27104
910130
798265
193701
62088
353794
999408
660504
717038
353996
191014
436312
548032
979060
896012
991920
835490
558666
698692
601286
369330
780156
350899
304205
639464
891597
818076
498214
917846
266566
862108
459154
690900
174578
652854
267192
42577
652263
441901
759614
520463
632914
710130
582699
611975
606142
88824
961669
679012
787516
562955
48343
81877
913853
866751
721341
319655
199032
733759
751706
979801
110072
210860
184906
284650
863714
452097
327226
30182
893997
601044
64849
41117
311175
647547
167296
917316
250576
128965
110534
38092
206124
158876
634172
634181
539831
869717
953835
738862
117681
705541
718663
227753
916401
903568
512402
294320
869869
353832
838705
763867
954875
903553
319188
266050
65305
486483
697571
315880
615447
808104
868175
335775
481184
16553
969955
21015
886269
437995
274081
518155
143537
992743
745907
574142
410516
772513
868461
794589
126345
221371
72661
595424
124924
391848
861474
704432
878330
73250
534517
7982
395558
916896
343756
876741
933448
827915
411960
333923
265911
686040
852077
409447
192988
597984
497793
117708
884701
366254
912296
11046
587624
499162
120674
226752
891009
982147
445388
769340
569601
979904
291526
965158
896801
635282
356104
344454
463197
768063
678376
243312
454103
530453
652758
161295
642641
150551
279002
527342
31009
705503
52592
132837
204665
173266
873792
609878
669617
319181
379218
753423
813289
184949
718581
224295
820230
74686
568749
797631
842748
247125
40944
811056
291783
207906
486555
934423
872661
279762
975970
417874
499469
542766
550711
704133
230236
938707
314011
414058
772092
207434
167481
585382
392382
886061
323881
726816
474951
892629
524447
831904
139755
79595
157165
945741
287501
643719
880164
160162
923480
370339
92240
422949
913105
642950
641286
657545
95863
469502
71603
867954
191140
239083
967540
583521
639349
291422
824541
114300
184051
863192
946203
838009
942787
103368
783750
744492
261292
178120
418858
184772
62663
511097
121926
975767
668252
277416
147518
764114
746917
219120
146273
938056
458203
113814
35782
97552
405235
860322
726055
103490
723515
186464
455704
180507
289831
753658
924998
65327
445982
343856
764303
508645
854952
886228
998616
37409
163644
146134
801522
424766
365254
947795
362822
337661
575813
912808
949416
495252
773130
675471
598741
10850
861934
568649
705560
665970
836512
630558
731296
282494
488618
495599
305343
857775
896031
303960
895183
573880
964297
696706
998645
843755
158706
875671
695620
734518
302684
645036
229770
590019
834712
342715
600868
210851
425569
306429
391025
262081
451191
636526
58779
939809
646329
364122
311789
542361
182286
206972
630445
146583
417882
143295
504543
90792
533170
200163
825309
835854
359404
569283
425873
708320
426203
540945
433375
851771
847373
824400
113852
812769
975130
686834
266783
621459
50956
578571
678024
747445
299747
308469
894028
717629
965967
912775
808420
499138
627142
147935
334992
986545
717217
275069
209070
143420
816013
642445
509395
177592
981049
623246
990360
956179
824285
257143
91843
875240
349918
769867
622686
649664
592540
30919
367293
558508
457898
689918
571850
85040
837852
421046
585790
69274
696114
794859
726898
512127
437304
236293
689718
932557
373744
194283
888736
198029
451425
980579
587473
315547
264651
724363
965211
371395
755281
846708
929902
727383
536626
15957
812423
888682
437002
472161
133116
707276
713263
159448
144581
949555
363370
591342
837503
557653
480079
35532
523282
974862
137210
838829
239513
861572
804040
125112
616854
164953
55015
344237
215784
585175
670864
104466
22178
583281
90831
669497
290558
804093
343149
949342
267854
706519
540684
105357
264172
20763
140889
787453
509829
278098
140487
263546
653874
944526
388658
784932
623684
957876
643374
839467
543051
314238
943932
79433
897519
548968
263135
188077
867265
606283
137419
135119
312802
678102
240476
91178
213070
895568
878631
237103
687870
533322
500649
341744
992053
403511
126677
615737
361387
770050
455204
418642
598492
913340
498075
496011
462308
761209
198292
329574
367492
335710
464692
194499
528017
219372
285676
255291
114940
164307
492393
317014
211834
507246
658758
203887
910756
299639
819623
786347
583893
274827
204990
182385
188167
217269
678396
164680
978477
390892
8458
860173
240807
473149
54672
768823
206726
340348
538318
835869
18859
544915
152884
744896
566366
325846
948782
991326
625484
768405
777674
723581
557436
496868
905965
745603
714136
98566
424487
206818
489458
432944
581195
730264
420297
150072
13292
627022
4624
551609
462892
537686
610728
129980
282583
177094
970029
231365
168421
109718
999770
946094
833298
71411
957166
739263
817013
671302
837829
755704
392324
327287
188648
973518
57551
608945
123590
70842
750171
128213
136655
727267
665899
747382
371451
948481
924476
341480
694050
92897
451197
208025
553195
284495
279436
510361
23759
610653
695867
375792
366358
88191
703078
69210
575913
274833
678154
699503
859878
942530
341920
996532
669797
522023
258119
41249
984708
182595
382728
192964
789695
348130
400988
342890
632624
680423
367455
170587
805281
63322
546378
171639
665716
249456
240848
241630
38493
433207
455337
898370
889941
311461
409107
559738
833484
667226
115191
332397
364025
12124
525360
153721
360253
926348
10815
507081
120976
378270
677668
926256
955795
224046
612099
621512
987706
367152
863141
26199
314563
832682
924569
204504
144143
847880
764241
491831
515106
393637
824228
879131
405760
349588
547056
280217
790140
557870
787297
425321
450344
464965
351577
406140
689011
477881
541856
676717
845032
919201
217120
159595
751883
655893
364098
896025
503774
642543
387857
18880
550384
726289
412215
470348
590081
959270
750564
380222
31346
52067
319747
481689
517031
671323
402033
720246
663408
458093
911167
508440
377294
128288
182239
643381
784180
60541
539407
802158
217289
441468
335243
767672
681961
747457
238021
272042
220933
502789
166468
766482
554855
486214
762375
586091
671742
678613
820541
335150
136706
245914
843590
514000
888405
540033
671585
186790
600574
210992
988948
817862
166664
324191
99739
848624
337759
634871
320989
354753
801338
87471
423812
287553
849846
9903
473499
42664
344649
808648
179369
590562
166443
207573
993171
706476
879158
179961
821254
604354
168909
153321
285223
493099
253059
648051
593156
105023
282922
914144
459775
84261
515820
883586
886017
365666
407694
359516
922533
266547
682368
101902
371313
848811
823679
364484
69492
702837
544444
890745
307191
227558
44066
106618
234861
811328
754669
828016
916350
37591
742161
376125
636055
257981
773916
36277
137851
181610
909996
574588
448156
592365
676489
333673
955380
500168
698156
24872
717209
242600
429821
538605
984361
473886
645222
219223
285214
399891
47239
201565
437482
303604
91894
73537
75789
865809
109814
727843
561623
19810
302431
523983
126379
978920
857655
81759
993292
555811
106630
710502
312616
536450
763311
296977
524540
408533
30404
323959
808424
77643
39728
760110
381246
131621
347851
457035
511635
971868
184878
587462
505883
487309
111446
632261
980433
969100
714020
487930
39117
334854
198432
865936
385509
961742
677117
910048
884480
707521
748211
692904
299368
787938
967218
680613
433764
315069
651852
459603
286938
350935
47065
792820
352448
158510
425081
332881
641815
653305
335015
195136
502364
533447
575276
887872
9394
766597
312125
408078
988322
60337
100982
287690
362479
68200
482508
310447
897473
648564
770049
184411
999498
331319
977230
351946
4033
916515
199031
645847
84026
534046
355187
586389
581697
930462
474261
105295
211265
300590
513373
199587
875130
128559
1482
237610
710963
483989
62261
608436
132553
346515
792846
646256
677833
284281
512406
681865
715000
225642
841917
799025
273892
197104
899618
369793
641771
888083
475087
853035
188674
502664
566826
63804
631223
568307
815617
856390
566500
392083
464826
213258
738597
771876
859513
930634
570361
371919
612499
285361
111765
454416
598591
385656
165725
12414
755448
321700
900497
744740
688939
89171
247404
255765
667178
392831
338277
997000
249221
904776
903287
228251
632238
641884
127
491751
86723
84692
377875
699221
370053
489639
667842
482848
389500
347771
495261
144948
669470
395758
403892
358409
999132
651296
128378
180516
44127
466654
691720
807552
885635
109212
35803
517873
265300
550134
523829
352022
634825
415908
565447
519082
419751
233289
1930
809250
581059
11396
468403
250529
921357
872294
123142
434695
523590
251520
129415
81922
718173
335339
403678
118013
444550
439480
150091
709849
989613
673919
61871
624439
89827
627317
657725
23782
374811
659655
833032
470074
185255
815639
234808
620816
687933
357949
55511
725728
609468
699129
321854
841846
34468
725531
959858
479017
165011
624153
703070
668829
298072
764940
807472
902102
906462
465197
925884
281273
639056
273121
751346
338515
88760
986153
959331
776692
858307
14842
16625
981979
713971
338478
823825
262643
64009
297889
741660
743224
922041
444730
926257
734318
723875
733729
636420
144542
713130
76509
425814
866391
349629
691364
204906
438388
191723
164237
729285
564234
693283
745909
546213
921458
598592
370039
184101
176805
182132
439965
920028
618377
398900
360490
352695
636979
94219
989115
781520
321554
579828
207334
187945
929457
412902
392850
882049
118829
71292
683062
278779
871448
229276
200237
470040
113519
898541
646844
295650
852711
81078
914026
251611
441567
266722
888589
49991
770041
670109
885748
864073
391647
73693
793530
318753
980746
189785
437582
566242
315323
120644
845020
186771
349919
559461
171015
463437
458003
332064
273291
310714
413141
187318
76529
368912
968243
479322
933106
252489
663635
818854
116562
569486
892546
424297
888238
387498
614081
325820
953739
929403
446464
798760
630379
310587
801393
288229
330428
133457
561519
155346
60802
263041
746078
943918
745488
739604
877024
997976
403239
695879
628743
972724
102630
53040
860963
490127
181325
700987
958071
110728
661655
271036
741106
972242
143461
56705
774675
988093
704365
850398
657643
279372
113440
403722
223290
858927
143326
100314
371109
60770
796192
999851
547698
898822
567095
408661
903153
748419
623853
861224
373351
285508
132260
628662
771954
275721
199571
546629
263814
903935
397028
921456
183307
24672
839382
406596
883598
496913
21115
768911
557682
817306
282967
105380
230333
364266
28246
133487
112685
652098
994710
241
451810
126971
628902
223765
402691
828472
770393
180709
732407
167421
102165
429919
706296
941547
350719
589895
952664
371833
873010
510346
703344
670182
129930
933676
34448
672379
581367
147133
838681
576078
661577
290492
217253
290479
514256
619943
633155
284649
800651
879766
966274
417020
309685
672570
872771
174609
776669
825435
546441
163885
849985
763989
834066
494120
211871
868513
166499
793237
529850
5181
883519
191427
295672
100772
996109
809927
234919
629264
608780
549774
509031
89259
966794
818715
276034
839565
507528
52703
179206
53970
730791
29191
332163
564857
37515
544033
947575
204014
851475
991629
723398
734994
183057
19070
835766
693370
343201
70685
322635
466185
620459
831665
555444
101458
164585
831477
455227
672113
398384
634432
240287
129176
177828
572449
208237
215342
630687
670016
933559
482162
661646
656957
217156
844702
190231
567126
538072
47636
152016
374911
28026
286679
206576
583469
388136
885365
929150
357567
557478
841738
991999
311969
485118
684031
398622
207560
413577
29309
877575
861341
25675
539221
32503
757035
898127
736938
324161
950404
298778
990380
325315
326803
277059
46096
424476
665194
931460
867830
22762
3143
709569
528965
315111
708891
727200
227937
916450
654981
257246
308231
30527
797124
847451
63030
554159
259784
799967
392525
210188
98745
382905
49707
939752
659964
95802
364228
839362
541466
232059
376328
544608
941627
419497
373923
164723
660901
601860
81174
315883
373310
389404
346409
170434
751059
923642
238798
10843
237814
631322
735234
850763
528431
784941
790515
702599
880742
154743
541962
936413
386801
432494
481021
842632
851991
369149
521560
27097
971008
116938
342979
858522
20546
203593
543160
771604
641439
781957
296652
879253
927483
31886
730016
970119
816826
34736
672718
211774
189478
214680
148187
90484
161379
143412
447320
13370
483084
554670
997772
600021
897649
856294
620566
615446
913659
392171
771089
695616
203027
650342
137305
234912
894562
107424
565943
929297
780141
291921
632980
509026
440107
237668
670404
97723
199192
197978
124488
682276
752647
122260
282297
164501
492759
902863
294151
406418
809238
65241
616238
12265
229787
753542
761380
124350
375170
327323
567851
669516
619243
715035
178542
573554
952702
363150
671277
666099
75332
309969
348375
827978
432228
144876
506684
439191
561943
800834
359813
371181
380279
976051
610066
243798
659030
248620
133173
986352
816470
802688
119801
45711
495434
693354
998412
858583
878835
178716
933914
188804
527090
276097
135237
186171
782780
574427
748113
97820
448445
119295
992302
424496
531148
116573
182498
190178
365192
315670
690735
118358
810535
741577
127996
503889
254194
986578
382725
432910
434697
85733
474204
710794
220969
660374
7779
309601
408488
619802
758045
41987
126310
696745
573134
242882
393447
277517
608074
709117
968251
303941
341679
778786
45518
469675
282675
813915
970457
179604
246825
405155
779541
721029
630153
514714
381403
637931
338519
304095
771938
610768
346081
898247
307513
433420
141129
215165
710936
263407
438486
679187
567347
294369
457973
127069
764043
254852
940984
248706
948660
702013
168065
728201
423042
798217
757119
318650
950352
95639
622744
722290
706406
968825
134742
528124
402245
275871
743288
627385
53482
181774
306572
620829
476142
278749
262102
754390
533600
717290
3096
996464
419304
171160
238870
356550
483581
995989
675199
433933
91628
297944
670428
312238
780973
805169
840361
697422
595244
583649
324807
648726
765422
631378
783759
241565
424331
45861
510159
472135
277356
513254
468600
696659
198618
221674
53209
682198
217663
242613
116131
823494
540556
300763
135733
105933
490298
18951
215381
73948
857961
864106
353574
489339
162070
109343
427874
207931
619501
900008
999490
646959
368608
210354
845576
104487
777766
41979
836353
20379
672314
659848
560934
973076
309785
396667
79009
314287
929821
808594
388234
787782
672700
741808
791325
834770
851150
219199
556905
984856
119208
556395
631815
2020
280953
991596
106506
58719
33575
942859
79098
705888
116912
154236
193170
940900
65108
786382
255187
994928
594976
157626
296916
781881
413638
88241
616651
778992
307440
687760
763848
940851
758359
395664
457075
39312
387260
563581
98030
935038
20645
691331
155132
651760
359772
348301
106865
424879
648887
876255
419807
243864
33881
230927
25745
447518
319168
156600
226511
140812
358564
504563
81663
116923
900226
52942
670438
801690
616522
282672
250934
151371
974003
406065
317335
333775
268570
424199
272858
917456
300455
692664
675524
848539
923591
215473
296058
756963
372072
36773
897774
244840
541335
493641
361762
955766
546582
32200
271661
677309
829076
522594
342884
803079
928658
660219
651058
711432
598622
923915
143094
899076
130784
818617
747616
568579
548295
557878
839746
434571
108855
737520
679411
650189
745365
41173
120160
806152
587577
391821
997665
930857
914414
854753
248141
357278
514972
899198
582914
113595
337318
726007
526875
982305
58830
788695
550885
607124
346573
390631
41695
969631
642356
235310
619821
901925
790687
254185
222282
892468
646005
219947
823325
74625
588905
71466
946106
103877
970663
529020
731675
822185
769232
772755
804490
342266
561450
869579
949389
422228
774415
505288
391859
930975
740598
525884
832900
45490
780069
569387
937957
940278
789333
761282
529107
892442
832747
475213
996319
317615
518438
242199
139800
287670
529158
458494
629935
604813
328074
93529
27041
616693
113021
933103
547668
367823
458988
894772
413312
753261
464159
351269
207744
767697
112551
736851
660139
459502
726268
170663
777116
244706
412862
431120
46580
456224
403819
190719
61037
246097
798451
88077
862789
911472
535385
410457
793499
508577
305229
206812
776042
769388
72285
983785
537085
699040
234841
197224
158542
961109
367887
449863
720019
294953
395187
280804
751176
799005
471522
812213
45102
784178
414494
907890
695650
949878
832551
3354
458455
651985
210165
234497
421373
282450
732487
472662
495694
967327
184090
654235
928436
66181
104098
162661
361133
13490
443464
626514
812494
914985
952931
371801
699163
367425
279691
909017
831508
626447
912371
804167
278432
636740
552869
214009
433394
285356
686670
929087
766887
384964
97528
209529
451145
715829
372189
326482
729318
329857
952995
541813
244842
905926
913613
458210
787556
707508
881431
133269
848159
308007
937435
126591
458952
4509
340599
892345
804068
541473
335638
570956
926437
433165
294689
377582
148994
181082
704063
392517
510938
171264
448534
269984
591394
876351
728193
378950
98064
123830
26423
946223
946040
963858
72814
404992
482571
927617
297338
286640
469090
147180
371800
909731
94549
666488
287313
757746
847569
505581
150263
358507
676844
598796
628490
782442
989351
870888
675597
87416
508922
702019
33639
454962
665877
620656
859954
662653
548273
671496
949292
531568
332880
321092
441299
427428
501784
242817
185174
349353
262602
335437
222064
453650
448437
850553
236092
437789
235646
911688
525204
744567
613708
73047
713734
793789
693702
87893
456442
756180
759388
405734
801952
92268
241030
757455
33900
742813
514476
219073
606370
777077
554509
828433
230727
517151
193192
981023
954939
943041
892711
994347
687609
20624
67394
915547
814413
275300
3440
270855
31480
277032
190794
833431
883503
946027
105092
917402
203046
619567
136475
809415
396645
205189
637849
141576
722339
345245
122599
191483
288286
15311
185830
490099
35934
767427
405646
364551
42727
409085
149611
588411
200321
854608
421842
83824
800635
41138
1226
3681
660705
651905
327301
57350
857093
479354
198925
93637
824598
835728
799323
112884
851038
499357
117188
401176
266784
522833
279932
309510
446123
429542
412125
160648
798354
348172
244472
598989
389309
245697
116875
50014
411806
444175
621567
268899
437733
334697
876739
262331
170425
676062
889418
535667
175419
6606
936842
442202
43644
730978
265917
3971
674724
678041
164618
473078
26213
923293
72068
929726
683195
703146
979739
95001
661525
601307
363900
99258
936003
240639
875792
106428
430906
765210
642094
606324
286021
93141
562731
843868
338324
342852
362043
13048
20893
40865
486126
561310
964158
72398
5241
647353
775543
984979
742353
951272
100491
620457
564734
36494
375301
440526
657125
806206
719940
813423
926734
5961
420769
489465
364033
759092
832316
726075
772139
367414
281145
258265
442928
245303
330662
892655
620409
433147
149213
85886
533638
769670
650619
84336
144971
91145
741461
465381
811085
69089
392115
331250
489857
881580
209488
248949
228101
449767
535293
595514
730911
793557
38442
490418
638424
814
897277
773037
433961
46491
858923
481803
330365
509542
80343
989539
114892
336008
454920
440181
405097
847034
771430
894953
242819
495122
658107
470920
944889
193400
580638
190005
501161
133285
653789
134098
577700
426827
82263
624190
799954
564065
468759
823700
158613
458298
938591
494620
913217
378772
899716
274457
664407
308875
159529
481186
502399
618622
188790
597242
808627
689950
730526
3255
343740
864623
580954
284771
946886
719349
84725
25156
188108
422629
183768
646406
361221
192593
73828
254197
606513
862488
918603
915387
893968
592337
910777
910571
725163
99567
507813
533790
303722
238339
537044
161666
102963
632203
446436
49849
351552
45365
589208
53864
467993
772976
700269
343418
965568
288302
597615
572081
150790
516218
1674
44758
622759
426655
955329
347923
526222
463142
395917
829943
701481
447166
991608
318648
79369
952248
882700
945124
997612
471908
998987
979809
759088
699257
323228
238861
501763
920842
325147
652552
951264
841024
211515
88229
267679
681048
436151
308105
144190
346272
138048
359875
793437
643860
192727
387010
596108
75427
332134
107925
61540
331122
601939
334832
544583
439371
87898
46346
874417
413044
213102
825681
254068
424616
428114
35951
105664
378469
344056
764058
724741
996307
638137
32383
640168
830864
419393
750480
420495
751526
372610
996238
82648
488753
845275
627230
928123
933172
187780
802540
346216
400882
142426
114488
339702
570540
150438
445366
463213
8698
723628
187954
5006
361765
220337
159378
706833
639729
424062
641533
905459
796671
151976
988107
799628
997250
129542
727751
930422
831526
44496
276638
232408
186922
905329
572109
271666
569972
531679
734878
578669
769511
437037
97879
645481
257256
352314
325511
195523
508051
230970
506398
660027
733281
306027
171482
377028
547982
101905
208554
592478
892746
955165
293604
312281
41479
79474
882252
573158
328556
975125
342669
765592
73005
988149
451374
844464
854668
776884
554191
876923
522059
60590
51155
769544
366616
222637
146572
428802
838745
869329
21280
731491
824494
829087
43772
865973
908560
440228
953335
751321
415354
810208
516913
2563
312563
482492
361231
681435
773580
915422
558358
295639
976011
609513
65184
856831
346354
725959
285633
185099
595289
821117
430794
933987
650204
474566
314165
72970
428998
267500
824290
844351
591913
855407
361118
904475
337899
722349
585910
111480
658472
921322
642191
267985
500710
499022
128543
226670
298859
313641
336163
634180
258640
270150
798589
247410
584315
385763
676407
366019
210053
34964
957931
579664
396081
376611
431768
632634
962520
57452
784609
620993
978773
426800
403182
993688
440026
531725
220358
253090
359570
556520
887269
618209
340874
200063
379823
439393
585825
56231
805412
310082
91194
277548
889746
487274
654159
321514
634113
130884
893169
418722
751876
386147
359727
669263
379835
313957
715192
600192
567046
588966
670916
968520
721380
525995
682787
101203
965387
268613
157433
285004
578694
248626
76757
982644
250105
730915
818362
884217
861798
711531
817143
127880
97679
176870
797142
477513
5032
26539
591910
572077
615504
777030
54802
336884
303025
737589
438087
782617
6202
595519
67621
99100
358350
144377
595949
122659
389496
414311
521080
251295
640047
338223
893378
737725
29298
204725
729442
34329
231263
835556
120610
846766
612587
175412
183651
915611
913000
135942
698228
433406
245665
280054
46710
604014
938634
642658
240877
328131
56970
761956
93630
697016
614384
987007
948945
643681
191732
678387
192214
422994
513944
312823
783964
640735
488234
967614
556346
915438
617760
768779
863048
863425
563037
909758
981643
501671
552416
222521
829801
609385
498681
437635
820605
113065
424642
769550
270950
130578
962142
463163
67776
990290
290191
851740
631025
292629
333559
701575
208068
951319
984558
71116
814744
547595
980873
310592
49267
47495
47317
393272
171084
545998
345112
991689
659062
283958
275444
444217
414536
751790
907379
482311
256285
197570
848255
401514
490199
181815
103090
212471
647338
601852
797790
976286
149448
292869
286878
712918
340363
334195
620394
511446
394397
965505
17340
567663
249464
806988
11880
178204
558778
433464
174719
815063
145238
22975
216577
635436
718993
833870
362111
366331
435723
159902
342617
99375
966974
143699
812292
307337
477893
946890
332987
386494
912396
350327
954157
676064
671519
480241
854267
230297
913704
28986
559564
58943
566164
290346
208583
285157
638420
570694
165692
74143
244800
508308
173517
166212
500013
519110
158309
446904
366301
544803
873504
230832
498960
549568
902350
493405
918039
132648
407110
461229
206416
466052
27394
496761
674634
826754
135182
759532
992446
723528
4332
14959
411250
216105
181170
911262
249419
339479
872370
615720
398486
260079
846551
411650
809646
263107
905054
241890
395754
312164
703119
116374
778215
730512
613135
967054
71471
262521
726586
63917
500253
730918
593080
911502
461227
774249
336970
710646
627932
723544
840570
26418
983623
201326
952271
307474
464432
857326
549364
374390
169490
252483
490764
461910
982994
618103
943168
568669
394828
669754
632586
895080
914876
225666
320788
890308
514119
171962
115159
656256
895505
469933
196878
879128
671258
149150
186603
649895
6476
735966
24285
690169
988448
29253
666283
485647
161560
609451
54316
556387
793410
201106
965672
222491
940975
800664
112799
969299
972625
625555
868130
212094
822432
261464
883352
485786
448066
47452
492261
698236
585940
696635
200889
129398
362918
200740
290957
486574
255055
361549
794188
970365
841425
16679
911340
642089
643682
880639
614714
385843
20399
482844
597937
842831
744307
995493
328617
706577
42945
335083
404813
143089
545922
605701
272486
908839
806440
563443
909617
575700
439196
703805
546065
280621
720484
971609
922709
878370
366454
537423
264213
386852
20267
862149
743887
371847
586709
985355
414791
921791
390169
72085
467713
510074
344570
890756
316515
908012
800374
406419
347208
18384
466688
627828
738867
438297
64742
617237
318955
602164
395655
705807
622431
772008
449694
901209
143856
36403
400769
72851
472398
790937
144935
454315
815216
489505
345072
131731
911721
659650
52354
773134
678033
519041
915166
931105
471542
979908
62547
790497
582072
458201
496304
718707
744414
460202
134121
888269
10810
534890
961119
997411
840031
106055
451727
655247
109764
311003
301182
21485
970652
353535
794618
162890
386780
709785
608199
858322
203898
670746
163024
785969
643151
173532
18882
387565
633733
153002
790038
158747
202096
751158
156159
42128
371417
607885
211579
481180
918887
512761
16869
403744
380500
325692
566633
767280
549681
689037
139807
753578
359783
302830
53752
517138
476361
72633
418908
624298
739839
208946
783045
941934
474308
939203
498266
359929
61293
224050
355313
980179
736810
372182
631514
212078
464760
398794
761758
153797
52805
515336
27784
355634
83292
59127
831994
155925
992238
970497
895763
715388
351902
703901
692745
364373
63830
268242
588422
419143
248421
839436
305529
146548
470950
517606
125512
383949
793568
436753
823108
335501
792387
906399
908831
138586
62324
901069
109083
472291
616458
376829
338398
320359
583778
216975
898392
852019
805396
831739
614644
644832
137268
761191
629986
169078
400908
13935
476850
708625
450688
299958
44126
757279
206358
952957
410069
782885
368231
33357
255177
984688
924389
107779
819251
508168
324753
717644
360187
644353
549383
974831
289185
200856
250227
884137
165339
447310
360988
873963
412202
175150
432294
683685
381507
899455
607958
164393
267686
155519
933773
766579
79909
41552
585830
102281
880508
817678
976671
524861
367062
465707
328250
82122
230139
761624
966258
395477
723138
841450
783645
16601
215939
333229
912311
629598
455392
590908
897283
125115
524681
663862
719227
80437
763897
821507
960944
581575
798179
10
948636
778090
328259
544962
8229
604088
25426
917910
866875
701555
490975
397680
431698
824203
824196
61296
793799
415104
472783
918914
939785
650850
638141
534426
414747
973853
9576
996321
286237
9585
459163
64327
852048
4125
72556
456136
29550
504670
297566
410630
206225
788540
322514
152127
126949
146710
727626
434952
561814
200409
868070
15804
851258
506212
550229
266005
994269
559804
776531
280506
83594
235694
859036
935641
754022
445796
905981
783572
950465
717751
708406
670894
506292
545124
823020
147445
691834
550646
582396
767852
265260
450467
783655
630722
470883
848088
410932
465152
922097
187463
259862
519895
937360
118898
969740
691382
78899
875721
989158
29364
593472
211769
700258
613968
756893
37483
761412
962931
102334
343809
730783
881797
308480
28643
512519
779362
390935
437655
758718
313032
625117
18580
347131
76682
651681
316871
768064
244784
192592
271427
274148
300269
483196
488610
914236
754293
40297
189854
717224
142630
47867
448007
538631
356346
990853
51151
649912
381788
3010
408630
209025
628127
941413
556155
219013
107299
387231
501281
352083
579822
772708
626230
394295
770108
629044
822736
38606
669340
12590
755829
326175
574660
718040
379010
931005
708893
430160
580917
604885
947374
503751
813909
89706
445164
884269
308718
66667
271500
809999
418749
365526
96912
559183
274026
381224
188227
96762
419829
371772
623555
175658
212151
198215
407902
591160
643424
116795
535525
738545
721679
482899
756500
49794
572604
715868
448267
881321
782534
233971
205525
201284
113701
816640
760466
901930
197864
462898
998691
131897
348874
136451
307554
561024
848869
715455
666388
6498
346454
201913
259247
582338
199016
15747
146336
771619
731614
108807
167146
514149
856981
886874
715432
970681
703515
990102
872612
415583
453000
385508
547480
801873
36164
369238
877101
399237
598898
543490
405735
945351
259607
664981
527689
458623
194933
188229
744446
926546
297035
425796
440695
154016
312671
670331
638902
530390
174639
25719
945972
627638
925430
7657
943716
961593
376895
820817
360831
975792
878511
280770
921143
138119
459955
963037
596741
654887
665470
341187
581434
476710
281188
536333
630725
593858
720869
783831
638452
409712
809549
584424
37350
734980
106286
495270
210778
483180
830292
85813
458972
708803
366582
894319
361126
340742
371561
472071
995628
37032
813258
91267
513741
608650
141805
658670
202508
376878
442502
840959
786589
766255
939587
338143
501235
45873
833413
226218
43257
177910
312030
16433
400917
192817
910752
762043
533558
796517
234114
529186
347753
561576
134658
861493
170226
276462
34369
886937
167544
991074
242101
954132
757329
695893
292275
772769
255970
639892
998986
299227
817801
825220
315659
732923
18037
740615
9171
65799
537133
757488
594985
884885
319065
243847
260584
3495
34513
809156
404637
202056
800230
646737
156188
71764
856834
448462
844532
112805
602559
357723
926235
934564
697148
241894
667487
496714
676657
780983
33847
434146
890172
432936
267415
648223
693519
785113
682735
502675
189750
884790
817109
350692
40978
888873
721730
3644
247610
834534
606202
119538
274974
54972
816685
31073
722458
46074
527786
913320
341261
561632
861670
745637
508772
643289
393860
202292
428402
76595
219171
132357
961384
550485
997252
516566
439358
718982
34415
686967
67722
154821
806504
342695
209792
137394
373767
446455
183468
415757
359775
524728
491593
735649
270366
366
378938
664225
716861
321544
255025
936031
968104
216409
486516
965356
247180
440078
684339
281594
641250
266265
436414
961958
608959
160411
99353
496931
606865
282820
912687
480844
321752
404281
216493
106322
918850
109635
770547
635711
945382
25572
85947
913487
756184
393048
517568
526745
591591
799161
682199
857855
749780
644158
981019
910190
743510
992154
517055
540534
904841
512103
376490
823326
728595
482812
742176
352434
767563
892091
812020
793134
978038
725507
63523
64706
632760
95296
105655
224351
894456
787854
82207
158441
946216
577430
582835
689726
569584
99890
744464
988629
126197
120954
326161
854791
603765
582541
721429
371328
474633
533450
678666
966875
773161
256394
31581
405921
351689
651439
144477
760349
953497
740887
432995
899713
318317
15830
103644
402105
629924
848107
390734
756120
483266
716894
125117
601235
299436
846545
486768
774068
894199
165434
740943
667361
286728
587486
801924
452371
246167
76479
405869
987053
509473
305582
819574
525302
409226
221679
669430
771537
612413
425551
254803
329307
550667
856038
142947
911416
342806
431219
805616
22444
172162
987181
472680
973093
88872
274604
425465
335039
351082
345538
836296
374759
651119
655871
900061
574549
391754
569491
346087
4167
509246
600889
847678
59913
971131
485534
313937
936048
291150
850585
622414
792535
323265
595508
395611
112073
535177
244854
977359
880714
81151
352118
46038
251226
252179
134792
642979
335875
480878
161351
845120
595971
523233
419238
81308
28062
904771
909448
964109
710125
760033
586524
16865
597502
696236
412475
709575
745617
657329
686934
140536
252684
39052
186573
503909
805435
835568
661092
655514
316446
822442
14839
426622
859879
948280
507929
887941
367256
417377
366255
77381
177411
952778
608449
289117
163219
20925
908835
192458
199830
49371
445141
238882
750148
463254
558521
585716
124346
214035
416367
460993
228873
842988
320872
177154
865121
723017
544409
282498
89273
135995
974112
556255
258648
263230
719474
279572
776125
142514
986233
975955
191885
431374
729041
456237
408832
287562
556157
533178
15801
486728
508375
758877
329716
829246
936030
194837
552264
994644
991539
155741
644843
965651
711995
903490
228881
431469
697267
519211
573983
197705
495166
280072
629079
224207
250513
37911
511768
806669
85293
41773
293398
593667
800649
137318
937118
250885
846359
3587
759733
837898
159327
404576
317754
871321
822270
60840
302791
33742
580050
390978
231447
75216
671049
374730
299422
921561
926844
325394
242435
12138
367166
50037
120009
167815
701559
57127
418699
547918
60713
178432
900020
734243
97212
217774
605565
433687
278613
422560
467428
858662
813537
213079
448082
484586
587808
261708
920351
514653
587101
676990
40995
468471
241232
161003
150491
942790
732334
83394
4913
307251
776030
904932
41495
387446
636910
161264
821132
915523
583823
802765
288390
397360
15844
250677
396150
603652
512384
830705
632509
613690
21900
673503
82161
263131
348710
746855
720125
595248
725037
902499
120484
144174
458198
781084
619461
843266
210812
203284
646031
13406
114848
661874
264082
510997
265526
776466
855906
412239
390156
877805
85742
986520
140937
948656
247581
861061
543904
592034
100304
446403
712517
244477
418805
734650
539765
552470
577916
264781
755753
223947
278187
384805
400026
542268
895801
179756
832938
751707
591995
737298
629513
677736
238024
284654
626392
485604
659919
170297
77638
760222
130904
304359
518904
63914
39009
572873
616383
131130
837654
886341
869280
115841
271146
269306
172313
166948
449062
519456
432859
41057
256754
576576
232997
494777
861229
859389
980380
35354
543890
572222
795575
188998
390785
828683
252911
943998
401557
383499
75128
239211
269840
458612
869255
540985
727918
555772
222137
691184
75228
654996
732240
331982
745776
965236
340963
121211
338830
321344
156564
396924
407770
952138
100127
798555
780822
867241
742553
696583
250740
331885
935793
520579
790496
319253
575769
32619
875024
797905
723802
950252
967105
456042
282234
712882
935483
623196
834092
788517
458744
990655
699646
380719
456998
799772
693478
237820
181218
950235
448607
431958
282120
384400
466741
586820
217857
42510
619439
92882
840415
857445
43134
807520
827692
839571
520402
763175
976971
868698
65897
949920
859353
765542
844843
316352
79519
538321
68376
260737
488556
516983
206899
284880
415587
673639
385904
633444
716149
519547
726325
70769
376993
283663
878288
204685
637438
912895
482064
614409
781593
547960
78534
640947
827707
923376
471503
421430
461697
539878
196371
464457
571065
403269
749336
986652
591113
649445
134301
307262
168992
374830
892234
545984
658492
770522
750668
295930
197622
232732
424543
493420
294897
503077
648571
122604
426453
120074
58238
402355
174156
254609
866811
745221
657877
130353
731873
248990
779797
866173
70456
948788
241003
962689
8978
413699
247417
759645
223833
959242
506582
162580
452662
315683
179861
101233
952490
120519
221306
10728
522873
909666
265336
903888
437418
548445
386760
200612
328242
767137
271068
791235
522344
747961
800212
450247
509582
74062
674079
468825
94848
350863
435691
410530
530724
536924
877224
651242
272434
887952
688319
182100
667492
592207
836986
104910
654857
737950
819726
983098
19292
604998
288538
541635
352959
602954
991881
376746
677016
180165
286068
531028
795465
210803
575956
846593
88027
227198
119028
490183
429721
815331
157676
536132
166523
776789
190989
904472
596515
688292
923764
201513
976829
979603
68677
579784
485690
959626
771004
665854
319401
571276
711086
114866
782078
287042
961459
384310
28444
594691
874492
972368
410022
32168
508501
90749
808957
699489
509426
919676
387781
947394
635394
878815
926997
704070
458599
412687
663696
743807
592746
983096
315083
303832
612166
97162
105079
87830
481471
647726
682520
355963
620095
606747
902335
128596
211700
225497
342289
721125
145173
244275
668519
780566
123090
595517
998840
95893
522408
662536
839699
115154
159837
154782
933190
286208
766147
38269
374037
247618
200199
570762
117786
820293
691713
20121
463093
903412
245617
805382
624538
390789
563861
293057
685560
201155
402778
684400
297047
925186
861141
136746
554544
20978
805731
487734
821389
571879
40207
195427
819496
240406
280393
937281
60699
972105
471606
523792
875517
717222
843378
14260
622216
921443
307317
307776
122598
224299
506380
419644
149485
367521
70594
704029
902703
876324
705967
724092
448203
746174
919518
781904
986579
714115
233390
47278
686220
704996
85274
75943
936422
442856
90202
72843
364299
911722
894822
1101
136022
401203
420744
799710
282928
5542
17944
185631
881866
723911
909723
844273
470085
343446
626177
456664
57562
373772
503941
743781
592972
103420
333928
529394
60480
424130
116442
424779
335852
11264
425879
986077
926670
360828
785788
209599
366369
803731
395229
762439
527642
819156
606713
997726
676807
747094
454390
734368
120866
472536
713837
90160
326282
757436
150639
264616
388082
89622
600467
399345
29706
586545
840220
390533
886537
564023
271106
690268
473456
33546
217911
292613
154463
729841
969419
901556
698436
217992
536627
170972
210345
764668
775335
50831
522104
925973
315446
910185
15596
430118
823735
45301
16663
178160
950037
903199
742182
221143
107672
215638
254688
839786
508250
409150
569628
991873
824911
268064
209865
361538
953239
934414
126206
728574
499449
162515
654547
814895
586904
184347
759217
924843
743851
290084
103003
693888
707487
845184
429236
815158
60823
198128
654945
83277
121483
224573
75151
946393
6841
799219
822135
960079
247838
948340
688653
747287
625059
857404
76387
211964
555956
349808
136807
299807
639891
239810
507900
347378
599198
937135
162536
660020
135263
331685
257502
770949
70462
332652
717342
77302
646075
539477
37381
408118
2023
240238
669609
627081
97643
745995
353249
653598
610007
4261
467609
249898
758274
489713
597275
357472
426848
274015
17493
76316
119905
274994
847264
190366
121850
78812
267668
282129
132493
819252
690246
134515
59491
359855
275801
671337
620054
629049
839139
230061
147514
306748
994162
905787
796461
591437
263260
737513
379657
794956
328033
499561
584154
689502
204131
706003
282518
986002
502336
415010
805255
192583
63730
66642
339530
50287
200901
482783
403630
430961
630297
710377
425124
536084
21043
530765
799343
272761
424626
594299
114998
438391
178453
318704
642522
398660
601221
142729
900996
16232
947983
607783
79961
841137
188629
419490
891423
389529
416477
295053
334695
46774
519635
274023
97063
54882
804787
896405
743618
4910
956844
696213
697566
275548
852939
610431
876769
995668
25632
407205
943651
147619
487165
784789
336247
420859
190417
725776
351540
999674
574675
398314
33514
848697
495376
88395
167689
905985
930241
911306
425099
401290
121725
636870
676837
974663
247301
67811
970331
272932
475015
913983
420550
476384
212977
271001
411447
917597
510981
762987
431476
85656
675505
464989
448557
685085
553384
616246
591070
997829
41757
530374
399119
163481
167244
590160
138145
928748
657971
108476
201680
647190
536663
136434
123575
263844
921638
49226
181442
432620
812212
127122
32480
487717
592111
481037
172802
659699
97283
278077
657528
139039
808450
570851
816724
489898
675215
954868
418646
847390
63344
134530
494581
114212
785167
132360
378055
706805
181585
73701
139425
508002
200823
686109
995718
792933
168521
966836
264428
960801
138569
917670
769251
223624
734394
773353
898838
689262
191999
746229
266811
326528
755014
381022
111695
401578
273281
332704
97367
346982
472129
605368
62009
158238
115292
369146
839587
798016
335982
104015
758817
988754
535889
528068
212378
784488
815625
111216
987954
7624
371649
254765
848355
640867
149991
474254
42445
937476
806957
139812
284458
793290
259384
860670
465732
374675
229816
305319
172691
80002
409333
931507
68756
459427
973779
281133
243915
789404
906552
231869
311232
278202
839
159587
919068
665033
633840
475718
602509
955002
129734
401171
748292
389117
261841
214025
277997
5861
519343
964891
85862
442881
896399
668821
416512
384383
464158
660426
687992
370711
406499
999223
648912
921541
673015
82185
586575
821059
72107
189084
776061
201840
104460
38559
105162
366300
252583
383158
886365
286130
348049
486431
729010
758652
155253
145522
657240
619410
320152
345232
990120
726651
858659
153237
648192
531674
749626
748971
866938
821732
452260
642999
537777
556719
681557
642938
437223
448344
26096
323588
734474
888348
810019
977688
161206
479476
123211
818445
613090
957566
677881
117416
684217
536540
784856
846614
582419
534482
595585
449357
870419
47845
606560
408196
118768
288118
51134
555991
250666
591433
393783
985139
479781
718006
477033
640986
197482
600243
973635
810572
72014
651516
442192
270436
702261
227048
117050
284680
275735
226839
734036
146154
788888
340596
68554
907655
142918
633891
977850
907788
225324
371634
407132
219309
89640
884164
374500
801326
998611
348135
126103
70626
513856
568294
341061
216117
795341
972314
500796
71076
199153
749036
731433
502245
603836
799986
924105
260959
948081
901955
168747
173405
273589
575878
392714
877433
460043
767213
678759
458654
629552
804861
43484
143408
373155
384544
359524
682700
356858
374524
753776
70216
637764
999413
86665
241601
313605
10770
16764
261686
912725
185510
435091
700518
275592
342009
577951
249839
623426
770914
222698
252978
575775
266181
910590
948929
650725
784318
631630
521787
158843
899610
106207
796606
413228
192872
552411
726832
203641
569174
988518
630570
268888
937813
845293
58685
279822
937448
308523
417452
708363
531220
670429
284138
311606
95224
747272
476535
879542
893106
998321
38385
306921
618733
349195
720148
811604
415811
446981
529449
499189
435499
674224
768077
887516
519517
340966
167338
456965
163693
584789
679532
209118
769422
477875
520723
864646
225147
997257
258393
632457
509783
810981
939377
128516
160176
659525
454324
90191
620710
983773
589380
570413
657997
871661
457929
691718
212627
139471
662887
376319
238464
342420
585436
7887
820294
620363
386737
559645
617620
645129
192102
641608
456110
645683
770123
130490
819412
224448
220681
440123
722425
324265
524740
894626
195926
982669
586344
922756
122140
249231
813279
874808
105855
912920
882694
440353
533283
783635
999997
665108
942968
706303
306716
913282
351986
591043
557976
171399
329695
292861
125726
566324
617125
650465
460950
327255
633134
561498
250011
269479
810729
63291
144287
430788
976210
541185
871141
23698
839024
871138
688805
781992
577442
509725
695274
443632
614973
615030
458872
546111
740755
25197
677440
391221
486146
4696
538559
47645
254706
322242
372578
832200
466528
317570
322615
521917
188711
346313
360941
574054
549322
142933
151496
573252
352411
595127
188225
119866
724362
647096
180181
979321
186497
371825
370542
672643
376520
423306
234492
145431
745547
121274
977630
726280
438843
300246
248197
141759
160763
609138
715812
710084
266275
381512
283336
132891
976638
985764
766960
215205
147066
461345
194527
333562
833169
79273
520409
209690
16783
269105
355120
762330
390378
846954
343426
661404
251011
999388
822166
374353
715200
46456
154833
96712
843995
287723
587554
829760
568887
802759
491030
30232
511490
824591
377605
104967
345001
101499
121750
614105
456618
884079
518688
817777
886893
376318
479181
652108
375706
815552
26462
605110
862007
181294
701821
220207
983220
289375
564171
552107
606338
55201
96543
632032
879792
474147
736999
738997
575646
858748
867306
546468
257032
900198
878449
658129
790720
871835
310237
680630
687387
850902
285740
63599
32196
987560
283805
529620
791140
362181
595931
911682
417381
206678
543715
811377
680825
794918
64579
770675
167871
446090
831347
939106
346288
224002
597235
651213
95837
421676
331843
783223
786783
617583
361026
333183
119348
159035
862803
424692
521215
458734
850579
452801
665412
908498
778382
860441
703416
842961
145321
385491
803255
490872
324597
663747
714873
436036
314960
810709
371916
161008
108137
158699
778590
469162
491882
412142
628197
354685
351039
149412
327623
201618
116417
507239
624320
894799
881884
841940
251965
541409
227431
55220
32282
552027
718966
261359
502267
33927
72069
874182
194934
180205
32882
487728
649367
38968
414074
791768
907856
279317
941179
749683
995138
571801
256923
619458
466600
653011
461398
718564
194421
203033
287988
740906
269264
6954
2265
771530
555084
74333
645713
264222
768742
192799
266154
932313
231766
680228
724081
653826
959544
179465
403509
954683
751265
660431
88346
732069
827647
549744
450633
22068
266981
738620
277178
536245
259779
279442
307775
814862
867979
467692
593289
636721
174695
859442
569034
406460
539670
574490
13420
986783
977999
482307
252254
152635
570652
984322
980281
634600
949160
516553
901581
201985
793730
437826
461763
73173
259805
790830
455356
727497
384119
92077
902191
243561
175315
822856
297436
982633
397346
825059
483621
375345
307366
735874
527980
392222
234402
22466
541027
183562
956812
385546
332749
908842
361514
920125
168647
152344
375481
410348
50667
981761
826744
808431
671280
649600
620071
168118
561150
445130
651739
450700
752495
901817
492884
658922
136219
515349
199949
833984
54368
156761
219531
901321
579807
95249
748453
761796
711132
158802
812462
207098
985545
135098
878378
149350
755169
46496
224704
200299
212439
675403
466999
114257
168287
125921
764679
197841
840073
598664
252208
511038
667733
90845
427647
3385
353502
189443
228721
512303
516109
435818
12053
651206
314196
675606
406375
360692
900310
120879
573130
575713
587877
201591
258205
228002
966270
456045
68075
79139
222457
93317
925741
890190
184161
867592
893574
537662
571239
122295
564170
87348
558112
90427
252758
386513
766033
173338
747204
180548
294216
834538
756260
882092
36130
528669
516604
984713
692372
109947
207171
785688
549892
97361
484053
505139
21715
502927
141638
100089
590274
213954
190516
357236
600466
470753
530573
861874
651300
338993
210618
407560
735289
760951
450434
359587
277555
435147
566163
901705
642317
866055
451597
253882
350108
383285
273225
886027
886211
929066
986115
990689
143021
690835
347925
257691
161588
392703
633770
812887
731695
358592
734652
981189
119543
185086
340776
911301
134437
906939
813006
776754
772994
778807
544840
123103
162092
332270
523334
48303
261336
23654
38992
918560
714489
901120
690456
876076
293823
838430
203169
539723
197022
452025
520912
316564
637110
375892
742069
771546
282831
69280
62505
570030
848086
121550
207337
10178
968023
730670
572684
229359
754323
125880
662124
983016
27000
866784
373298
835027
705214
576466
888954
416440
28491
924070
247208
179805
299962
989276
465555
582793
58556
42265
152823
906641
678018
874363
431023
646041
605033
517911
389604
873560
643790
51728
856577
184994
432716
229875
20021
137930
806340
423179
554369
349035
347249
315781
43044
647211
305057
22803
744208
877816
579271
411235
298662
257289
285598
729684
417534
404835
761799
807138
278395
405589
373070
134972
590583
805786
364846
124808
457920
685390
62192
526494
548629
