463909
66651
251577
277141
932449
899873
572563
210683
988551
11959
632684
974959
364086
74879
924929
65051
505559
996044
133415
549801
760758
895519
979036
545083
739758
358883
189655
135718
260249
190241
286310
724157
256891
537886
1298
703544
951964
88065
914226
940515
100024
61115
429679
978313
135994
868812
557568
155757
864857
690982
705557
139820
100706
198798
199107
840463
557680
388761
976181
817929
93207
262491
56291
864301
314581
571793
567846
266545
659857
996276
721264
274085
57392
150944
252398
707589
533960
809965
863345
913021
15153
83108
52841
115858
281905
766151
956321
353790
154913
932502
685923
762323
709197
742213
626624
23778
314006
708674
804527
488068
704951
525791
762152
276547
190939
528755
984135
724899
852924
847480
637920
868076
444792
204966
983934
726697
971116
940255
594691
640233
386962
280614
402556
96159
22827
543385
634140
851037
252059
438667
339105
471214
964458
101257
747760
669601
144216
246100
908704
997140
607785
546625
865216
52577
265795
363355
293478
751115
817814
888168
391349
718980
168782
308109
815138
705813
365698
963483
556850
131962
402150
895954
603175
880812
511415
865140
64619
655631
111240
973322
166976
719024
519947
546396
771601
299946
909751
65079
51062
241770
467452
956614
960750
636233
264723
290093
342046
630421
253576
413100
762382
169931
309054
879761
564947
334674
744901
629565
504509
370346
602888
671484
89370
637039
732084
375175
936985
156040
954458
988046
397810
421910
944660
358560
572347
723587
162857
428598
868212
416433
841697
630594
100568
664956
24561
665514
999629
283666
295080
504138
654011
897967
689826
257586
535006
632760
986195
92155
587218
488446
489964
523332
433106
362728
95680
670898
525584
38482
539110
456221
880178
683909
556788
545134
222674
222303
544763
506339
517382
563105
160351
929553
767135
417936
978763
703250
564900
964959
795404
666323
453405
285368
400716
162300
799538
71614
687883
838019
124928
144105
232403
323041
700892
777536
545714
437399
836504
52054
468985
913813
212404
398538
680949
144544
377302
898403
223648
342261
693807
889970
309870
493379
593830
710585
655678
907572
296403
857765
745592
421331
1870
977994
744371
216967
269735
290086
168570
106239
856343
637555
534257
582951
550297
215206
727494
441803
627813
465346
784063
321620
355317
608138
329203
949146
318723
499085
856718
129331
356850
116515
64866
872924
608713
809236
604095
392653
613526
286869
13096
469869
924423
547352
52820
988925
276762
294518
430728
904574
759864
728996
740398
629385
337134
69601
92736
170061
82890
463658
299391
439740
580173
364256
826868
703090
687697
945167
95743
815427
232036
108839
285297
670664
656190
852320
659589
932952
661043
90317
351731
935111
819312
92130
564496
156446
161730
657231
840711
244620
120889
140102
198564
215266
18563
539636
432561
706259
484803
528303
35891
716838
151346
321187
387502
321741
687712
47091
768897
348755
651612
120628
283866
470924
212757
362566
141575
888691
19797
982285
647515
654889
636591
846078
384360
169358
899918
816920
875616
384721
859427
911507
615763
524978
746898
3266
846718
948814
564560
615615
811773
216172
250447
95639
201301
463204
972408
857079
351895
506409
839364
999409
675503
990159
359692
59863
159518
259610
390987
549338
158535
250414
975049
774297
289596
236153
291767
136314
184967
856327
266133
996740
586703
516580
606583
302208
979783
93197
159287
845882
599605
512855
359496
275108
17220
719187
334970
176737
493001
240161
240279
651535
4780
729533
425832
294375
965685
717599
430689
664856
88131
211026
175801
189038
727605
782384
491246
221593
875580
164737
581679
989389
191797
941174
264498
209016
174566
113672
899956
667566
353833
654439
319101
358612
383972
744933
652986
349657
976736
597879
14514
64867
323110
704518
768108
564919
486902
259354
300717
876686
938295
882395
380281
130092
337775
644778
853311
512340
758449
753267
179907
626486
407706
13212
985097
305883
272349
152289
655539
249085
264372
184257
828155
587481
888775
596264
666605
889881
369822
967321
280773
308117
849716
661053
952412
187491
820035
319928
214036
92689
73195
393942
719175
995105
921357
218477
300988
193707
884969
470731
442791
149342
169193
270947
251027
572172
381415
917631
462053
751236
884952
257030
573558
248874
432287
525970
950568
252322
845898
164604
345011
433297
72750
578390
942606
994107
796866
757798
187814
681836
742734
630604
831177
911926
415755
596408
484098
797169
514040
460355
62611
913196
231590
636168
162070
663876
676342
112639
430403
36445
277242
289618
469742
864196
868007
926552
858303
664873
198556
46117
346709
941289
190925
692090
853215
120885
802703
851517
918053
316743
826076
494868
229939
57666
131036
906213
235747
807378
533056
666149
843822
324502
955766
827768
188698
823773
754321
47001
2851
467081
607321
349560
408370
312451
555854
261585
433335
358557
627306
865592
189504
453382
360461
933647
25253
5701
839860
260999
813078
372916
441352
171106
697417
397118
998873
400320
735095
267399
447320
737945
734479
568846
601709
657053
395501
157564
432842
343040
30325
60148
722836
219829
27735
597501
667680
52987
603202
507540
313985
930484
394660
755336
101590
606281
666658
614668
6601
401753
396271
968125
653902
644955
536971
255612
302008
446676
927379
249055
789715
957703
309202
512551
691736
336936
110053
359416
904126
227459
381160
218111
157943
775819
487651
773737
896305
668513
388405
902905
70266
298880
871030
724168
458039
922205
493984
274252
368881
421363
523306
672800
893270
832507
185352
585007
683648
809608
458627
587774
37067
839787
320090
195009
129811
321945
968745
26116
990458
871354
443226
574928
684439
314256
813300
142478
750666
307284
416729
633751
242851
940034
306552
136122
286747
6108
235333
484599
815715
208164
586577
366986
562155
906666
76199
691966
742816
559149
232286
733274
430503
189716
822406
629146
18177
635707
771624
768842
457195
702557
916797
700046
156797
223349
350372
957747
743660
585704
442346
73580
308072
28923
440565
870227
449794
516764
76398
192610
75913
822887
440088
20620
12604
776698
649766
30780
412405
421390
313826
869600
638151
230623
83851
794947
453972
434222
752694
711836
534130
709244
785416
842201
738167
225981
712428
702165
256949
303030
408979
332861
125918
363271
867685
138521
139969
517451
683504
552374
453045
997329
936178
91196
227952
534233
400348
196128
968454
667246
907964
16789
376491
693380
858989
114658
433565
85623
331027
690514
388652
740005
537579
28774
103276
405264
167294
243244
436919
850797
309822
889963
362331
760204
495364
590283
294437
895711
786410
262891
562957
694374
279679
453652
901958
652873
568309
335524
252700
413540
540242
155556
153545
77821
184330
256820
483085
865827
14269
434208
230830
324090
324172
593160
84295
819535
697647
378731
229451
484058
155827
306612
692636
949709
760264
108800
116787
842777
958527
883690
256318
498769
39247
924066
576589
737780
695091
573878
117812
709359
8087
862845
547653
846462
456006
146152
180202
667857
39088
923856
666119
194914
230468
358756
658827
504936
981759
289819
861918
940286
173509
632440
439055
212755
556506
529848
464739
765801
617931
582551
989364
626017
445396
537018
986683
415606
683169
166885
83464
236461
90741
749582
945578
835412
622542
604406
854553
604301
408429
230676
58792
581937
863115
12051
308897
933825
541899
773635
699627
159830
356186
688991
300051
315787
740213
800938
245597
937587
967822
329060
174048
572767
592847
119627
408179
729593
238237
776936
333895
646665
7612
906890
228602
384931
918941
51703
318757
460840
825338
532588
134874
695728
735783
949128
11515
475997
750066
257112
927788
232093
100376
101836
804859
693222
735666
727242
422816
488107
504179
270915
134772
25995
692009
877578
410926
610950
929280
729682
585994
268823
776474
235072
964551
512257
184200
490270
502458
448470
261586
430246
680562
876166
46287
485421
83593
781952
726868
20613
784264
745251
805731
919035
771245
497741
310818
182171
108691
754303
426057
208890
537330
716735
958165
16086
228993
656570
506356
731450
105040
282146
675901
299807
158312
722187
299432
241905
504139
26300
776721
288403
771550
582453
721643
57001
80194
546665
753375
703088
815172
693637
911977
866707
410372
870143
882792
639364
526713
903352
885019
145957
185499
560920
445763
858014
283107
745195
614123
301450
771494
390845
104058
57250
973297
339905
114250
567695
400774
381829
270783
730151
75466
696965
596858
485838
81313
479650
125202
122230
383003
524425
268186
82706
85345
713949
454924
882655
973348
69048
184106
259047
974096
802367
316296
947393
142272
944749
29293
543045
326579
300075
787400
916248
997039
384258
402086
78352
863908
41493
200581
761115
565917
468767
358025
651262
696920
812948
48122
184473
881995
232227
443519
370296
34594
274020
831893
691069
732973
861185
748319
573756
161261
535719
490005
158300
919977
892090
750856
298090
447787
465641
573409
13705
934407
931433
179171
145532
744381
227292
330004
140582
973723
287728
25082
522521
561747
856975
213591
294720
718160
476114
382681
393625
11833
872685
66130
446014
278980
816985
258308
726767
282626
345921
740471
731238
277354
919641
390974
535940
661137
235183
190726
634860
522910
215807
671586
598861
72782
885176
407785
305147
875494
790465
698771
401531
663150
764900
361750
456335
96090
620057
183102
892920
965978
923572
624158
757536
357418
529336
807680
532759
764518
998405
681824
801632
728417
353410
914697
315403
752790
322483
620549
628284
627152
833525
29815
804507
112630
391564
260842
722924
525826
443943
615844
6009
881719
754206
763544
753341
283542
571225
286100
562265
83835
967923
878101
812251
835537
792799
127655
588327
629486
262408
216611
256638
95933
760630
575349
722767
152194
350395
445691
192224
308542
61535
198232
190261
815740
475981
457806
613486
47206
258111
175751
645244
740238
53853
457496
575776
360856
99355
164103
990341
361762
380714
761183
971899
141344
336533
208871
807741
201132
654561
999965
509674
230300
712401
699934
46040
188382
671945
173730
749791
930055
349481
395036
670293
917537
366736
246069
278393
466090
924376
782938
342056
819294
544121
828159
474842
394858
37030
282583
595990
205795
796752
105664
436094
509154
319802
996337
697535
991746
170068
447327
921801
33753
356567
106300
951289
723302
866572
229682
703596
790948
526824
559856
610242
70945
388016
85084
465803
939249
881871
575997
145045
678623
681660
95343
701981
515666
91681
399517
507413
775952
361048
943418
809704
717614
49718
760993
955120
430495
504879
658716
221443
31703
732776
831685
616851
120792
430973
574246
312844
172855
233495
505672
368719
328837
207653
884385
934721
121374
906002
710673
996625
849420
520377
228444
413343
795574
183564
843837
300453
356484
579484
846359
89261
411169
463211
724256
356347
60069
298502
183395
232924
46201
689066
115847
375038
410924
232
309759
532297
420438
534637
528923
269859
55014
271571
197406
850588
455135
555447
665245
325823
134931
511605
929287
60305
974815
653544
416651
549088
466250
600045
296216
512451
803316
412063
887488
214240
926498
711451
746536
346937
760292
789663
131000
815306
575439
842609
180099
30574
398056
845343
870600
47191
356948
799888
107495
845967
453432
38350
909260
433886
638395
205476
946336
955915
617538
348029
170155
58242
573685
430895
405178
333977
734763
50382
663487
310202
892990
843585
854979
805250
688929
725579
852440
560081
39672
959935
920253
7308
998284
829513
441194
150884
34989
901734
621003
166732
763968
791157
224973
337653
736257
144355
185834
471020
194736
849321
295426
601930
692906
150405
407180
896039
390188
259620
456121
429860
733759
890578
951371
732044
720091
906769
397132
269284
808504
18136
950219
572472
323497
689396
424329
59754
833750
610162
44978
542690
459483
340403
144620
152390
490807
551799
562633
395200
811419
532958
339264
545178
423536
290635
791426
657831
197405
702763
441320
520113
235103
391539
92585
558599
80936
516913
132558
914685
127075
177535
971580
100763
517938
116200
767356
522949
667999
329989
918148
993622
862947
257412
53005
800687
548047
844431
458519
259656
61399
899838
779768
810705
805581
872352
369304
886516
903469
16066
315407
544748
193601
801191
645510
225743
917390
412866
748691
585389
742855
181045
93216
120007
438456
146221
920693
500707
504856
893416
274567
80459
307459
54335
891163
113041
440891
774671
513761
858564
790737
343372
403313
498542
144563
48823
238489
61954
461689
987179
161547
718748
682428
768967
838754
915187
273652
135796
934247
167069
410363
14706
474527
464697
905868
587567
419793
680539
615533
278357
985480
958904
681669
484022
617672
244697
722510
193830
220590
223895
355376
453542
906322
124343
292296
541411
553734
565947
677207
2186
733015
87570
16891
721747
66471
922758
309314
468
117503
439051
278825
102983
397956
474698
101210
529832
233599
823719
723661
454188
561818
79037
907729
982345
717584
714229
523756
785522
794381
200963
787708
41601
802736
318803
763347
383412
755766
72662
383879
873268
511712
176908
490455
423872
165811
591664
953703
399409
929588
677364
367802
491406
270606
789735
473751
502394
18170
802120
812550
712674
589828
854150
29616
422836
617498
413027
178602
204364
311110
51870
230280
488018
56529
168357
168033
648193
636264
567441
91986
827833
449447
97596
98439
239183
85552
115037
771556
597263
917156
584106
824141
21190
952460
367961
444025
569958
780987
622626
288526
606302
188700
518806
608524
759432
201367
776556
407625
837630
858201
13815
665463
307649
111411
278106
61036
196962
393142
832591
308429
824503
930901
646774
845692
883361
14736
803921
453320
795722
940751
256050
916228
129451
289060
524752
403087
490426
301308
810712
328057
159510
338731
507724
981362
450141
785830
42398
161307
693176
389193
983939
517679
320094
630714
877575
203455
645449
681496
170979
955375
622247
427029
871604
265902
716088
396356
668989
206515
697664
993905
48776
371378
846840
70704
352740
811186
856533
909341
972492
549710
298534
470637
581593
618627
101351
459169
822081
746799
654869
993060
216379
791321
934293
87983
571427
650381
998543
754620
371100
210412
748525
934079
581789
109571
4784
448733
920756
861316
358074
407453
925230
656607
878089
21029
275234
979439
994401
611519
240443
649270
118784
456822
440591
53077
59009
526223
217663
57552
280843
588762
267963
543573
37047
363956
653143
41830
812688
573899
417350
170762
981351
856785
341573
859441
877813
131011
353085
872214
742530
107733
35689
375518
78759
990484
942799
137767
516707
160462
709523
797549
263428
491690
341122
300474
855646
994264
342303
668334
82368
273858
353301
63720
130643
694873
437365
522660
825884
790449
909078
82619
412386
458971
972340
491144
449455
915139
143116
480366
589805
852638
277916
853233
344328
133242
667911
714178
641711
524419
896717
724078
798276
250018
302002
443123
459095
739366
965782
799183
44021
389065
396006
456406
848035
368347
947550
811695
283486
90666
292061
387496
457508
84181
240729
316040
217423
422844
30219
373338
947262
926935
611620
259743
691157
913622
702865
150252
652988
182852
463640
697008
571916
859645
153415
934156
227992
615169
745851
25683
705834
37912
413178
677546
122093
168111
993585
853719
590954
23804
741261
52422
464943
352881
312164
156100
266503
15030
820556
433696
712085
284196
130704
284002
143841
798322
732362
886037
413491
478213
911719
633529
30329
839101
825279
666625
521416
818865
34549
112370
356873
775809
678995
821816
128691
991159
977915
909397
520393
798471
343093
232478
596871
988001
30684
740712
786323
763045
626749
714019
755462
52673
861752
785791
891773
687032
452416
927393
20102
486965
553967
376974
776978
232963
198790
905668
224122
690910
329271
744514
3586
672363
491196
600457
174569
521880
855373
960892
799129
996326
189116
554592
48999
565072
340383
454976
766308
307003
896573
300614
793967
450540
677588
570946
683502
390582
990818
421828
595696
834293
680546
599282
506657
171743
713943
681225
693622
83521
156322
492751
594051
859641
561547
643049
938918
901929
612229
705226
208933
508802
5841
517104
473546
197633
602254
157049
102419
107278
578876
698115
941570
259423
811601
962431
431165
39749
643657
638991
637473
314183
645946
231524
688029
207494
874572
626947
623627
1006
846377
346764
24012
366422
863868
497557
564054
980326
168810
180678
87604
747686
878792
543379
521313
204598
505810
466682
244346
663671
105673
881818
977854
265823
113342
180088
987520
502118
807034
611148
17328
653411
472116
555543
19834
850188
53100
98092
830515
736114
278769
432323
483800
671765
975701
519317
876362
995716
985998
120708
659387
605875
516730
151446
871697
144276
331533
373423
646393
138567
498775
177925
306183
970890
733467
840220
821079
300772
938311
651594
36886
731285
598121
34890
917254
573823
554206
793617
569539
540204
428529
743130
146079
945259
894576
531980
603739
226109
419607
250133
878880
918381
428057
185063
889272
161525
25283
710351
976500
477798
876149
13386
723287
474270
48275
640542
48093
602480
434159
131836
656888
376892
874966
317171
836355
283747
440095
24060
782962
690227
902939
701343
632488
602206
590615
308217
627488
815170
284717
619491
691319
812306
342778
165590
860580
983319
727886
977264
931682
859722
634152
308575
248893
465527
144930
46844
828882
99229
70903
126049
789455
973842
827391
936148
576048
932211
758569
717741
747381
557491
337232
438701
369797
194214
604290
744582
691738
332176
721846
623420
706102
870203
446199
469199
335730
105334
516042
678816
204562
586945
804864
508222
74992
146461
444370
651039
78672
717143
882984
826052
274634
220216
778957
158636
928634
383247
903217
620372
229628
625063
243792
449934
9471
689991
919133
859405
795324
949379
538221
999885
536324
857290
22312
611315
3751
466681
776559
596626
698029
659543
936882
972662
393964
715840
131298
322598
99087
548719
942969
842918
173783
700965
292853
697457
905160
726190
556862
214689
675569
609288
728779
726098
466578
751090
851617
984532
731976
142381
95363
430005
801924
32245
402667
195888
748084
48170
32690
361376
596888
975658
204294
284875
190828
11351
982332
95989
251745
53399
310677
441519
662686
39456
681821
643468
790546
533438
142205
522522
675819
237567
466731
991947
269812
383602
702039
532100
431771
734728
893475
542864
224591
611974
341943
415418
137529
838479
25611
389274
891878
336288
344997
554564
889947
26818
198033
194698
560255
854441
231424
750278
92009
698154
742225
876024
81757
444264
408124
27732
693196
815804
570595
917786
941982
426743
847409
79511
265222
873019
982988
157100
723511
327985
711664
613459
869006
423901
808156
943466
278342
553785
693744
884554
251939
950174
760578
333695
908642
682907
361427
601839
12916
446226
33830
469102
872968
881238
548612
138191
754258
45806
295290
991973
887994
521158
605432
757001
459263
927793
214672
737605
481578
422620
136364
247721
372794
896942
581416
795641
94054
457047
397480
621173
417477
431309
90275
290446
826752
153091
942840
95215
198896
752334
87188
601095
273493
206825
872300
732755
648822
86972
984564
644604
509591
120929
892324
396590
532075
987944
192231
140333
444991
589710
761505
376673
535223
851779
667118
361975
519074
124163
457189
717970
876496
58582
833269
664193
265406
705569
911153
914227
792540
895717
558831
816335
530850
965359
212925
577129
953304
919359
717461
912499
23274
993170
289172
558497
359154
470494
434676
878228
594656
406070
596198
985357
464651
429467
649550
244261
649240
560703
672692
955984
970625
231523
772319
15680
196882
499449
592809
664390
418808
824474
576890
442082
817645
380266
514783
176799
364965
463663
55027
959620
869732
165429
944977
848587
109100
108733
607052
272544
669435
279744
228528
154265
25471
848
169945
736557
14501
276958
400947
947512
101432
492041
903798
433281
386512
418581
610080
751476
882244
179311
711096
266181
858944
170279
628973
482248
279011
236025
754792
462650
29974
616915
55444
498371
301064
792000
27076
578021
192948
974588
193657
199193
878386
626938
811172
751222
337180
207621
444737
48277
473801
817885
732759
616978
300134
525974
367208
569130
988623
397181
552449
119743
452624
565025
935010
244625
592100
27236
951776
80893
220893
150969
959279
847830
736673
770451
113257
73853
978071
557993
636333
966076
375879
369092
97260
190217
409270
464467
759346
912098
861647
825999
31841
828475
905228
481056
73100
497329
508291
539080
92426
729183
690049
51705
91218
426722
336360
718678
14779
314431
790876
651112
794712
166755
534408
891971
871175
943678
356438
630521
855776
732289
970724
401821
560764
875953
882876
148069
887486
905372
687148
979911
148760
891401
31617
239978
832327
367976
472860
847106
196612
263736
12423
991323
944694
546830
883294
815869
4713
753936
960594
374693
486225
931319
776514
561193
807272
173595
223466
208963
593171
424819
188874
741931
316220
220490
496113
148548
102671
968972
995653
813486
232709
8076
804809
177403
69110
202308
507477
73823
470448
468071
448515
470877
913594
739233
32070
720866
427033
769740
929828
20204
194559
632907
276339
510778
367601
772451
173530
470271
255629
169183
797961
2542
691462
602770
694148
760572
319282
201625
348599
789729
669696
797113
774810
97495
50552
321085
818361
477584
90825
262394
11992
285383
895300
288331
310365
777106
574986
483895
247377
830614
167282
45339
833155
858744
162313
527304
619316
995799
243133
482119
299733
912828
279232
74544
524528
843987
395628
342889
835775
657
119487
847767
286039
528992
650302
110608
306098
225288
594502
67679
570107
275989
627221
403262
134733
303739
444770
268253
299538
687903
750371
113475
114936
543807
188018
639463
387795
97850
496556
223570
98506
130248
585541
898748
173444
235843
9357
479541
975335
118063
61424
545442
394051
202850
462908
42988
506588
907678
311240
320330
109786
575815
433804
224721
119623
621822
378389
507417
233876
389149
245191
332382
519396
830732
745334
692839
580779
268895
686584
556114
901162
262213
101556
295213
465062
564464
852405
971649
986346
163645
291979
96132
739460
239987
835056
373287
861808
213445
394908
609889
116799
640098
456475
636194
985034
201809
843238
565814
470704
44027
121928
371866
306239
223484
181283
771300
787947
33688
257154
288498
711537
63337
384629
965201
303324
219685
338488
679336
947334
247600
289225
64133
887697
259904
214531
386937
461713
571973
952750
446621
616000
74678
332691
922238
812365
28178
207744
114517
576070
979101
403014
287607
556643
787642
767012
374171
521532
619704
53507
983070
867303
856936
561407
269205
631044
775937
656141
92757
347911
608891
53582
478115
197774
386272
914557
10139
414450
636505
124656
990519
615607
41874
792330
686454
829516
559342
60625
865252
179046
628335
848322
560553
999475
409729
829757
630520
185666
485899
237481
47781
94790
291063
40100
806767
677334
954657
816906
605988
591162
455766
110712
720973
497639
903041
407427
841359
976587
982255
706611
669837
610591
554933
230390
124271
478866
754790
664532
546046
992271
226517
155040
797538
266617
476012
989076
735478
292918
595065
326640
262888
219981
274731
637227
483449
116091
613814
465705
336906
797856
590500
891839
28246
714770
370705
602597
983765
549441
662847
490241
290163
332092
287779
70984
808103
276855
806461
615225
386124
647305
878112
120310
723327
152843
206777
783137
885554
672481
120044
683410
777185
526087
225861
491955
896791
828457
989924
960437
5510
480165
764804
337601
767943
835787
145704
559003
156453
760928
459331
317962
153245
579640
41290
306087
851380
248066
603429
736935
434751
723472
934549
211936
249559
674614
218095
660554
503072
208020
135196
22786
688184
899999
360386
970332
249991
20294
43540
920647
781221
502870
238610
934465
596715
279899
754756
962299
42169
358185
213439
476919
595861
147989
688854
845419
822602
421153
20179
839878
629172
155374
376868
317357
55374
737253
801893
305364
757546
845432
226012
52972
862506
978825
501641
459221
772928
256398
935725
815096
128787
149164
806219
724648
297152
9278
84272
633959
430430
104450
988041
59603
259824
364910
829401
616367
693056
134765
373914
538488
874980
426885
915198
853805
928526
888624
626733
699128
824349
956033
342119
973512
762252
580971
784869
771529
665243
933032
201960
769692
435278
775766
543720
800187
666929
373121
930759
359985
22091
818877
412677
411275
245762
327875
779285
688492
730703
920222
901824
555052
876256
243944
528565
638508
824914
827638
924242
4362
760670
640406
288259
195948
416172
831978
510340
83101
719304
441099
957289
741394
259976
884170
666873
19942
726249
446158
222639
456953
366381
638667
12005
242637
396815
54774
395349
221730
882411
833795
740295
643081
474201
28554
353234
890372
374737
863573
487677
94041
818876
444966
349639
593056
329136
16512
127202
55386
462670
864044
512338
829050
502712
38547
585891
899526
93321
495444
635460
975731
329240
375756
133018
803440
918513
456
208018
293250
378233
695694
901494
711313
140661
251133
304369
984000
781849
945774
553590
244519
809819
65928
587773
312531
618679
687868
726261
711999
183312
361722
201935
251682
849156
830196
170195
849611
38214
463445
227844
733907
364939
453361
388772
130277
757729
886977
912125
703504
440567
670848
27528
20700
258621
854262
639378
946488
580523
351377
644004
942244
67516
156556
193926
916672
500956
878325
280488
539169
341770
22537
787280
220913
475897
690257
865393
747831
577234
777518
965539
17801
448366
993066
38500
221191
847328
192082
681883
427851
57663
840092
884300
125179
996647
592430
556055
11808
470755
350747
550976
326729
373283
852460
61847
363385
542717
927239
625420
119951
218963
590959
651956
181533
98230
204660
916928
945557
396742
598811
887612
454404
953107
286117
93787
463959
878547
164046
475766
863506
514793
26742
704440
402280
879202
280491
279869
936123
207730
905288
570279
940896
496247
222235
122430
594476
941098
39358
54238
852044
152373
941850
820653
105481
742171
914439
569439
620718
592690
45206
998429
107483
586151
702869
23967
979557
497564
303836
915681
705293
209124
485960
160395
705371
222399
282824
814051
677701
836385
868289
529746
988757
324344
864603
608442
66515
293247
177882
201438
885936
737291
714071
507623
323442
931144
531590
817204
428708
835425
732885
648205
44549
733049
808599
264124
469652
91423
592380
661557
927807
974873
705507
430770
813421
570110
39212
879935
863357
217093
595577
749293
468588
309648
256917
792030
240792
302711
609234
183704
138136
856323
831909
696888
103577
640508
961012
87433
246136
553392
748989
173943
42470
454497
604712
855890
24607
158129
250030
402168
375221
845607
665666
358014
669459
436787
150044
424456
739497
273482
608159
877632
644009
440068
574520
261790
594781
49737
349222
840916
117333
98211
529063
159802
66912
647980
15692
91519
806108
265722
7891
181329
625533
673556
53547
294992
624547
203590
233652
364044
991275
841811
755880
149489
796083
844605
411278
905068
408546
760499
745984
525879
372915
275048
199885
439826
923027
215577
45549
729135
995502
53440
424668
621035
241200
478215
430231
865747
196009
663883
743995
701489
19899
14081
850977
330186
372890
776460
235255
781435
536959
981238
307314
909873
770490
21404
349700
207722
236980
395248
936856
746686
962891
875729
367721
204092
868148
797951
69839
578361
976038
328038
279850
995936
342118
645032
326123
715007
421492
75582
10648
958450
56820
832165
382529
341515
853568
246433
549236
90548
641680
298
837233
604572
390231
719158
322868
258379
31315
906910
836739
7353
234948
630794
517494
91271
275826
357821
320482
211522
433402
331129
684176
4426
163295
66705
345940
16863
827341
409381
621615
469022
409678
973052
587798
799908
692211
910665
572491
723525
817575
923434
245082
566727
554228
276780
172202
344258
148805
492684
69984
96411
823812
754160
615041
987106
335069
475185
518174
162411
884565
139789
145637
808447
112841
247639
122560
805051
158304
695050
42781
490083
618485
802067
571014
686917
593051
743216
545380
741856
235900
615363
352471
573916
883727
967511
561023
218797
442697
79197
895411
327262
733189
41048
649914
846029
288686
772473
165286
961193
467524
722270
965480
600213
524337
536494
801334
631593
793914
346714
887653
544018
962077
240124
117935
845804
721840
678957
578805
164537
272358
474216
6003
5547
29468
655916
365780
318153
942594
531065
793550
410118
253336
759030
524535
291877
809729
325869
923469
603643
672583
325327
147662
148865
565451
265596
508873
801495
458757
87679
966031
245319
76099
486238
765069
105567
656359
130849
937923
598953
176119
731474
9071
943658
490504
47810
235535
814437
373678
673209
418081
46261
512740
79947
709329
78191
859746
218203
879685
832707
820085
359921
78026
896183
360364
357299
515954
16723
2352
453878
615675
178470
138950
122128
190060
186759
871867
4498
560436
59281
936782
120902
572020
530933
344435
164416
390679
562637
558305
223386
382722
918226
815615
793110
278590
172914
309064
809516
175265
762941
425191
867939
462497
78345
504271
652557
265103
376138
171259
339743
949622
108041
974848
521643
638973
319284
686058
29652
396125
244363
767241
778847
676793
97061
86162
469587
784178
395225
279103
473647
672371
218498
341586
134868
296842
845857
301629
76149
736199
472887
930096
685822
580927
904944
207465
219900
738432
407727
763755
134558
166294
45201
427609
357292
142261
513770
826878
926438
423199
620186
914290
95570
838683
255876
744642
649730
615937
46271
725878
352137
519158
655974
552163
614289
75124
273832
348394
813555
681558
112149
948112
362056
671554
889925
719347
328019
403695
546226
768662
341099
680616
682952
950872
33504
938827
695514
683233
68970
741785
409112
935310
775147
579290
487473
389436
654413
761304
737829
982173
957066
364183
444490
319122
35737
334416
38470
877959
252315
98900
646621
593413
779515
329573
544286
813018
782605
239800
10457
851574
495789
933772
301089
785140
513062
788561
174577
681680
64070
426610
663853
21136
790792
108343
854461
340733
442758
407135
218693
209278
506034
865313
802690
799753
709091
346976
126977
491696
100981
137433
857474
110974
71205
158563
896114
584266
461328
70691
780150
525397
497300
444003
60737
802297
66551
429402
143030
23513
836537
875926
232790
342571
741240
35481
142325
450331
896660
269301
456231
997640
406733
313705
108615
992141
986471
518933
90612
447799
103828
870762
487400
115332
828969
548136
917628
977537
574863
433237
328279
450789
666026
670850
706233
215711
327379
156564
112372
110884
126999
624216
31821
440703
247035
23962
941378
765967
114573
389177
869794
985334
876576
985126
814304
938916
416959
224028
430659
991821
657264
758937
956815
323291
943991
663048
53206
271370
819612
679781
896457
946610
303998
928277
901518
65237
952238
842896
345409
66812
746278
729407
566350
137059
228738
894858
75976
645697
118887
20839
151723
776150
293980
108538
613645
237972
771586
181056
23546
105403
860836
920003
566217
164834
848280
467735
744275
314724
824836
89684
895739
571114
819090
462089
708172
47829
871152
298352
990038
833394
359452
280393
127375
467990
408243
879550
753780
589298
417300
859182
450134
851507
425399
129173
213993
407339
873447
528716
232175
963130
938659
317493
296425
914952
539869
858457
786104
352426
66187
776142
185820
425639
570740
827398
407833
978982
221153
161613
568280
152658
20795
532618
4165
960397
661790
218157
367736
49442
261077
114115
526776
713940
431607
823201
628893
485681
681658
414997
838106
747845
705344
23926
687688
276084
365529
95521
255066
586681
771337
337550
739338
306336
870167
257708
266733
46163
990068
634469
95604
765350
262788
622380
479290
694395
445581
108183
180076
641443
37385
18182
903492
742728
556311
591180
18812
921839
200905
788081
22726
972241
125631
276268
278577
510002
533975
59515
556164
38249
208188
651768
803598
470975
274148
282888
165370
233933
905275
859649
389580
942659
392035
293073
199592
462551
398457
218403
898594
113567
520688
921319
600012
160523
197588
392794
670524
245767
452308
740893
284015
660495
392661
601817
131470
181013
884705
811044
929149
304185
184898
318729
761048
91138
126006
960639
553688
38668
179042
966486
152234
213934
887806
752245
374456
599598
659243
559184
359569
111551
300077
157789
286250
692737
759605
931924
387954
158515
257173
317103
462699
956274
150037
223747
561616
276042
184386
629508
314709
877631
595995
466942
91565
483801
733392
466020
597603
906839
539409
471376
18391
839485
629164
818844
532223
388770
264973
434381
547284
522145
751484
9984
992624
901520
233730
554240
691766
932320
183749
6476
809951
779743
987621
415721
777748
235218
395945
889555
142058
935353
360931
674652
774839
990095
7701
821266
378865
272674
255647
926148
309023
7131
450336
815851
422855
198271
370092
628826
130591
68045
149506
454746
847787
137127
870466
139740
886549
780616
29295
542811
715969
390225
731667
490808
894524
739367
826278
273389
526245
81926
713742
835268
603260
164078
651119
876552
535415
654941
7143
603459
804446
976093
965450
455777
360764
105190
856530
141380
134484
399341
857349
38914
645212
862361
933437
384580
688640
721031
910824
770565
948977
260297
373825
113055
911416
914144
989607
961035
83290
510954
564495
401940
487047
529945
371922
362016
149340
228452
503395
283823
141998
360744
836940
787209
737310
284583
685993
940154
519818
596818
224924
468795
857114
598748
96054
282735
27098
599865
757975
624591
625024
322470
26532
626275
366619
398453
988290
515958
626904
491686
313986
283106
366634
665130
70316
103944
949712
270513
44098
983734
867330
269021
452529
238650
381974
62788
35589
923275
662652
793563
547866
801880
630237
574397
428156
996856
487054
416446
27019
628163
908131
341004
911268
788970
6135
495788
892913
470051
766301
451216
453786
147836
234441
420519
900689
130619
997510
936278
568098
174368
244046
115965
976247
388488
204566
404403
385344
205825
820849
926566
833987
243185
267571
259460
32155
787909
269453
439273
772164
549958
404693
740154
697793
153338
160674
112688
283957
672388
48966
366259
846755
807215
996427
823003
195703
200994
227406
95251
921022
562459
21818
755009
805644
803592
528673
352003
105706
798125
791275
877869
348083
195968
618024
349306
292902
672768
147467
965289
235938
513725
812045
557357
510153
149253
753060
225351
376658
362515
146373
453322
898536
415586
258966
702128
944258
610968
807833
256589
916448
199908
118876
112416
817931
678956
975925
110833
865928
637596
590326
616070
151322
916575
173428
175679
65828
926487
915233
956690
803206
575810
410012
701743
505600
183182
403871
964062
794149
725909
220651
710597
925816
853731
337218
743747
46892
313143
368784
912820
950739
473314
528890
616265
389890
702317
306148
455717
143009
735585
926611
946215
311395
850827
647958
816994
34009
566033
781056
828158
291942
515912
52960
731962
369643
904381
989913
416534
731729
358697
843558
196673
832011
886653
327142
736105
588970
633289
706026
246184
368874
632638
706603
194473
483465
868765
525671
517474
434798
820931
859836
240945
851047
427000
972906
220690
331382
962820
151429
577315
835721
994986
773987
667732
395844
101129
918041
499019
248622
624068
745202
131700
256706
966009
326172
254375
834774
366047
286053
269572
186978
660093
510516
38026
87094
483423
772919
932679
960447
924347
24199
796168
433539
798185
978105
829382
413518
896146
328401
662139
520214
587807
793838
291124
553816
634214
59704
388590
261
345756
172367
701442
520054
682882
739467
121352
680509
512387
568235
640956
950938
592433
951329
898681
904822
929434
242269
318340
825580
84874
980478
859999
672681
288521
665327
740701
922734
725030
643496
437199
584991
815862
138641
105045
498744
878108
226396
693458
904699
308835
848618
369842
901267
799947
268524
806089
729381
510792
124429
69167
109870
619111
443370
782550
907631
108697
37457
344570
347932
680952
295973
932922
496814
434613
552171
509762
826925
292771
717424
245829
601605
566043
615671
17077
365990
398399
823165
609576
423395
461798
192947
533264
80909
636316
315815
502744
259217
867475
361518
607148
548427
657490
54275
559445
606307
120650
69207
433233
927624
300836
193266
529229
866878
808936
546305
747072
207335
883674
870852
630729
345472
63799
163994
940584
214319
994012
957532
473536
861487
833254
594888
924118
4949
163368
483563
611256
798221
66974
558693
725846
367809
751958
255075
748891
75100
315585
495964
282434
713463
366816
427368
58936
944819
105566
513724
159138
99578
985461
146878
475269
818715
255971
399387
823664
933542
882949
949124
731763
464127
22022
457609
831936
288184
226889
580827
363283
56678
590995
159922
770140
957811
587289
343280
416835
692854
857004
90177
306636
842465
751259
781904
175385
7230
695495
513253
92649
462377
186739
556775
998602
158553
388711
286787
899645
483743
650069
956322
74738
809990
240667
546753
911483
583947
477792
118542
955155
567969
939381
311825
319228
235490
487209
840661
930984
463
295637
23633
977043
996579
580408
975646
155132
483323
262433
568981
967065
426706
39508
556008
750901
280175
616965
176589
378326
94758
809335
333481
176931
748716
645305
496158
984206
646718
851023
915190
161385
146660
453028
652633
143239
33436
628279
812575
30963
404916
381556
512233
345826
421064
582445
610931
215443
199410
787520
593768
808371
596855
927248
499506
859775
86758
509868
843981
247680
360891
273377
409065
507550
726404
575902
650789
274044
204181
977568
305006
123301
359124
331443
983330
294392
913887
594262
509834
113298
381782
103602
435873
492841
545054
935379
352616
146016
445247
710802
907900
320343
984178
831169
827892
224787
407071
992885
13035
125456
970453
832244
248756
843782
163688
746290
138174
77575
340552
162213
705076
236538
780018
655154
729378
325073
590533
81995
985292
549984
792796
893192
870326
291179
724361
212424
30170
131432
205309
43204
256887
689967
875447
19847
533749
553339
766137
186127
630914
620893
348339
850194
857431
128358
505348
586809
967634
610085
183008
467131
674274
490008
360324
58805
781186
84685
271228
325560
730321
990741
368763
987207
680708
758415
521259
728661
311754
801600
428992
456872
422493
291536
307067
279924
419893
812414
380938
901731
422500
78150
368862
96774
568158
729185
155578
863548
328075
941010
189109
58396
931751
72076
559807
126664
830490
595270
855324
142245
396870
798520
113321
819363
90056
420387
613491
24153
747006
994428
925883
169506
72579
808950
780483
154941
52340
450265
18489
894618
391275
721801
467218
837230
793877
27026
963893
624367
136500
333422
280816
533370
131943
394137
352733
221998
328728
480428
246151
75734
474857
686238
245239
61640
495188
539926
216580
547528
990191
749272
442146
895670
471074
909364
732901
264951
450594
210999
403522
587093
544421
684338
634667
676363
592679
987399
412565
921406
982032
658715
456889
344954
756583
32733
354346
296510
763516
901873
800905
512788
858224
210780
498066
281793
943680
277221
732386
668884
680743
833683
213305
879285
468351
403872
471964
969954
816436
393370
951986
989356
904714
923079
848514
661298
470016
202860
472012
233532
618938
272917
260525
991366
483696
758590
273159
941581
35812
519749
610465
716554
353432
337974
110044
335987
582007
305942
586690
489581
772132
90251
394296
695212
938764
569798
679432
655829
41810
912964
274767
314726
173489
312626
446283
539291
768411
996298
573244
893080
227057
926675
231054
337100
262663
1308
919106
82809
587998
922892
854940
678248
317188
64357
617013
886985
743789
787046
442999
170958
61813
757724
858650
842149
584554
304933
895644
352966
815436
468888
246046
42493
909767
991304
379593
172430
992611
812903
769442
580609
735795
138588
773062
567187
202944
904279
968376
460937
691325
411375
631894
267342
683303
490544
109491
267858
309682
519339
135028
125118
988226
895277
167610
412198
886581
61407
98833
879193
388515
868274
974006
124310
6862
747068
205702
724010
165552
174078
184947
856876
585453
816841
124218
268756
821589
747912
50818
645475
267251
700049
770592
769681
595327
452407
181880
481908
28018
280712
875305
416532
663190
849312
55047
670052
110585
260748
394062
276137
434825
579008
133013
534482
910053
771435
317443
245848
33552
882464
891322
300803
582514
176120
584688
177841
628526
280772
659748
170748
561483
49259
587280
224674
898570
642326
408930
523359
903073
317196
799495
852102
896203
446713
386585
320462
732352
218232
566309
765903
100696
457631
580910
683209
633750
165599
861049
776480
446370
35003
947228
522058
84261
48713
260936
497035
691038
669865
20394
108316
987060
334094
474622
397468
780806
375411
232134
27363
593642
798442
793265
694338
770278
374176
377547
918232
53979
752801
208918
14553
787803
156146
50815
386268
719062
311750
883302
410100
495819
417900
32620
997083
751993
507241
908756
47004
882652
140890
74366
990498
453537
381836
684836
738019
270216
62384
656251
838398
329389
865168
852950
117192
535518
903765
17664
254580
729719
900965
178884
225539
318865
725707
736826
585063
747153
645582
632066
144010
300677
220637
134508
268418
602472
819344
6437
872687
395932
662687
711085
725320
42061
78240
356716
91783
496209
374379
346363
225929
789548
39451
965671
108413
765158
216702
207680
26516
862284
839746
170525
677165
60383
305032
945582
177059
638580
952018
563950
34512
128910
789239
274036
685174
381683
630751
776957
877892
519334
637524
103821
308882
676974
583696
931499
956336
800397
139179
982851
176886
978924
667580
854050
553511
486817
313837
244774
125397
780059
808723
674113
908969
112167
948148
108348
493850
93105
885304
371742
612438
522828
989766
921320
714007
573462
852819
184548
888063
991997
681604
64950
485127
349184
433204
552842
836000
261246
797616
961397
41305
120544
149715
464478
746915
97863
572826
240765
705171
972334
126711
317610
495163
630681
753134
723374
718347
120158
907921
606410
112155
103730
185564
111486
452914
132973
178533
803118
394218
976148
278720
949726
610896
428434
414205
872015
40502
501235
626984
745672
473569
753694
577486
482936
898579
330620
720514
616926
450777
142641
223337
77137
246370
923104
702826
213488
56077
881358
16607
450294
371711
295326
914225
496812
237965
328430
368827
278466
343869
995811
24138
331642
263710
115829
814578
162290
446448
49297
779215
411430
191937
516756
2771
952511
439861
705596
165999
495937
586955
182605
460436
958665
992135
374661
455477
230100
217295
824304
22770
561163
334320
561111
892804
598029
676939
221587
760318
637592
270884
53739
49022
977024
570494
51792
929535
10355
271592
95535
20497
858546
792343
480932
331417
298683
855592
301098
42987
72887
639606
65756
148254
973925
626867
555262
86160
818010
291054
360682
455602
561937
414420
18828
53166
499119
70619
982701
509473
856415
592440
44174
714961
898987
525105
560582
711875
894901
861680
754861
481992
501286
334822
630245
475212
475893
699712
75576
293903
990765
436257
66907
850677
282537
120072
349796
867360
616977
373473
723775
723621
417647
952940
136814
456956
513523
848688
351858
889407
117754
833849
390693
452575
978299
380109
442672
678011
455684
250780
668776
406146
514489
735682
256823
311230
369958
120823
692794
986935
8500
416569
224761
426146
883714
361574
883102
911441
724466
234960
800848
842220
583013
705745
808999
561312
85855
251672
239323
55743
16656
422303
461888
45349
157985
232915
356578
42148
867941
49373
543287
876441
980145
768047
816791
863859
129622
699893
775300
854087
449057
90353
210512
546275
796098
19512
107587
396157
785387
861114
451899
802042
283417
427992
847390
955606
175111
718172
997753
43053
767544
541040
919493
747690
823291
250489
125754
952912
950382
901054
321205
913643
505611
45921
459918
301709
65432
81710
697865
365023
942823
149765
681269
740444
91961
528659
696050
267071
761036
208008
824327
528580
263252
258025
790474
86544
508514
553660
973100
331487
389069
886743
837097
434990
860866
138807
14626
456780
350876
379649
399603
14845
60918
140047
106805
103782
350302
888080
864817
72514
712407
907601
335766
970432
212281
422309
478946
128509
975968
452046
974199
365038
852993
325501
314232
228064
978511
328857
684843
329388
222710
598650
344232
283628
252902
965241
901613
603203
853321
280635
675716
565728
702440
11482
50365
914720
947994
43515
557433
923963
9765
45837
803205
862758
371338
117437
605026
349849
960497
289870
193441
183208
402724
537673
981039
655625
502914
773032
870439
677491
962953
436167
379931
488639
737
808856
436634
44251
366289
874801
54016
412126
678006
430978
297668
309647
36004
161721
270144
840077
355162
453351
757006
407039
948594
412631
424157
831246
185664
294596
22942
148617
244967
917077
637255
245703
725933
588093
804158
92222
462894
858173
18552
655104
803355
316219
478955
839358
477940
263304
193641
347306
230859
950646
754344
179454
877481
692705
524904
577349
987300
547846
725965
746471
464923
877425
506379
190856
979722
310537
797281
442617
168710
330038
611925
972064
160461
90881
325627
638400
354184
33472
499910
585042
498322
768458
764495
890008
461163
289400
467357
962667
351450
707527
709139
816372
584952
729722
521432
78879
40259
832917
521495
723172
162955
133421
209441
323416
738505
49272
476020
596948
975930
677730
95270
258593
956430
985277
719756
760034
452635
682423
111484
674366
905766
442060
773522
149693
477696
852400
189951
310613
373896
427327
987772
21521
636767
825392
760025
686039
301412
852713
797191
791546
44648
892460
50140
515282
391943
284100
275316
358782
480727
901003
33148
386494
343063
806669
50391
820758
659069
240342
645576
547169
667668
633348
568689
818640
458740
328714
18884
274356
695631
816074
65903
254484
222739
630246
283970
614681
914345
559286
973462
909276
974493
520814
295770
831761
841687
860365
166724
500757
100707
812299
47926
282579
445647
130820
101219
418591
973737
120102
692947
183574
450380
273054
438057
673119
417504
236231
287800
846053
309721
775467
755329
284215
810485
565304
115976
652173
425669
282699
152930
526375
94999
715059
323158
54850
360083
424377
987645
333821
58683
680592
517394
509063
467850
469655
696386
885353
220090
984185
731406
529811
273857
940
814025
84343
566243
444205
736515
991911
726903
403649
32491
336106
118708
355649
992995
294230
892805
326816
352912
87602
358414
376179
69656
342273
72565
469213
562362
570955
200619
92173
844811
201558
420402
929153
282006
864606
179873
273917
105715
583521
306408
441820
216434
662056
861184
209429
956285
268194
50449
823401
355795
923066
199581
425450
779543
786349
894662
856109
357304
609485
462487
716320
325248
882888
159678
607253
261700
853755
395374
367414
437276
701781
323438
167914
878041
184623
891546
834326
452816
456199
171933
322816
379265
885717
262470
673012
672066
671337
529122
543575
795026
505813
774099
634478
388701
933776
755935
164605
787531
151310
532018
739012
367295
369661
421130
245337
68488
312677
593867
35508
283080
280004
358323
176550
165721
134998
849561
351992
806334
892887
409771
115565
398700
183870
750043
301606
631850
505978
466210
933586
171492
512433
672598
538787
396298
607932
298328
464785
434813
892194
500292
717893
686403
372820
894442
852123
507817
744003
204115
828355
151096
613885
943919
549795
311959
693962
365605
943809
199941
346020
391600
371432
858452
578402
424423
768954
186334
722750
233739
621147
129150
248235
339040
815552
621054
233482
128871
491689
385995
957225
642784
514084
901145
706784
340248
109312
72389
798261
309252
418408
189861
194889
791064
768262
133516
560018
954595
370471
307961
575742
499620
556196
428986
829376
177250
662467
11256
820325
668361
911454
777550
311145
939743
192900
17929
279991
302212
604522
78252
125668
22930
268112
834760
328199
36374
482481
888216
505173
852951
710382
595120
352571
266578
24106
696151
443827
200778
707406
778356
869138
618861
555907
180283
72809
263011
712416
352799
79427
316938
945254
205095
854071
213366
554059
182270
763943
36540
584691
269116
889490
295073
378440
756265
561650
402546
519681
603323
674027
298038
986665
807092
368149
681152
879900
145364
393568
232699
224791
224710
692157
944089
78782
905522
498148
261051
183670
48893
359946
966989
938382
655018
345430
208853
730872
262180
661268
250554
379707
335295
62796
366372
142387
945148
47524
536491
90512
955296
769189
315302
180006
461346
773595
772991
881072
271744
548247
578946
320636
908192
545936
773222
563211
405570
982074
294083
667749
157548
58841
47456
7047
635840
928031
663638
580988
489759
200129
185705
445055
483523
15211
139266
459073
788806
912256
854350
574754
974707
433296
895389
882900
493436
182816
960315
899005
679095
768602
80959
836642
827443
642618
357893
977487
570649
21531
72681
60409
221660
258385
19668
705182
787799
158933
678459
576605
585394
532809
151359
560101
966105
560952
443001
973745
257973
917520
872751
937067
686123
467914
287914
27771
110533
645806
5258
195386
181542
77938
255794
403201
850526
275462
622587
638326
948598
815250
533992
348060
394699
608298
828369
469855
51299
802114
727827
483024
189070
179099
169147
656984
467012
196917
767516
627023
716378
962901
808564
308521
732900
725969
159047
522566
862760
311577
471164
678010
554917
519361
26070
949615
127659
854438
419470
693161
170758
661502
176185
359827
840600
345331
16811
821817
56452
784326
448840
772830
261433
771608
81351
508537
497577
754601
31103
874541
580383
16471
552551
135300
50036
578621
84915
177694
947263
18589
385060
118021
680090
561244
477848
34896
420780
8863
856712
991435
307394
819756
764265
83031
591364
359820
591567
603145
114422
622669
477686
209009
153344
544441
344308
203380
637266
943426
98735
962014
280337
216755
156310
355786
208807
191205
290770
731874
47917
282205
39268
381877
560675
122298
973240
920494
713864
90590
549120
850737
82480
758128
518285
626920
616640
721664
778391
560066
131147
877125
36286
411483
93880
192595
281473
816891
898003
572242
548765
945919
368652
102237
842000
929326
224534
815240
364025
452602
420034
427350
817543
16718
699682
335828
643637
316323
571697
422028
876388
702843
299153
426878
114326
907237
619472
395799
238333
517475
482245
301302
977598
850896
403538
819598
780222
142276
149043
658452
594877
83281
85802
412420
99998
785483
262452
257840
101806
834148
194072
492399
536991
493225
433481
651317
914666
52954
561320
667203
84633
557769
968504
576436
408666
886246
910238
703092
28522
573486
361544
137603
656766
961549
64227
270969
747033
326678
528808
363043
675031
722879
369646
212022
730308
803127
377543
159179
370285
453067
826381
969121
10837
309090
545557
419502
195336
970000
636798
738061
543486
998342
389868
714456
959891
454094
985424
221129
294977
514232
98377
970007
751316
468022
696233
481624
785353
73777
640803
155638
526843
467184
124760
51884
776274
184521
471385
485814
668725
622388
223876
212211
134935
613743
440872
609030
582042
940500
830159
391223
454733
928535
875434
720253
910761
571667
201877
696115
159648
356884
851752
686491
338273
490716
738374
628751
189442
723964
114565
858166
860556
852644
584582
995490
980592
25454
604520
76839
965953
434679
468061
934890
877418
857699
655143
302385
429366
371225
998499
589014
728108
364456
789709
580585
855172
42288
209336
44614
280456
838105
416984
141012
204954
1566
136502
185546
741022
262384
507177
689905
244649
442067
81529
102348
611415
383913
45919
496844
382412
149137
739156
261072
938845
319742
116244
495337
43282
675061
775793
881386
92046
916804
86341
607815
567511
786090
634834
308533
562679
656215
512642
321532
98282
108375
423880
223901
492287
984002
720744
388903
133139
459901
649975
586188
293847
280423
81525
337128
469689
857317
218515
75939
288327
819059
683753
855837
119354
832791
678574
682032
489006
705420
3565
101493
813795
941648
839597
820286
439855
560342
209190
572993
534447
373369
159181
828293
167996
240705
679625
151889
612227
412344
227827
900553
231403
425785
270595
864961
258576
463373
546993
261787
168793
64762
363279
982587
520614
202876
802874
960468
277422
526268
47666
326073
413841
721050
154366
581836
475960
833991
733725
88187
246335
475756
502944
991942
415745
287743
856903
188526
918100
450312
919907
497067
327795
416700
531885
44875
219574
6559
322297
260046
54224
162574
673886
289479
831144
255722
765438
179340
503651
853624
425674
493612
870772
931820
423561
302928
612086
909629
735233
576602
343741
746504
904396
760440
278389
949271
980013
799151
785772
754263
367580
948345
428149
657058
779489
198076
422496
958828
215931
790324
898707
661096
344732
647308
333815
161865
259394
757648
897097
835996
101389
157806
254597
861829
950398
203868
356047
749550
503844
110311
117130
966394
52664
774187
260088
250739
196683
733121
980874
987006
631828
204621
162307
490764
851928
496121
652628
625527
253769
63930
975727
355157
735939
230324
731190
686338
948396
87238
435888
452240
711752
553017
932838
764415
841408
192927
529359
38091
926047
510233
539301
72080
229058
701607
77048
595191
711932
729676
220718
965700
307810
196445
835061
43750
940972
80457
730087
889368
681898
680179
855813
393650
747400
788651
672269
588808
495782
201628
626898
421829
226065
680403
8113
969327
382010
85161
564518
608146
329041
785235
88051
151055
495884
923111
194804
951060
517772
439095
840429
199670
633478
210447
593319
380878
513302
779793
969685
9085
495625
110788
945117
235895
791190
953230
205222
687404
552595
769739
295550
881635
69179
383600
565062
820916
741698
516122
338688
694997
870755
52563
842680
81202
645881
223558
108709
939878
707448
117793
435504
332440
577114
671398
637835
876619
325239
597143
646358
134994
992982
715536
32798
539877
794802
853713
281575
825128
706606
490776
210089
759168
333456
805494
919253
71219
914202
859132
778666
546199
294636
111106
123314
480238
748940
167862
356857
588384
279210
517419
723377
272192
747159
270379
812068
56166
638297
607847
881293
859107
98624
605586
618275
946283
411081
51733
17502
839487
425069
796167
385687
233909
421478
23205
714146
684622
191066
71003
273006
470275
102626
510587
256672
849784
295171
68740
905949
933467
676587
301448
792574
775210
907033
925053
235698
318114
976785
253200
671806
401855
563571
57493
635763
499253
80697
349910
183876
785966
935116
971085
770446
37743
995877
27118
401731
291048
95857
307681
224515
772443
609128
17089
61858
516161
942141
297556
348480
433131
64960
20286
349190
628530
591982
984953
127784
672678
849067
311659
972848
298388
796948
743294
850334
792825
770411
252066
83873
866268
559746
308387
152916
168874
839679
728978
199239
296025
540738
61923
243361
605697
82208
592550
234227
674189
91708
362010
861071
454979
187873
833920
753367
984821
91419
603701
291851
861830
855766
375724
242303
929716
198315
909422
612794
552199
326238
362428
179138
388160
605788
784834
984572
712543
533266
172966
804250
895275
548242
259230
597353
382162
526801
96379
987784
644706
388229
849614
14678
763952
606121
944393
476472
515544
71393
28671
668148
397630
391098
847286
785789
511091
146325
284566
223634
679590
457532
27884
89071
5774
801317
200628
902139
328118
297006
889923
972824
199439
253743
987501
477596
859863
446099
954067
889611
517491
496942
557760
429325
888039
919250
215115
913334
65575
499680
136968
745165
471416
164852
348440
477189
480373
549067
379328
808491
360277
783456
295520
559715
37199
797225
37311
411266
243324
991377
300878
275020
488319
858637
704344
890563
292092
433663
803897
357666
447548
455070
617035
918963
134126
479679
396153
614498
28746
289685
422989
389022
73141
232713
948737
624543
29938
500252
35810
787466
491630
336687
576690
494153
709528
281034
898920
1620
228902
217023
873489
676449
672092
4730
595412
806217
484408
505769
934919
27359
795454
357909
416380
382799
104826
879321
7343
648968
379574
43152
436434
385408
894042
13124
393765
117775
808361
806890
633598
37263
538117
507087
227916
724413
26021
823328
44835
510429
843301
979753
537787
638755
851866
468371
535759
956692
861897
57306
605660
241471
100457
556298
141083
508703
83626
49052
626477
406191
855941
774279
443454
908262
795570
671369
632675
821591
8902
677509
332020
852203
657263
384011
5163
509129
366586
55126
465821
228483
112431
585685
984157
727091
656187
125240
235794
739812
688496
376475
146004
544437
150754
103662
966904
460529
289235
599579
282120
812341
277089
128344
664544
448556
26559
183911
957684
393144
239037
937710
621627
351467
37600
605784
78559
693787
245229
828556
433599
933724
719236
93807
992365
384194
197468
959269
844722
908
558849
126842
813248
350142
769389
798697
795947
175907
270586
189092
414943
722500
810718
280615
760100
930706
359173
968091
175935
701933
915894
109659
421169
9702
616229
805363
721373
575498
650085
722280
648551
291132
535528
512897
60521
527524
825798
856468
703431
96385
559764
632578
333089
370482
913192
607393
815392
786569
575484
991327
488503
5584
615190
909671
15285
231419
229239
250862
321122
393529
973142
969672
684660
22875
482570
259385
64604
308368
115853
282239
918956
675616
914816
766250
560302
342214
373643
375695
128783
463332
881226
617285
468915
496416
41162
998403
727835
270400
249265
48957
663928
222407
532833
862792
759486
529607
122178
824089
837975
752234
106328
271136
535348
37386
502357
877561
925233
878051
6345
388565
759277
137834
857479
769898
178995
855882
497733
963599
619351
60894
141732
355963
107931
4525
115449
637538
126702
453742
989717
878935
74274
260853
820990
609621
812443
323348
487183
737676
715603
7732
640445
989085
145565
12129
758983
838764
382215
770920
802363
346018
944094
357528
453948
948618
987180
605690
589524
440922
595407
982664
515195
370465
803654
639021
182908
641206
640408
434788
871014
648139
589437
374304
307908
601565
647491
660876
497984
932615
463239
499549
278633
921538
371282
246785
384361
358462
852475
973885
313589
962086
470754
342988
332551
788612
982008
29663
429819
622416
978654
815037
784759
568091
189341
606872
683860
836831
267748
181844
769446
245192
195598
562283
166730
566879
809067
65295
439545
175747
553384
753133
96122
984588
812750
78130
14252
756773
214751
992905
571810
513714
75202
761150
120586
759061
112186
902538
940905
881631
661934
136503
443914
828663
217586
767185
408162
657130
457137
961546
410264
109175
499888
506385
93763
312638
98719
622218
69411
827673
615124
155425
341388
204530
916574
976177
963590
28760
392920
418700
424595
54854
69407
382713
397721
286992
149899
805883
944122
607035
281634
354386
716209
781521
374975
324176
94160
987897
946394
677774
815571
75723
833199
671163
280252
263978
161545
758046
806942
554465
176747
231537
609318
246153
614250
521244
533145
278353
327127
991471
399592
608760
860061
630005
904485
235036
954180
998644
737137
414779
190624
552708
490501
23823
738075
284957
802004
899620
43004
608946
454085
219750
840483
577607
980106
968937
98851
27456
247290
940181
18927
646881
63146
878987
791090
967631
628227
745270
480480
365365
160050
671103
432277
164755
209130
170353
449712
11135
69973
492715
620080
38262
226669
974767
615868
720979
943704
228924
748435
705198
683309
767361
866283
260660
160554
657373
742495
788780
916848
222975
668349
591102
894078
100627
755856
617412
785183
719772
628546
855155
212487
248627
953359
737598
23489
674339
195508
766616
422774
900705
964130
704339
281194
224790
379097
452771
967284
682082
369619
190259
350431
474925
598541
965261
230782
730158
750444
950553
358704
119804
677245
121535
527424
144809
859133
550913
333352
54641
831733
270330
469550
795863
974669
264948
20653
867970
717719
502141
550052
601542
206605
900483
76468
319350
379949
821453
49508
644598
286211
408212
764401
477660
43951
291826
136674
903083
356943
470025
471928
702880
740355
455683
229229
720630
33601
97199
952553
535742
647251
68301
256551
61939
658972
575900
956091
480425
625408
600689
280840
547824
879295
272705
591774
171121
409378
9063
42268
879402
995194
745147
619757
450877
758095
363190
685712
305901
460389
638265
355847
621844
706565
612397
683782
879741
702501
154078
874370
842113
754767
155211
389937
634062
427915
495916
319387
837292
19183
875858
230899
14377
135210
364861
465254
893305
728050
150966
199206
188439
303435
69257
810282
524205
681653
8269
403946
384154
162347
278317
740472
431318
947731
130409
579584
889850
140529
898970
241347
159711
774828
472245
174088
910037
837105
153546
317547
565156
30957
267799
122150
100213
592286
160559
296070
600554
78710
194429
277105
871230
934900
222627
818961
579513
802210
708811
720042
215385
464362
879752
990212
936606
568044
414455
287917
732001
853072
54509
277163
120871
690863
891579
227361
851421
187650
827915
930130
896282
619224
801360
831182
841851
134526
410695
158266
357541
644941
373651
821902
38899
878067
272714
121147
292522
560630
356941
538728
927906
411449
330095
562981
102312
221674
790342
467938
409323
618257
912272
305605
751685
713633
650991
107741
362363
575891
266007
719904
220832
153862
541806
259730
31929
328724
380877
838655
889353
252022
377383
817259
663470
221682
380241
279987
443355
170583
747924
366883
303044
660196
672487
54729
888033
837683
676674
250397
413574
942680
484505
634405
610746
540515
408340
642674
869239
303421
481329
758592
555442
90057
218912
594597
470297
13103
552157
640879
275231
919039
458127
449632
105731
27060
337665
943413
703733
102266
356987
160618
586770
505597
771363
641490
913936
414038
510729
731561
409571
783525
287003
296692
873581
20119
405493
343878
33222
957649
498961
822656
876688
957087
272288
982419
498352
609953
925832
202085
226423
797024
362703
327398
302621
648270
968887
730761
576512
479616
462322
986083
777345
263529
796979
650927
283647
202472
509009
831072
160122
7971
653729
36810
479262
926016
533433
977613
50174
459266
693903
790801
770494
570810
118199
73115
219080
87086
318080
795592
80906
780401
295880
858250
43930
92859
23382
841780
295330
532391
187058
455451
54566
840786
6466
533827
281007
539898
25646
845385
513368
233753
636186
283862
804562
268589
356976
23642
355674
189260
333438
950783
969660
629317
323238
527794
236380
860824
369575
531710
393215
70837
501365
447780
911622
507830
495811
706833
561933
35661
66423
75301
269413
702608
359163
588179
971196
230343
611821
841074
419603
459463
306062
903467
88781
143505
431262
4329
315041
371074
911747
385877
386644
873731
811703
408678
369542
32741
970610
919407
99164
45912
703024
315976
919278
291204
287173
663825
417229
642451
83428
876691
462718
501100
479676
606222
932361
319041
124755
761606
204319
36502
661687
105167
910232
473390
513845
793978
506130
484455
227590
119498
44571
930614
435474
478053
736022
236851
141879
153251
393506
225306
544146
856223
726405
538027
976649
172971
857067
101404
448781
575590
652109
110468
680757
562341
583857
708806
870524
604192
193261
98114
237894
752036
542932
673367
230089
278954
910217
371967
946408
303724
111478
4760
674151
352087
542786
650801
39263
914057
266409
488043
3852
918518
112716
684608
480859
696572
393414
865587
814968
100880
963701
52863
367120
20838
240434
597208
299792
483380
760404
482784
109062
279368
156935
975352
822153
321940
14615
250415
588349
254267
506867
129578
938874
501930
340354
846493
367518
669527
461577
845423
236594
828696
866260
477027
940108
680256
656087
937692
954865
138871
560958
234233
295806
536311
56387
617745
65130
821005
720298
596196
75272
227165
725773
528351
243300
580332
374844
610817
249859
350625
970444
179321
350909
991887
633633
31166
647975
571326
986030
786845
132284
220263
82651
182799
790853
214601
762133
126064
934898
358329
201335
676268
598307
729685
919567
178639
618733
44589
942701
969357
529237
943357
662882
880145
935244
296516
911310
97424
382046
411545
884269
28534
146013
481124
211333
451070
209929
973465
577133
144828
845998
778468
335300
444305
22358
254867
622943
641091
813659
79849
124653
342896
537410
787535
223041
472655
598255
134352
84283
980300
60101
968551
8834
206113
963880
734370
657183
173809
222040
234316
318636
582243
12784
653935
26548
35142
423006
163696
190437
236665
243544
315089
93765
780954
102624
316806
767813
700878
965361
852095
195383
25462
334852
718421
231575
298732
966995
888757
472540
703240
123073
305381
285483
650061
473520
312030
199407
410731
475725
389843
647395
719269
219136
741160
14428
835964
572170
782240
51047
537531
148540
246430
77197
483391
479055
308771
782122
446050
711732
768867
149290
349010
74248
434772
999070
61972
746802
712681
472702
736731
616728
120098
970204
835863
375462
984631
671827
461836
281076
722874
513571
429616
483508
590767
913006
962562
899538
209334
408612
611270
978200
72107
474484
566652
506878
473554
628623
767884
700439
101326
504616
317167
735627
474820
667235
625293
973656
853266
87129
254732
90345
600699
684347
573852
191466
597354
50619
605208
320892
973435
730683
299092
45542
205167
865743
552419
192926
8571
320304
893364
109896
339124
724736
845522
328148
391971
470815
301804
245237
72148
556536
335582
187051
240883
423638
892721
352441
474257
497929
673332
447692
228612
486628
7438
947983
352371
74061
140909
360942
908568
548477
985041
247692
273213
344769
575840
179388
329788
877643
938829
401936
434179
788615
103191
675062
212253
995911
541707
200714
493841
215040
162610
236657
701667
170047
698844
568243
758312
839752
443389
666880
902434
428430
914572
689851
773198
490412
102987
882259
322273
19127
830643
110888
122317
505705
837344
118229
552263
126274
776655
714872
877134
992527
399124
575979
560770
157436
929935
518363
824315
832369
946792
253092
522221
234196
905664
851386
139968
742141
870512
853028
992828
204577
625261
552135
756839
751534
842995
471712
628669
835522
385040
718852
910496
542475
648787
428859
880994
481157
889855
134087
517582
638255
391794
937450
489641
45966
679591
874357
16576
46824
381391
521299
251400
6652
73435
8240
272391
430634
994155
415264
780360
379195
134116
690856
435874
782902
633919
778263
37979
965158
810049
676234
871157
747499
680079
917122
941294
554437
447903
502322
935827
969201
267927
942478
556840
276166
729073
987473
784525
144337
767833
677924
278452
972893
113798
61355
121017
944869
353822
158996
424233
163872
349434
809594
425575
29513
726716
881074
583949
688823
383396
33981
658025
651322
490664
729069
441692
219737
716543
226217
364074
998580
418345
156730
485679
532142
732288
606695
991216
86111
279895
929653
764186
629328
739247
189761
173046
465963
585039
271199
154787
968435
305180
327016
133962
795843
56085
89859
529784
286832
830279
893857
799617
248625
50588
285296
294971
782875
406195
286187
383190
686090
730044
147376
315418
469291
337137
2668
449459
922175
273867
118450
404815
579046
959669
52982
889093
15754
657044
418877
816790
487323
312735
616407
250152
877526
901702
545123
174606
307897
345514
557796
993986
75559
823609
59054
556512
826276
508512
992892
100143
626961
911911
193393
586630
964892
82486
116589
136141
501363
933378
623464
328302
549785
387820
205828
965691
932942
894637
787792
278457
452433
781779
868219
671809
119593
927272
228321
460073
949989
221213
74421
91155
133125
267813
191990
612221
864503
308578
748362
880070
756160
886030
208372
820149
273850
928403
785840
720997
823040
573632
513658
789678
869615
461487
503412
823353
689807
477690
773342
425225
552110
864497
72554
334127
56487
684774
198630
879268
947340
78700
635428
347575
801275
455577
621425
729678
755621
856626
66924
329253
370284
856601
713073
752160
832292
216485
575513
522099
208379
863060
461528
760488
727557
534081
608820
784043
733060
321654
177516
194605
914558
812943
542180
715833
268520
677809
959716
538345
534435
540844
867597
904718
911649
94875
171083
743941
825564
260800
780244
33943
123860
241773
308636
851416
775853
917455
149664
508913
239109
841383
703518
153667
654326
759902
869500
437050
437711
343421
975394
972145
884264
357197
391068
795913
966275
562150
539854
791839
822949
320098
825782
461014
76075
648622
826634
566077
490503
875045
805185
331886
92768
958852
986212
852669
342557
937466
290380
200182
912861
776729
784262
682001
394563
750537
244151
448621
542377
581305
282923
882363
42319
873202
530985
383157
725130
611266
873659
114380
416451
205546
207148
889507
705962
59817
746268
643428
864401
460654
70494
155335
59304
854755
837336
968070
605293
595691
930895
661874
176996
213819
58442
733518
87021
103631
116676
326355
714896
990334
440734
645551
710084
162086
49264
416046
221903
309736
573679
600508
770390
644172
755842
829693
498928
107383
797764
618425
703074
728659
794503
394274
456682
367149
127793
57907
470779
758672
898465
699879
263211
339200
859634
973295
501285
908897
903545
237392
218634
477224
352104
503228
121397
622151
332921
134529
644889
752953
432607
887753
61661
826881
858639
428809
468878
916546
899587
227550
815011
113671
490760
668415
973304
978259
683905
396407
881805
435501
129245
873233
301810
632472
994629
923960
479597
129158
653493
124487
396315
600305
526444
457975
941390
385083
886783
410268
300575
152022
630845
414245
156986
813464
901754
135246
11574
298161
531255
447075
427405
404488
748884
59877
913322
187049
539473
556684
354746
178164
467204
955050
704607
925178
410645
89691
326167
820912
905523
140946
487138
50573
69396
644124
378242
971149
293574
389815
783514
339033
351094
210919
743520
614182
784999
171047
801230
838676
727731
155977
531045
194935
625231
235652
634317
35877
839546
960483
370993
259275
101430
858131
824051
685029
16460
202293
656178
310033
592108
439692
649065
457406
164815
906789
71589
464018
77837
387023
302694
319772
57204
833738
514706
682435
583595
663227
718311
423141
623711
603508
196620
239345
461639
20672
924373
478098
222964
94756
302335
329276
48652
465604
786682
213466
372394
372475
677483
964434
759497
494381
284206
816701
842324
313116
499136
425919
976342
731651
363264
114258
335159
559884
867806
311003
580555
306384
303305
317723
