463909
66651
251577
277141
932449
899873
572563
210683
988551
11959
632684
974959
364086
74879
924929
65051
505559
996044
133415
549801
760758
895519
979036
545083
739758
358883
189655
135718
260249
190241
286310
724157
256891
537886
1298
703544
951964
88065
914226
940515
100024
61115
429679
978313
135994
868812
557568
155757
864857
690982
705557
139820
100706
198798
199107
840463
557680
388761
976181
817929
93207
262491
56291
864301
314581
571793
567846
266545
659857
996276
721264
274085
57392
150944
252398
707589
533960
809965
863345
913021
15153
83108
52841
115858
281905
766151
956321
353790
154913
932502
685923
762323
709197
742213
626624
23778
314006
708674
804527
488068
704951
525791
762152
276547
190939
528755
984135
724899
852924
847480
637920
868076
444792
204966
983934
726697
971116
940255
594691
640233
386962
280614
402556
96159
22827
543385
634140
851037
252059
438667
339105
471214
964458
101257
747760
669601
144216
246100
908704
997140
607785
546625
865216
52577
265795
363355
293478
751115
817814
888168
391349
718980
168782
308109
815138
705813
365698
963483
556850
131962
402150
895954
603175
880812
511415
865140
64619
655631
111240
973322
166976
719024
519947
546396
771601
299946
909751
65079
51062
241770
467452
956614
960750
636233
264723
290093
342046
630421
253576
413100
762382
169931
309054
879761
564947
334674
744901
629565
504509
370346
602888
671484
89370
637039
732084
375175
936985
156040
954458
988046
397810
421910
944660
358560
572347
723587
162857
428598
868212
416433
841697
630594
100568
664956
24561
665514
999629
283666
295080
504138
654011
897967
689826
257586
535006
632760
986195
92155
587218
488446
489964
523332
433106
362728
95680
670898
525584
38482
539110
456221
880178
683909
556788
545134
222674
222303
544763
506339
517382
563105
160351
929553
767135
417936
978763
703250
564900
964959
795404
666323
453405
285368
400716
162300
799538
71614
687883
838019
124928
144105
232403
323041
700892
777536
545714
437399
836504
52054
468985
913813
212404
398538
680949
144544
377302
898403
223648
342261
693807
889970
309870
493379
593830
710585
655678
907572
296403
857765
745592
421331
1870
977994
744371
216967
269735
290086
168570
106239
856343
637555
534257
582951
550297
215206
727494
441803
627813
465346
784063
321620
355317
608138
329203
949146
318723
499085
856718
129331
356850
116515
64866
872924
608713
809236
604095
392653
613526
286869
13096
469869
924423
547352
52820
988925
276762
294518
430728
904574
759864
728996
740398
629385
337134
69601
92736
170061
82890
463658
299391
439740
580173
364256
826868
703090
687697
945167
95743
815427
232036
108839
285297
670664
656190
852320
659589
932952
661043
90317
351731
935111
819312
92130
564496
156446
161730
657231
840711
244620
120889
140102
198564
215266
18563
539636
432561
706259
484803
528303
35891
716838
151346
321187
387502
321741
687712
47091
768897
348755
651612
120628
283866
470924
212757
362566
141575
888691
19797
982285
647515
654889
636591
846078
384360
169358
899918
816920
875616
384721
859427
911507
615763
524978
746898
3266
846718
948814
564560
615615
811773
216172
250447
95639
201301
463204
972408
857079
351895
506409
839364
999409
675503
990159
359692
59863
159518
259610
390987
549338
158535
250414
975049
774297
289596
236153
291767
136314
184967
856327
266133
996740
586703
516580
606583
302208
979783
93197
159287
845882
599605
512855
359496
275108
17220
719187
334970
176737
493001
240161
240279
651535
4780
729533
425832
294375
965685
717599
430689
664856
88131
211026
175801
189038
727605
782384
491246
221593
875580
164737
581679
989389
191797
941174
264498
209016
174566
113672
899956
667566
353833
654439
319101
358612
383972
744933
652986
349657
976736
597879
14514
64867
323110
704518
768108
564919
486902
259354
300717
876686
938295
882395
380281
130092
337775
644778
853311
512340
758449
753267
179907
626486
407706
13212
985097
305883
272349
152289
655539
249085
264372
184257
828155
587481
888775
596264
666605
889881
369822
967321
280773
308117
849716
661053
952412
187491
820035
319928
214036
92689
73195
393942
719175
995105
921357
218477
300988
193707
884969
470731
442791
149342
169193
270947
251027
572172
381415
917631
462053
751236
884952
257030
573558
248874
432287
525970
950568
252322
845898
164604
345011
433297
72750
578390
942606
994107
796866
757798
187814
681836
742734
630604
831177
911926
415755
596408
484098
797169
514040
460355
62611
913196
231590
636168
162070
663876
676342
112639
430403
36445
277242
289618
469742
864196
868007
926552
858303
664873
198556
46117
346709
941289
190925
692090
853215
120885
802703
851517
918053
316743
826076
494868
229939
57666
131036
906213
235747
807378
533056
666149
843822
324502
955766
827768
188698
823773
754321
47001
2851
467081
607321
349560
408370
312451
555854
261585
433335
358557
627306
865592
189504
453382
360461
933647
25253
5701
839860
260999
813078
372916
441352
171106
697417
397118
998873
400320
735095
267399
447320
737945
734479
568846
601709
657053
395501
157564
432842
343040
30325
60148
722836
219829
27735
597501
667680
52987
603202
507540
313985
930484
394660
755336
101590
606281
666658
614668
6601
401753
396271
968125
653902
644955
536971
255612
302008
446676
927379
249055
789715
957703
309202
512551
691736
336936
110053
359416
904126
227459
381160
218111
157943
775819
487651
773737
896305
668513
388405
902905
70266
298880
871030
724168
458039
922205
493984
274252
368881
421363
523306
672800
893270
832507
185352
585007
683648
809608
458627
587774
37067
839787
320090
195009
129811
321945
968745
26116
990458
871354
443226
574928
684439
314256
813300
142478
750666
307284
416729
633751
242851
940034
306552
136122
286747
6108
235333
484599
815715
208164
586577
366986
562155
906666
76199
691966
742816
559149
232286
733274
430503
189716
822406
629146
18177
635707
771624
768842
457195
702557
916797
700046
156797
223349
350372
957747
743660
585704
442346
73580
308072
28923
440565
870227
449794
516764
76398
192610
75913
822887
440088
20620
12604
776698
649766
30780
412405
421390
313826
869600
638151
230623
83851
794947
453972
434222
752694
711836
534130
709244
785416
842201
738167
225981
712428
702165
256949
303030
408979
332861
125918
363271
867685
138521
139969
517451
683504
552374
453045
997329
936178
91196
227952
534233
400348
196128
968454
667246
907964
16789
376491
693380
858989
114658
433565
85623
331027
690514
388652
740005
537579
28774
103276
405264
167294
243244
436919
850797
309822
889963
362331
760204
495364
590283
294437
895711
786410
262891
562957
694374
279679
453652
901958
652873
568309
335524
252700
413540
540242
155556
153545
77821
184330
256820
483085
865827
14269
434208
230830
324090
324172
593160
84295
819535
697647
378731
229451
484058
155827
306612
692636
949709
760264
108800
116787
842777
958527
883690
256318
498769
39247
924066
576589
737780
695091
573878
117812
709359
8087
862845
547653
846462
456006
146152
