180202
667857
39088
923856
666119
194914
230468
358756
658827
504936
981759
289819
861918
940286
173509
632440
439055
212755
556506
529848
464739
765801
617931
582551
989364
626017
445396
537018
986683
415606
683169
166885
83464
236461
90741
749582
945578
835412
622542
604406
854553
604301
408429
230676
58792
581937
863115
12051
308897
933825
541899
773635
699627
159830
356186
688991
300051
315787
740213
800938
245597
937587
967822
329060
174048
572767
592847
119627
408179
729593
238237
776936
333895
646665
7612
906890
228602
384931
918941
51703
318757
460840
825338
532588
134874
695728
735783
949128
11515
475997
750066
257112
927788
232093
100376
101836
804859
693222
735666
727242
422816
488107
504179
270915
134772
25995
692009
877578
410926
610950
929280
729682
585994
268823
776474
235072
964551
512257
184200
490270
502458
448470
261586
430246
680562
876166
46287
485421
83593
781952
726868
20613
784264
745251
805731
919035
771245
497741
310818
182171
108691
754303
426057
208890
537330
716735
958165
16086
228993
656570
506356
731450
105040
282146
675901
299807
158312
722187
299432
241905
504139
26300
776721
288403
771550
582453
721643
57001
80194
546665
753375
703088
815172
693637
911977
866707
410372
870143
882792
639364
526713
903352
885019
145957
185499
560920
445763
858014
283107
745195
614123
301450
771494
390845
104058
57250
973297
339905
114250
567695
400774
381829
270783
730151
75466
696965
596858
485838
81313
479650
125202
122230
383003
524425
268186
82706
85345
713949
454924
882655
973348
69048
184106
259047
974096
802367
316296
947393
142272
944749
29293
543045
326579
300075
787400
916248
997039
384258
402086
78352
863908
41493
200581
761115
565917
468767
358025
651262
696920
812948
48122
184473
881995
232227
443519
370296
34594
274020
831893
691069
732973
861185
748319
573756
161261
535719
490005
158300
919977
892090
750856
298090
447787
465641
573409
13705
934407
931433
179171
145532
744381
227292
330004
140582
973723
287728
25082
522521
561747
856975
213591
294720
718160
476114
382681
393625
11833
872685
66130
446014
278980
816985
258308
726767
282626
345921
740471
731238
277354
919641
390974
535940
661137
235183
190726
634860
522910
215807
671586
598861
72782
885176
407785
305147
875494
790465
698771
401531
663150
764900
361750
456335
96090
620057
183102
892920
965978
923572
624158
757536
357418
529336
807680
532759
764518
998405
681824
801632
728417
353410
914697
315403
752790
322483
620549
628284
627152
833525
29815
804507
112630
391564
260842
722924
525826
443943
615844
6009
881719
754206
763544
753341
283542
571225
286100
562265
83835
967923
878101
812251
835537
792799
127655
588327
629486
262408
216611
256638
95933
760630
575349
722767
152194
350395
445691
192224
308542
61535
198232
190261
815740
475981
457806
613486
47206
258111
175751
645244
740238
53853
457496
575776
360856
99355
164103
990341
361762
380714
761183
971899
141344
336533
208871
807741
201132
654561
999965
509674
230300
712401
699934
46040
188382
671945
173730
749791
930055
349481
395036
670293
917537
366736
246069
278393
466090
924376
782938
342056
819294
544121
828159
474842
394858
37030
282583
595990
205795
796752
105664
436094
509154
319802
996337
697535
991746
170068
447327
921801
33753
356567
106300
951289
723302
866572
229682
703596
790948
526824
559856
610242
70945
388016
85084
465803
939249
881871
575997
145045
678623
681660
95343
701981
515666
91681
399517
507413
775952
361048
943418
809704
717614
49718
760993
955120
430495
504879
658716
221443
31703
732776
831685
616851
120792
430973
574246
312844
172855
233495
505672
368719
328837
207653
884385
934721
121374
906002
710673
996625
849420
520377
228444
413343
795574
183564
843837
300453
356484
579484
846359
89261
411169
463211
724256
356347
60069
298502
183395
232924
46201
689066
115847
375038
410924
232
309759
532297
420438
534637
528923
269859
55014
271571
197406
850588
455135
555447
665245
325823
134931
511605
929287
60305
974815
653544
416651
549088
466250
600045
296216
512451
803316
412063
887488
214240
926498
711451
746536
346937
760292
789663
131000
815306
575439
842609
180099
30574
398056
845343
870600
47191
356948
799888
107495
845967
453432
38350
909260
433886
638395
205476
946336
955915
617538
348029
170155
58242
573685
430895
405178
333977
734763
50382
663487
310202
892990
843585
854979
805250
688929
725579
852440
560081
39672
959935
920253
7308
998284
829513
441194
150884
34989
901734
621003
166732
763968
791157
224973
337653
736257
144355
185834
471020
194736
849321
295426
601930
692906
150405
407180
896039
390188
259620
456121
429860
733759
890578
951371
732044
720091
906769
397132
269284
808504
18136
950219
572472
323497
689396
424329
59754
833750
610162
44978
542690
459483
340403
144620
152390
490807
551799
562633
395200
811419
532958
339264
545178
423536
290635
791426
657831
197405
702763
441320
520113
235103
391539
92585
558599
80936
516913
132558
914685
127075
177535
971580
100763
517938
116200
767356
522949
667999
329989
918148
993622
862947
257412
53005
800687
548047
844431
458519
259656
61399
899838
779768
810705
805581
872352
369304
886516
903469
16066
315407
544748
193601
801191
645510
225743
917390
412866
748691
585389
742855
181045
93216
120007
438456
146221
920693
500707
504856
893416
274567
80459
307459
54335
891163
113041
440891
774671
513761
858564
790737
343372
403313
498542
144563
48823
238489
61954
461689
987179
161547
718748
682428
768967
838754
120885
915187
273652
135796
934247
167069
410363
14706
474527
464697
905868
587567
419793
680539
615533
278357
985480
958904
681669
484022
617672
244697
722510
193830
220590
223895
355376
453542
906322
124343
292296
541411
553734
565947
677207
2186
733015
87570
16891
721747
66471
922758
309314
468
117503
439051
278825
102983
397956
474698
101210
529832
233599
823719
723661
454188
561818
79037
907729
982345
717584
714229
523756
785522
794381
200963
787708
41601
802736
318803
763347
383412
755766
72662
383879
873268
511712
176908
490455
423872
165811
591664
953703
399409
929588
677364
367802
491406
270606
789735
473751
502394
18170
802120
812550
712674
589828
854150
29616
422836
617498
413027
178602
204364
311110
51870
230280
488018
56529
168357
168033
648193
636264
567441
91986
827833
449447
97596
98439
239183
85552
115037
771556
597263
917156
584106
824141
21190
952460
367961
444025
569958
780987
622626
288526
606302
188700
518806
608524
759432
201367
776556
407625
837630
858201
13815
665463
307649
111411
278106
61036
196962
393142
832591
308429
824503
930901
646774
845692
883361
14736
803921
453320
795722
940751
256050
916228
129451
289060
524752
403087
490426
301308
810712
328057
159510
338731
507724
981362
450141
785830
42398
161307
693176
389193
983939
517679
320094
630714
877575
203455
645449
681496
170979
955375
622247
427029
871604
265902
716088
396356
668989
206515
697664
993905
48776
371378
846840
70704
352740
811186
856533
909341
