409440
842274
105877
570855
147332
642884
315063
539352
222155
240502
838014
993648
526099
81903
411182
930933
843702
732524
723533
763495
105595
858504
354078
911380
737555
993090
883504
937149
55282
409998
999983
978925
252273
105860
549781
913808
262948
379048
453160
485103
619550
805378
478751
659853
887281
404137
104992
730983
136662
828524
494478
242256
201233
362761
667840
452992
870055
65549
390142
439541
475547
904329
418466
727819
524393
968246
155832
787341
347295
123196
272444
481049
928574
265399
140902
815855
183740
245893
61043
320401
74417
555520
76861
789854
432485
258905
242846
816744
324454
147192
256285
800000
51521
674751
42024
575914
157202
712059
363255
18701
835254
149903
499749
763828
929505
154856
93888
627449
400748
154930
947850
989369
224655
538915
779223
171344
797820
536273
988088
636478
683465
244373
950682
249190
433328
992705
825103
590530
704764
702562
123435
54223
366669
623184
332256
810378
778039
426143
437828
692991
95278
899882
682360
319932
438797
975787
5480
750821
26266
993567
387299
709730
752145
337981
958919
185473
844890
298228
290207
63859
790
413642
632286
881663
551030
964541
206246
843273
390684
644073
50469
485961
543955
247034
320097
496957
737025
325577
761982
763290
833348
663486
473020
585493
1467
946144
285171
360562
244372
575377
938624
759365
503223
570910
155233
568457
535451
361479
925934
440340
519756
976403
440505
577916
223437
760602
74873
960461
600383
836854
723752
433731
500340
710976
533429
16012
171325
818599
890777
929900
908180
829401
203471
925608
914516
358703
494065
449967
720181
934204
404511
754142
910607
845016
332058
648248
605618
406930
122914
720205
757988
846665
153936
772533
71847
201569
302749
757375
534372
193526
687276
442553
537131
890746
882365
965851
249449
376430
415819
483835
824838
820329
237977
735445
665345
570034
383693
785167
491168
506607
505372
763360
867476
173513
535893
453527
889285
352846
210903
423658
60576
898178
380415
597707
303129
262780
563558
66782
153414
493581
550616
978252
828115
302797
227902
7665
387035
611595
307037
392407
632406
326613
155768
14087
500125
205865
467614
903615
558711
192721
327273
619286
605103
707687
731197
908231
484671
808960
975012
638084
816745
39834
130541
159065
342630
358443
166730
243870
484242
987970
636276
116648
314583
792043
130734
814708
997908
112552
718323
556619
819476
559800
690109
424579
781691
421307
332810
266362
744471
822027
418650
561216
861860
549191
720281
718694
907633
401215
962563
391875
389185
598840
22727
703767
905087
667664
32680
902995
294421
265207
973818
113897
825006
178133
538476
606697
113644
385490
387263
858114
207517
805913
419330
583581
869308
653815
302276
291146
55030
779043
197225
444214
377883
219951
147982
797175
401819
694865
214375
696239
960072
702398
810136
299283
880530
348612
905980
994173
248306
807447
852287
455823
613360
785821
39404
996872
953841
855883
288018
8871
634927
485242
967289
527014
705192
629475
324189
107012
324340
538564
317455
284412
240962
127591
97900
635696
990406
518084
629869
238713
325531
996360
208740
453096
296386
248143
449968
250227
618231
737986
773302
253158
223228
740591
294376
442625
370066
132770
549636
208610
185538
381295
7227
426499
508886
105126
576399
499292
623209
720472
252209
948739
716832
460948
401835
527422
709091
851803
291854
841526
589789
65156
608888
327221
319951
903263
769845
690016
36033
833685
898625
735774
214981
905851
676477
238071
10977
252876
737362
148390
973347
989571
97130
204384
450519
498964
731806
673814
864971
23660
29545
968964
603019
638432
296186
922969
55901
580235
127190
606137
413921
540019
341912
143106
445871
18389
381176
971051
271265
632742
119442
244612
136518
730775
448996
101242
743943
695006
289260
608915
232870
318805
92084
835888
957236
902473
273062
527341
482709
400251
133479
410834
940269
475390
68144
900344
493778
449319
385601
279247
596265
505042
38064
732783
750021
487059
834024
493964
696269
123284
617083
929138
956292
709167
279231
913529
125845
552292
955074
122758
952542
88553
47796
892811
78147
115939
307361
86130
79462
692961
365376
675727
712207
403439
408510
462228
404702
756738
956191
100971
394226
87480
544313
350519
796646
823543
778252
436695
375835
733326
559453
328377
821879
607248
735393
900025
237392
556958
500359
316853
249919
865735
506784
962125
783378
429498
938557
702285
186236
408953
803255
580462
496432
861773
930980
807282
685316
709232
243978
61152
442558
317635
903732
778641
924882
153330
192872
676478
710287
693230
993331
474410
73170
14320
950739
370753
443818
889296
73038
630053
298250
876292
724719
794681
252270
169904
601964
937586
879135
360146
512942
835898
677780
930878
128744
116867
598413
835819
793345
822904
43255
300881
297315
630628
315200
248054
1381
759017
137351
74418
903275
949804
464915
142199
744485
717184
312103
860653
654770
705442
220799
681916
55545
898578
612795
698493
529650
211208
534312
322995
34112
91771
623875
845630
722399
453279
93685
723779
212297
745239
798197
629776
695043
263112
771974
953732
980295
598281
814386
149271
303724
549389
345391
873472
962172
958185
571965
491822
683597
620482
329021
717709
712252
952895
77544
434651
406174
171228
158431
132675
430671
470832
276655
639918
733943
562834
593651
228443
161115
922241
891917
979042
985834
237309
852515
948006
195494
938684
954032
393296
559166
283053
625209
271419
750152
702752
220274
156327
873980
378704
803205
818855
849535
79861
458774
97683
642694
52425
326126
318013
488870
732247
297056
474704
969555
663775
936915
679254
602459
890947
72550
675830
688205
697758
461453
438357
400510
681726
108888
788694
60431
912093
607550
424170
506158
580528
521853
148852
147157
362183
981068
636026
94430
792328
624934
578190
456103
561849
771648
572767
967001
358402
248597
655206
570364
710049
93563
970873
391775
716655
273773
966409
628748
395527
390580
134906
976054
426637
797961
123211
303024
293234
273441
911657
85563
898374
489847
541665
974428
775699
628636
941429
134101
877232
110840
704464
101486
718606
189543
7466
435261
977519
488079
64009
373046
392863
713118
863304
819499
25284
986514
636727
318518
774159
548385
404080
672533
552436
459949
646961
328136
88586
102595
976440
480022
213434
680905
95713
932040
384652
103178
367301
362171
105461
945514
249421
498324
658632
112725
317823
198121
613443
954550
516638
387602
17140
920717
60135
569575
894870
221301
411915
983455
323895
388356
463478
537329
583465
73395
469369
968116
176572
350874
844491
282032
296388
93912
294560
469225
720840
126588
667345
334283
595342
183983
721884
612481
618904
296223
182056
513774
517523
108176
11435
841418
496531
989116
892951
79996
62511
876524
562316
753286
227398
921011
549522
523786
14923
844082
993010
249967
970669
174560
584249
566011
358542
306133
692696
491650
116560
874751
519628
634083
497131
531062
989705
993661
520178
396861
587861
96893
273385
664381
364383
500782
585392
913905
538772
114519
272192
531782
364485
242861
220546
462938
323076
579087
283275
15772
584941
399835
404727
104570
548122
901858
635631
537827
409724
670014
934687
997585
281111
208072
176171
645494
223058
275768
559399
761830
904490
345795
807816
783180
588655
28363
246118
425935
121654
529393
441706
706595
929227
360637
811164
477349
262495
960999
529380
672219
145218
978271
184009
940533
700547
874383
586027
923604
150151
659630
199639
54642
5425
7456
837821
108284
550022
83939
534218
671675
127536
490128
892474
56763
850764
703638
48316
113260
178843
91900
299683
838264
70171
997895
778797
770717
872278
879028
208527
536634
538658
408165
105480
58287
929824
943300
166570
479846
541443
214992
151522
183184
705119
43996
754150
555884
261839
802466
183348
954885
408570
483030
307354
478741
995129
86152
763662
381612
479384
972188
918245
18043
380354
23725
590533
310178
481229
757103
304229
536877
972094
455750
720060
191419
13950
474210
747302
789992
790880
930649
259082
199451
927883
566436
192396
923012
166792
956057
818828
646175
928246
737074
178422
822804
275003
768955
132982
270437
40263
437210
807313
526561
407164
41578
717979
935318
29992
979485
239515
820872
910134
498597
534527
352222
579237
726922
789438
260233
682979
608267
420612
125430
859545
113239
948233
648752
396398
81216
919188
950864
32630
240706
477425
953998
282283
709609
889316
312275
689094
643035
647351
113434
655836
696082
465655
235073
423004
769298
9510
620187
377565
944326
745617
237110
57565
693850
885861
453962
289270
319255
404826
836104
559960
396455
790102
842243
106064
193623
668722
309363
836657
830277
422796
492494
526359
402655
241771
949362
171953
765485
83754
63722
709811
343575
815035
767375
551630
215102
735541
840899
534356
654571
191208
94316
51026
495514
450763
671294
689136
633689
980656
39999
463966
917656
532492
990324
834515
288467
453891
520673
53952
537645
584394
763762
881219
399430
45342
432849
614531
780882
787953
148887
435453
493365
757406
684
988879
722374
671977
678015
356063
166838
718013
820029
598698
764709
324558
947417
53177
778449
468090
621332
830298
52485
385095
225722
451914
944640
172776
580649
725523
960728
243740
675180
454093
1146
190068
957176
237724
376249
635192
593787
57291
867409
928020
655988
146324
766782
117611
199500
545231
585700
335036
889733
638184
720130
115456
604302
178976
288231
184951
418703
763163
428690
93883
731460
944040
283951
688637
181764
174404
838033
289755
231695
217775
887682
851765
498762
5293
565469
43993
105198
414710
447931
743381
649044
563386
861888
828019
365821
46839
246722
128984
989733
340605
860443
933773
138760
63285
629741
313163
901317
919496
59062
120965
651475
946744
972729
150237
466241
52404
708434
85643
467113
156365
343229
116157
233955
205117
458381
113980
251955
705102
242963
755892
559911
617610
689665
212875
680895
833611
526038
96417
753107
585099
217381
404582
46048
704315
69024
26494
756718
777457
626340
738035
448026
969568
368396
681980
174685
826776
795959
940844
46084
553126
696736
605994
684940
900606
818869
880039
734217
859111
976456
487324
958414
193837
406110
518667
898151
475133
59365
169074
766794
685704
421313
214820
655273
303914
411004
829957
644894
721167
770801
690977
788497
981742
296972
987642
882348
115841
867681
616565
489156
844137
618093
447570
552179
538407
966236
964534
13541
25601
647813
294539
225510
69126
23564
880782
373039
948771
224944
532138
669939
995745
223115
972640
491692
520086
960282
374040
150131
827964
504809
153491
186306
122902
601061
252689
661308
81502
217224
189053
621307
865036
997796
846816
934161
21360
727598
821405
970130
952541
867747
154274
462491
90862
126915
954182
125153
87197
842426
789487
429365
861439
942978
129876
984340
544039
382564
159854
139745
599787
863110
761051
979027
860906
607867
427394
396470
335465
763003
366601
802211
630750
520874
778906
721611
161993
247294
360968
763394
89720
150456
706963
951159
93434
836838
449704
151677
219403
123762
291421
333394
501077
52473
826626
876187
174544
254020
272658
24214
17023
153463
826424
647772
674336
119535
883587
350534
366828
244556
113928
970752
909215
820890
436116
516853
657729
400024
668529
391336
37991
474154
238934
539067
40831
65560
929458
729579
319579
202116
753792
850805
869782
580216
12782
544119
213955
896369
408857
580783
655129
522784
551535
564344
343674
501855
81197
515607
901878
263930
421147
939868
252288
660081
478935
807323
239845
922598
536902
73629
638918
290694
924433
508701
385114
937215
567024
599068
347789
975880
694055
2918
498664
759794
81466
356542
261649
676866
872149
163528
455000
807500
103396
221492
467581
96536
28815
221631
533338
565716
295259
172256
370614
733896
680956
269932
185316
247980
869000
533104
223860
77260
50226
236728
837054
645895
593270
98703
322761
979623
776434
291965
787123
394035
513457
768909
4775
542271
504744
538112
622192
800002
710367
507010
48103
905528
776942
233419
153508
160147
766522
891572
237406
330953
128300
74460
976847
235774
687367
813813
215397
463801
105778
516725
372040
619234
799838
376814
675710
304582
429130
812106
618788
139498
319116
666890
559230
610262
900308
712737
770408
181036
604309
522019
511988
246814
110683
488835
482587
798049
302648
212189
776055
408426
243118
662299
541864
42956
39114
731778
861741
468243
543884
480529
121945
377205
147419
681174
501671
561932
908116
272080
742967
26630
308303
254955
273443
418985
257994
270235
731239
560642
482423
507294
483272
725540
169593
539340
282700
722910
271119
144441
705358
329207
624969
341507
706411
286592
536886
208083
362728
445002
994366
105695
471631
302669
874853
259279
235858
647052
43718
967096
207694
40345
474390
205170
765884
158188
258714
562788
395302
529832
707228
100660
859039
846401
442167
79655
647197
979052
801941
9926
938258
310512
629824
924093
127385
18883
183372
363243
665934
741293
330339
387832
781637
318934
107206
61726
477121
365919
624513
872422
895751
331741
487287
268995
692346
929453
862853
339544
422710
664795
349469
489511
493497
285061
616896
512379
982637
980138
692517
723930
310477
80349
505568
143615
187554
567293
620735
553473
706011
7363
963428
37752
494649
232423
730098
938306
609480
583846
361016
788479
447519
721983
277991
941015
521248
894886
967599
503885
389229
660116
227816
213910
254670
247588
357525
442223
329085
492464
509900
35096
499826
473328
72848
508679
219955
317150
446985
829435
415200
808000
617914
862718
44188
895904
317938
565436
304995
799741
69321
694223
459858
811340
908133
228732
58928
779862
670954
388013
272326
180855
423108
772152
168387
10160
795035
388342
841513
242021
217777
256713
564225
835690
633635
608413
731595
951573
688053
550794
751314
757373
245018
725376
82919
667355
468312
656050
961421
139267
44063
233747
834325
981375
520103
516916
505739
315139
905257
347253
557159
123034
118170
635588
472929
751805
244001
718728
217583
446258
269522
483101
203632
28744
208478
800754
210303
190994
456804
171724
330260
15072
405471
678789
996446
439778
195706
502185
269121
100963
363642
826279
738201
481812
976072
211130
233617
734277
444062
451199
180536
713583
934299
384167
742327
656981
699125
952629
847975
155929
638558
692439
171000
558233
885433
167446
998010
81139
183836
267132
696305
547477
607615
948710
29289
583687
674044
777109
317965
118106
228308
498500
831689
676812
396871
88221
847997
610200
555054
695972
766128
193612
902616
937128
266049
788049
618778
264060
383392
316818
45396
593901
378500
167215
542612
407788
750902
216656
699102
583071
848966
441614
595775
194860
118426
506850
283080
480628
117050
352338
690804
883177
60155
593420
334510
326203
381469
467493
104467
279065
298515
149862
872966
677014
317077
415578
599007
582183
146438
298109
679458
995403
739722
789437
190263
372353
296287
987546
367185
927540
339885
57989
324922
914243
651409
173637
240446
547082
641129
859117
826147
453848
523183
699113
130863
354464
628895
729869
936646
775332
542182
130309
284941
796108
919745
989407
168461
730236
976954
49850
171981
831043
107839
496903
259491
759247
670539
499936
820533
825872
873257
160885
279720
396441
374202
410582
750904
3097
654655
201756
292634
196837
846268
91779
992945
280219
81186
675610
10455
572344
725460
182436
403387
833298
193543
662877
106750
864081
677018
441487
689953
550275
602372
483877
460920
976573
894459
211825
493875
63319
927784
786508
260156
774052
878286
767305
54271
473676
442915
578930
46021
682579
275570
449407
30082
469112
626489
651035
847397
817711
92523
51555
882190
694894
535431
343111
185672
944094
69140
679546
7414
511128
980258
267569
285180
372749
549078
853655
846425
506197
432585
892445
188777
222359
856056
733062
205675
482545
384098
53072
814460
476620
104626
696651
685718
154261
553966
385594
98356
623105
65141
105769
134233
559603
887541
933616
932352
436619
787271
778777
942815
734060
185427
645796
470623
41483
378859
676297
38233
762956
243573
852692
753780
348198
63548
439498
16664
617513
825091
115019
754822
404436
220787
403259
964039
108328
851080
410596
59151
152556
703577
1966
886616
889003
647762
871443
444690
26621
547741
482922
303781
791313
849819
57561
653716
427571
497058
670379
559289
836353
299602
828315
754994
520388
745779
233238
142920
596859
643833
202070
749414
861614
718239
150235
750617
880205
21679
709511
421030
83624
706638
724810
389141
70662
782370
42857
498232
793632
227440
57521
144191
527041
400041
899184
561633
145820
646626
704552
742678
290459
420826
6297
666277
653270
670736
931098
533475
206619
640609
954505
290242
347247
193520
679382
417908
975890
236444
430345
283727
978087
2070
427917
505129
402110
327101
66762
547929
487931
285519
804811
778389
220549
811108
958870
873818
481844
889968
921498
688462
530578
390208
492908
392029
583727
686494
324142
73822
922937
268691
357549
901025
270760
785465
920358
187075
626771
987119
735003
114702
786842
539815
407296
7392
865127
366166
395414
861175
256135
316912
63842
300917
707119
556749
207150
290847
243243
531291
878872
680385
799981
236421
95615
584946
21887
15973
772020
162862
517296
507023
791767
304139
561042
199063
825734
940373
79434
221148
315753
849772
52265
379594
150689
759383
936342
872042
564434
693790
403334
443307
888379
717519
193932
983993
302465
215818
999965
74485
892883
517261
684651
821399
170959
397918
161338
625537
477351
382486
941289
327123
434750
320884
992015
708337
771430
864058
786976
979424
781596
744487
867803
499115
938418
851796
315785
668441
365966
904473
75529
883227
514390
760179
218831
199554
158098
380169
825090
635448
276859
280584
476776
225813
115672
468791
448354
401307
847053
235330
380731
628649
494021
762739
641969
946644
128740
957753
615085
494706
376431
690613
892137
890821
964997
110968
604579
123095
5341
429669
272747
796403
224457
749522
22216
340129
732518
984774
741435
579571
220104
122166
208221
228330
399109
364394
174974
527849
322147
304263
22555
212782
509080
428896
103603
474077
539863
708181
597171
59409
652054
384123
855811
876511
133645
392232
216640
866162
377006
472279
959938
111314
594444
682363
339643
507758
46757
28821
35607
883107
333083
572365
95889
842163
1261
713696
316240
55328
936081
427616
114736
102341
811738
484752
978851
459587
876983
709695
839954
768193
181974
314097
879506
290622
996459
733354
798379
43216
762174
348190
926322
609462
920554
22211
451625
436019
735906
282069
491347
186193
223889
120287
288533
549831
119243
267384
9419
510430
491283
363577
278623
187461
677673
158130
478082
674132
405688
790666
717347
682066
138856
157874
291528
59411
180084
257357
495429
430195
539426
500980
616387
763314
621267
419124
827350
254714
200712
836768
765144
691994
714549
43767
393659
906426
716100
871740
580558
121788
176611
812109
803854
315467
969982
609586
889081
664270
866943
898714
608669
406369
399695
739260
683887
535166
158384
511237
789879
359095
862209
555023
565293
90963
112995
958951
997388
829094
344897
577946
465087
35712
904259
783145
865382
388446
392731
754463
566921
259674
167383
175590
180247
81282
429055
378339
130652
101643
889575
434735
460738
265990
503963
540235
356952
616957
13392
354341
960255
872492
446491
939546
908203
864955
722691
773586
253401
629627
42254
820321
889300
209636
510116
583752
290917
453375
962090
935772
555017
365870
370508
15755
631859
874470
70195
503016
491427
597790
857356
965886
470282
818051
905433
892689
683006
628124
666275
450612
257751
222734
785137
661256
432369
295253
759212
237491
748627
721302
173263
303645
601376
57975
833603
233236
932444
418002
736251
423871
15792
107812
389758
278
925862
295191
892967
123074
437519
73447
573685
209475
296180
358822
384935
242754
168280
144147
994448
431111
379653
681915
734755
981028
739890
82564
728468
672334
14770
978923
610410
544766
86735
514372
545043
526802
323767
438010
649875
761285
25662
223560
484964
321841
582381
869898
78799
264865
528249
73247
695976
907901
269367
944935
403135
9257
27499
131603
195795
556473
110527
806204
101239
711465
320576
646281
238267
644342
598496
888141
919832
624157
625905
404796
945997
722491
788899
539001
987355
317148
612247
683331
739254
395818
628267
142389
405074
169970
788195
115074
240647
412926
921277
341885
124392
756058
988166
876862
914604
100867
279209
834436
725023
905113
753437
185225
141809
542336
724225
643369
859483
850677
840904
112942
246495
983375
255330
165774
153346
557730
280847
393992
970655
202124
250082
609251
472386
752452
486114
901195
853318
279527
735631
578341
698844
3273
763565
840653
545608
487791
484022
919296
338468
839130
32238
99167
822506
801772
264940
975851
873706
545786
884047
844361
262115
648333
967817
248705
400785
968135
149900
254103
247662
399736
832443
946505
403008
110214
787158
462821
598004
785384
896321
450676
624515
442763
64047
447021
244535
328987
937076
118241
388977
335328
476807
651091
983661
444624
899796
384446
412759
49696
152754
660420
449431
985196
121130
366644
609614
908288
829464
207618
207877
725785
172498
346596
168548
750749
793616
927287
79736
244897
559732
468712
550743
634008
78091
509571
48009
976740
436534
97704
643698
611158
61340
143100
732288
942187
752713
154781
771651
474536
362657
11641
647033
709253
694392
911986
17074
135884
991721
261971
209821
974638
870604
760563
122851
462899
270135
170859
953843
706668
782766
597542
317827
844105
740641
50115
786292
493354
719099
72148
967889
81756
597992
129128
305213
806589
41114
322287
942472
547040
98462
666497
35883
969065
427061
158733
431964
211400
329591
385807
918067
112357
497553
750098
470667
238194
314417
771163
731548
33516
357516
213642
629476
469712
342769
934688
276301
898087
256975
732978
959331
869640
399475
995213
838705
826535
153946
784873
552139
997740
684885
470207
624301
182438
734509
609172
934836
563131
894540
180589
596646
252056
394230
740326
721767
251204
675015
512273
663495
446194
245251
622826
315835
644725
618039
668744
985465
286189
967822
537604
798133
652707
522015
422434
349349
770729
31607
798389
333860
926146
978977
444710
692406
887412
185037
928377
138616
374256
440650
316315
820449
685900
939140
136284
844830
557179
805028
344500
357572
772850
396308
155705
939761
432528
92343
803314
717461
638153
601704
565525
78504
580681
10235
770909
982297
709475
699287
120913
83731
654141
951431
904180
854246
890571
554668
213281
961954
359696
71985
319526
646750
468292
989434
100716
415024
81778
904030
132485
719930
19939
698009
798434
114824
222449
83548
97122
446128
297039
732238
529859
951180
683670
948243
805426
574241
502911
18707
50401
376812
90691
369926
537766
73187
873565
638482
2416
469547
56717
649104
189477
76655
861318
502115
191478
83767
585663
288599
529894
396906
20838
573957
348086
704507
522200
153512
792952
25112
686422
843352
401923
291317
727483
939688
364504
115253
92375
366919
584799
149091
16023
774275
739949
877340
790595
445632
475311
890462
248435
519410
287368
269272
93367
635454
487983
129772
303170
795140
154883
503797
152697
71010
795113
880179
524902
159617
995431
617277
40740
94435
280572
570967
868710
534726
962511
173510
980357
437823
63972
228792
957232
351339
12269
564803
500997
14456
694574
318372
323800
363661
822168
476497
948874
617281
870880
987981
291103
380517
605258
846046
474951
400034
417013
857865
448964
893729
31375
943525
331552
95346
172318
802988
960889
698790
881995
976090
227450
90775
294462
551250
454435
116630
541951
917514
248116
412831
905495
53423
307552
24958
899468
782503
939195
830686
640368
388160
724415
185948
331685
570171
795497
18207
887363
756386
231201
769358
732477
972855
374337
26939
38310
342977
657773
580260
260491
420093
507295
165986
473515
814847
705147
887187
111555
717873
266127
546706
956492
452074
878391
40868
247572
410802
928230
518162
156208
211794
764843
129063
586130
305987
167372
929106
963759
747631
189597
383852
769130
869786
371571
583977
574933
258758
209736
733480
490836
475863
280186
447328
442141
672781
2401
203917
597788
930630
236284
753995
142424
1127
883057
242759
307113
50429
171865
785076
798059
875666
683132
567189
259657
54703
665371
834590
827665
875106
82275
318501
865173
876664
280033
821519
549446
282433
539640
147234
213064
775923
901228
869691
777050
784285
112450
84163
348918
798519
869239
146977
674185
66576
228370
933841
121279
407945
282636
948943
797256
879114
781648
176634
755779
61681
998152
819429
344114
537793
966662
71382
313716
382095
455277
604970
680584
81932
203338
29502
880450
72577
690682
68840
653356
433256
516885
774634
355406
313726
237782
152662
192840
19430
329295
462823
595315
841652
282252
939428
893649
763118
525014
721569
659417
980290
326540
854205
576426
529877
397911
971080
116658
88593
39920
770013
36054
58853
391459
898939
296634
58325
605983
830268
901823
68807
425583
743475
865262
879215
151329
628381
404229
872898
802002
898723
199438
656208
475150
243519
54119
960434
360176
656916
514559
644393
207174
585568
703245
112837
484507
514084
171161
604694
858556
587188
673500
284139
844868
538763
163354
996196
681348
81787
869094
997554
494714
582736
653762
484068
340459
222086
444503
214839
879001
959061
859232
600379
58834
76682
713215
57545
104970
398580
662238
963525
985767
335739
247664
830635
388706
925221
826832
584258
521212
210131
581812
15927
792867
749779
14199
133326
971864
458701
348165
365070
931966
721601
965448
990799
798282
678663
48344
903252
77243
710582
380982
63010
560525
628646
893645
463435
68072
234682
561897
589284
444812
143709
119415
751883
407692
133613
399414
379556
106519
747578
744625
38485
983383
710073
29285
295870
902940
591832
713326
980182
816618
94309
43193
891347
722954
451042
354782
305230
685723
430883
894513
644739
88797
528132
396623
496488
661745
796036
876044
768263
57819
134874
320952
41202
359152
864440
851275
262092
456273
564602
242275
787095
658910
799671
678443
896068
764917
547429
201298
964844
978312
610016
609583
67109
138148
6206
77801
799892
316446
468049
82360
374264
602923
917516
929669
962074
781956
780945
738370
752433
345547
980644
539529
4457
294520
217972
414729
59437
765400
616026
24281
257917
226042
633864
839229
364190
917030
678286
470720
385079
274851
359188
502206
706571
288858
464280
488527
584007
716855
240961
929553
697499
780489
448214
506224
512665
377147
565660
792269
993172
104146
50187
733419
252214
403620
611813
920691
320650
804303
391411
219934
79154
264804
722139
299929
67866
700624
788456
651872
417479
543621
95630
629182
838314
543843
135406
350979
920989
215271
143248
428366
833620
707638
161785
85834
625463
773597
520729
460317
577901
426345
680250
171259
691148
402390
471188
759013
617218
773848
410885
34697
317469
506514
178083
155783
564561
827693
20966
999754
557168
678417
942324
390788
900260
618314
990825
525723
906115
511554
986039
998220
937898
666290
169480
629046
582884
154872
902263
714306
442924
313148
749002
274597
333866
441289
430379
412631
268982
965548
926589
826149
643965
868914
216937
544225
487228
721966
584152
393343
233521
570192
391564
685623
750686
75248
828874
847774
744323
731137
562080
187247
558490
825286
461843
406560
266575
406426
819191
535557
886178
259985
875910
530143
128899
92848
588573
130331
329018
172725
37879
76743
257121
943646
762366
522011
18894
105445
369785
277421
836581
446069
978871
909275
271355
954918
315836
52135
875548
649231
587691
761726
463601
291869
552319
70653
394646
196854
399671
567371
234732
990617
338696
178378
752983
860707
711475
858427
744696
988895
209214
190766
967766
118489
976324
436889
948528
28459
312437
111964
130354
74163
535384
108160
880236
87703
178812
274882
798760
92687
356457
33493
83305
695153
211870
350492
555860
437550
723124
300556
426445
932337
5526
908416
565030
981850
345305
27764
10309
171947
139727
140663
246109
189315
763026
126345
791221
941837
915431
589982
548729
271888
623474
146238
967040
349548
496729
522900
787097
219853
337661
727747
666394
343186
150368
745629
325036
9877
773392
849549
181823
427323
504416
427932
616638
267442
68481
922063
723483
983911
512045
272212
770004
649723
932653
737044
999271
429383
774149
300573
163440
111810
542524
344039
969199
207096
89668
808440
216973
377264
657989
398795
318791
676609
340931
449633
944050
409412
371697
181738
907527
883741
968154
677531
533465
900807
928780
46941
844394
702929
861717
522039
328943
918446
866077
812346
125542
469949
620786
342514
361417
792979
741309
680207
469588
82240
129841
927842
5856
501537
623785
427588
899482
591939
105119
947151
6951
548103
994091
851345
765236
370014
887588
94179
288460
267870
906525
414001
737818
41516
756515
613439
834495
497824
293646
818287
94268
937690
260335
614328
953431
884119
41916
367119
476058
661238
314270
483008
209342
308362
848557
974577
678375
736145
582961
966834
4015
3691
380835
256037
45206
651554
869475
393905
663582
677326
212193
272055
129221
986731
886382
82653
870850
928297
963975
861112
103740
278245
344120
827285
100811
706882
801863
779185
957231
899028
260224
961246
902718
155264
731487
462128
321022
115168
856033
984604
306698
582430
256659
435918
569161
143041
32775
440011
585542
996749
815327
203486
274995
159447
30772
375805
380533
346839
669195
337765
245867
443623
813215
662789
113091
58907
124917
434113
174074
495154
418717
994975
77584
675375
430894
160949
332620
977872
115164
432366
488827
930490
635851
278026
604142
666622
653830
984674
527665
837229
836643
773531
795057
649858
436320
908147
222970
75442
856464
397043
570595
275181
392019
162384
464760
337117
837536
311584
314989
952700
743949
803815
397395
894005
81841
1537
74832
249876
500416
602497
601309
337059
890232
910570
501122
840757
818718
724091
916198
675182
635338
998
464568
541561
163381
443532
392882
918
755116
707871
467822
13270
25891
865216
907274
621936
380958
496311
386016
881373
98808
501529
732636
989039
412100
747962
344001
745022
986257
260199
934408
135801
261197
913180
677361
938781
356713
70244
453903
111829
292319
921724
639302
832413
301146
60782
968553
682103
557092
868773
77681
170104
370303
810316
673347
296607
72484
17349
41629
58741
277547
490241
194541
52948
403422
386107
505934
760134
970554
959836
386167
777077
395766
25469
123695
211116
86250
92249
893218
157546
475226
970898
327649
845528
295419
997
656339
367902
18345
212172
426643
810095
702413
135388
863043
105835
521494
883181
380173
6253
357222
766339
783329
752987
306012
907024
964102
906466
513477
371525
64012
988702
856627
391661
348436
152047
392657
34153
925205
216947
974999
735300
433564
110388
112548
53603
146086
995728
433775
152339
352951
714318
449872
620142
534534
356896
98450
441000
384577
984178
19217
373280
840806
410877
721715
507057
317738
240694
541209
757147
457640
30414
492447
891203
140801
604995
944805
801090
114928
892784
467633
982082
607102
917505
116430
655841
788605
729083
96841
173183
713261
116057
60667
68272
41138
296586
575328
873079
537279
630742
630226
509124
661155
636878
914531
316160
756077
373542
117250
871004
266326
99088
367292
387633
530797
483721
43474
319402
727008
654518
6789
440269
284780
581659
508541
840121
878244
598073
227406
929728
228815
857631
438852
404174
494509
867587
720333
250586
241129
351788
635795
21660
965079
517291
409292
495876
1012
966969
329482
728019
135692
850475
682492
420471
432134
705237
774797
824583
303311
2203
754311
46330
374038
707367
964708
868547
574954
199246
633337
330288
551033
783336
351947
516112
300627
275443
526192
815842
242412
855674
58066
378103
706149
740558
312779
138283
959999
601780
477070
777514
603982
745585
823844
978019
452952
302757
360771
542111
502002
508313
872398
567240
291649
224345
597556
106481
499787
123749
922322
256403
979422
494593
148710
199776
749355
975692
852262
709354
577472
329333
486869
181454
74918
824917
673678
42075
127674
34449
584185
629675
542761
456583
196915
348615
195132
308676
969299
209123
432424
405826
465525
926050
900418
128439
125826
649773
104132
873332
681603
821624
360201
863057
896542
699322
50940
938616
341200
85388
37006
970874
142354
7793
681994
490968
202924
990669
460267
926250
937297
866092
905979
863347
280716
34418
503377
444693
138549
481464
318025
820152
303089
192430
197414
713835
891751
248353
166656
232951
333740
203661
718030
990297
211453
914228
995469
928580
419102
455736
369035
356399
836033
275014
733950
630953
309431
237327
75646
447980
718790
393671
268132
536083
100305
979749
249918
506261
228102
930777
739211
76046
134438
971445
66344
860094
399878
61813
302879
818979
31754
671913
689582
381991
946926
423532
12944
256358
175063
602793
218542
408058
510668
486673
944140
610973
980626
708263
117234
208728
639040
370649
284773
287683
856299
865320
147777
256177
441338
450656
75157
473091
636773
278943
369286
583700
216680
382229
354262
391742
499226
572803
799799
9895
573680
743940
620867
68511
966407
738100
277238
119652
622953
76215
407334
479252
455740
555111
735429
897077
519971
324790
370168
670948
117937
739453
768852
334616
635886
123114
726358
135112
210121
526157
145006
298005
270097
280077
366515
750708
532381
157957
870360
155335
748376
277694
634586
204116
347009
884219
101193
381184
723213
985564
52133
841150
239222
820984
175766
389312
458303
902123
524423
182628
428281
183634
994837
212582
977914
875556
963290
510296
33514
347855
179835
781889
625548
814420
500209
486762
212845
601401
867945
450262
586965
920077
291412
340391
255267
467178
729702
713569
883505
768329
410401
825990
466167
405238
38573
444082
280795
516067
954377
828512
378126
648416
124606
3674
977040
624814
4640
189885
226215
872585
640147
327384
306867
445763
667774
562133
427145
397476
789906
310651
165805
200308
650845
631972
605545
203622
590258
400544
233893
58840
229056
612018
707255
353661
129897
684295
978474
134536
874180
718893
7121
28532
46277
828192
988498
228255
390325
415644
139935
180232
240499
305740
894743
891343
451916
500288
94966
42174
415037
328858
615217
644092
940876
322472
997753
584977
6767
490432
719512
395151
723530
240838
937886
769806
69030
926385
512266
973558
342029
652200
153790
582527
472144
562737
988074
924059
577230
83040
480437
992266
926102
95654
636358
381183
932329
148316
966159
939096
152953
199876
848451
876482
440713
786338
160493
23947
712723
672758
997505
568956
839163
665499
665687
311307
228237
653761
749571
805466
251006
744212
797732
691312
354071
948294
72495
286400
96611
552858
739700
763767
752733
102357
640249
707651
888694
800741
731597
115622
987704
729102
198782
826867
394602
864468
652378
137043
32434
401949
942508
283439
660366
740240
488955
14437
202739
561449
815040
813553
114307
554741
577320
381245
657097
217569
88896
59996
532515
334697
689821
34424
63800
888602
375495
972605
267275
27873
109648
299708
944026
52156
97352
604392
306600
586306
133033
509338
661960
948072
322892
290471
17018
414416
185920
188319
631985
274815
762518
678704
609512
452339
713127
187516
855145
602826
160121
122420
144903
269768
936332
88929
836127
33684
207525
142727
134194
854761
166269
310358
802834
3365
600829
334056
417781
786748
522375
563970
575768
284893
242674
699484
251437
470005
886999
106582
72831
561324
229002
731937
831091
165334
820866
181423
713221
542595
838353
361619
397357
4622
714395
522191
787010
562655
939971
87963
599234
503941
177935
884127
260819
877418
649768
245028
278622
756349
832062
839945
499555
563999
185241
664888
899069
366663
892313
441665
205016
768137
353226
723842
954318
581825
246033
741328
144480
700208
343495
743714
718353
521430
142046
979171
913052
791813
738403
191675
62367
570465
545824
561922
648668
731065
741014
547738
611932
633328
503607
331153
401465
856832
54995
869987
952861
815231
611315
97341
515439
469014
355259
747996
990443
497304
241372
903496
803321
979774
95171
865688
64444
640994
427610
713111
886263
168624
260849
498196
316156
764455
343553
231825
135492
398547
101812
88353
727982
227331
699898
757625
696345
569361
505621
686788
66666
746992
104489
384191
726766
713863
764083
305414
869062
191693
18525
755325
874521
279374
767725
704881
558033
111278
936706
693525
24029
552722
296082
752010
780053
995979
509635
476398
565341
529460
677390
146211
276452
781879
44606
517422
495742
808689
822835
364804
514586
841360
634334
903311
634938
402059
608193
192971
27542
59104
400700
51570
611825
696782
317785
391878
206966
827419
382480
286511
871084
59871
432721
147536
355954
991531
179163
851695
800220
516202
730704
829010
871766
879242
732322
20909
281301
340515
213880
823046
399618
128784
874616
11443
825565
192401
917525
546736
534024
300005
833246
919312
359875
780172
581053
715828
771703
760215
81729
86128
790621
326637
915137
662388
205879
647459
683296
1384
502178
411380
824430
416000
540164
213251
941647
879933
919855
859172
940873
453879
673381
774120
887396
33257
554292
468449
263289
840199
228664
859221
926326
533489
700062
355668
710081
905940
3128
393378
907324
19510
318962
245959
435510
373330
459209
377157
767468
379064
750533
708341
347147
423914
482461
234543
971374
550957
702991
748868
905360
445859
608089
831686
979348
822356
187355
689429
728296
704686
597011
149825
724195
430178
395783
673909
803507
854991
565270
85180
748259
315803
793521
95407
739717
790186
329949
711091
855348
547145
974163
760708
993003
582253
106600
486556
918813
808158
175986
647109
512844
287201
311139
751243
717378
706921
939357
35091
76118
504627
120270
824376
820430
427995
433987
74352
218182
763936
299647
587734
825285
273811
348442
818288
370268
969245
304845
289081
777403
995034
936189
290247
282235
247328
555695
999613
468454
495052
34704
544571
513883
154973
883151
334313
582968
317139
408664
315354
595279
222516
903087
420564
496326
765733
753056
866593
734979
57901
155674
512382
52935
606067
316834
335170
853395
386733
848987
836053
395989
883690
894828
909871
552867
777979
244185
650039
609322
167053
965392
204601
389568
382684
139369
885893
148418
892425
266691
397601
950325
422364
909982
517465
28432
741020
366839
396031
127753
215826
746288
37946
613720
641116
947817
680791
419095
706206
330831
542622
873258
810427
261427
777031
193112
400796
177129
855733
807425
443820
253334
271955
380388
677520
789419
408819
932745
670462
319054
574702
886287
65342
612648
14212
706457
560465
695003
639757
266671
25834
696583
654133
836260
958009
431164
543576
873009
122498
399309
680434
80522
652642
952389
460909
844367
256013
383933
777112
926475
702986
351814
326967
282533
964461
855383
503194
524926
550386
657155
305801
90424
353738
959934
440888
825952
905302
984464
698961
27800
383773
893600
108321
550620
360194
83435
394987
616206
467367
172099
56886
684557
523912
898057
967089
2579
267645
984488
41709
818030
641643
347510
422658
509586
307444
377750
335538
726950
362214
548703
268955
260192
442303
891479
810811
802496
974913
720002
932907
442280
406305
503997
641042
444421
402054
608131
446999
183903
592619
488708
516137
748467
350422
938794
258053
657865
316545
107795
899019
192963
656497
167974
453154
98801
573658
778169
415501
548571
12376
348408
505056
418680
852405
146098
377306
768663
268433
824304
952566
375257
827216
468703
637928
177638
921702
895980
349707
238247
3775
248727
945413
660271
930904
398568
273276
504562
690941
688777
567338
703317
37185
586598
636201
403794
732695
13507
686662
515332
352016
153433
404793
693436
622135
42721
871074
58042
452905
734985
296288
456679
497916
755906
631155
428821
668678
418635
447587
359619
107412
529129
577140
658801
115727
727546
576799
362626
741052
263461
877958
607272
416893
282751
300709
553233
839676
685987
611274
292581
420972
421767
263465
918888
177673
408824
861913
846350
827458
823704
720173
449075
352834
811518
107876
468560
539064
198879
831186
794320
976544
223349
401593
393437
20304
702301
460874
859979
388288
72149
152561
323464
8120
930229
242352
699996
339053
618469
546346
680715
442174
780723
129790
309212
592241
751869
777771
131305
950748
123162
925625
927292
346510
841422
834933
366814
543723
810012
740997
446215
396365
893557
283883
404484
337991
40440
104480
677043
658908
165030
357759
615286
945752
487548
924497
52199
753622
216474
697707
704370
339635
623332
145867
200350
978958
495004
81368
36886
305016
822364
997304
701380
715922
281188
105864
568117
321627
724547
245161
494739
889576
117124
110026
349534
604671
548727
915936
358293
765200
613643
576867
619040
751180
236938
819389
730138
731942
900756
767024
551162
723120
764328
252543
953246
45516
872610
521364
881346
597158
280729
376086
939
397852
486111
864676
516727
34838
780612
389225
314243
394256
480296
933282
659640
717234
752671
389778
963380
167632
156802
514542
404956
435335
281289
872407
995054
153900
907975
876401
265262
188704
252487
780404
586555
252802
645081
617486
287639
939897
6711
601881
848357
487007
49368
507997
204241
802038
897775
167621
483874
568781
196367
403035
4116
477656
275442
999170
631555
183417
389776
411021
372120
642262
191425
472879
895063
350710
90365
696906
290608
97076
812992
138965
98287
862359
161167
302527
178603
58942
984351
662476
141927
694922
65511
146043
172578
855156
318337
49193
729357
924896
205659
434987
911979
614926
785696
516549
311832
590508
613624
124824
243678
226115
987183
404844
42846
679990
977989
27197
856670
119916
722118
922181
780162
408901
291542
439579
727237
844319
2976
970799
769215
722838
405786
195400
337764
705686
711948
649596
296195
839776
288624
54077
65891
790011
458920
108736
470001
951113
650136
326672
71029
886458
763057
851191
295359
54599
804974
22597
898917
807950
507600
182338
530788
913385
377737
382757
619071
89685
32353
429470
929460
835180
483546
509555
625192
942465
618290
609397
893578
268426
936068
478812
154884
213330
330003
964447
782133
649181
501248
195255
457131
8848
891796
502124
922232
269533
884880
55508
873421
431437
484978
317086
780821
968523
826640
406013
425194
959134
529615
832976
227560
465683
311788
896648
193218
155995
375300
975350
805176
876547
684809
776511
885394
576606
278635
321831
360343
677719
377338
233765
623360
376520
65055
404182
345044
405900
324399
770237
365034
854013
603213
592594
833901
429206
3447
27119
585200
378746
516673
390376
769497
201482
166888
169096
292292
959726
5131
652635
151651
896672
400604
289215
273193
465658
693396
618236
871557
17796
902677
236592
386013
20095
343390
219914
449300
861040
761236
34501
753990
277909
939080
523487
993595
620172
692582
285887
579899
211917
452726
245754
108589
853329
534968
381781
833192
228365
17
218954
760364
416898
969749
146377
436993
827343
880495
886292
688383
641731
434997
956577
433845
374078
480064
427440
994249
686850
227531
898766
194462
334106
7356
47791
869074
903340
395187
611643
903357
614141
372007
834459
98095
32588
271452
925438
427287
671949
128026
69019
106946
84604
17068
481023
78872
958711
989477
765722
700446
77830
178693
894907
411936
700252
942698
795214
603593
852089
406857
21155
466230
293068
855613
78530
839859
127066
3968
267147
799014
131993
850369
420164
216596
867436
901187
295468
340352
890664
575394
40798
482698
268291
935705
894633
968543
392608
689847
572136
244697
96704
593290
225132
903975
963107
303661
743835
90173
821832
10982
403391
953824
375555
823555
684625
757195
238947
494297
97547
643815
583895
138344
126513
852185
588253
535351
820728
980860
225198
907068
739762
836106
14563
964893
254286
977670
782758
998120
582047
604590
523306
499643
72619
898860
837402
757243
656055
76349
765744
267806
234368
349639
406150
875084
716029
508607
410435
50962
489468
149838
958030
229230
500148
486797
708327
754433
464467
5290
752554
560719
609879
790064
60362
196702
688925
897763
468150
859184
488316
233894
126991
722683
97738
47345
597767
813766
555951
522407
864727
559623
672244
336962
303057
172392
823759
11384
441029
802430
530877
193583
363149
654960
983647
423510
851662
186777
321273
319812
560165
323793
553705
201360
560680
165647
248704
672652
979412
318860
195059
358345
878482
867302
209511
181540
553898
33270
707127
994926
835700
752209
702714
198849
407169
200566
136564
258831
387342
972040
578642
461711
295834
646552
663071
856513
812198
911774
43370
305816
744838
238428
178365
137526
619934
387875
319065
688036
935349
540396
682963
285254
292605
899881
484102
213979
100447
134870
472809
1993
106911
565656
463703
402744
726412
126774
773461
52815
552753
816831
358630
811795
569463
51199
949320
189398
953278
782589
877433
888627
322986
74601
688085
129795
974481
172187
857977
589132
307057
330787
105329
928171
410647
569032
330915
137059
210010
618580
189873
276967
435411
62708
88763
4875
113906
38083
708476
581388
820672
585909
984219
657862
174715
672304
301861
663400
358696
159839
252533
179957
4830
872065
108128
415476
441097
439042
552534
165312
571826
256611
956482
7238
319318
45245
526316
947428
597532
748996
528816
932408
849109
513036
104475
23824
185340
406335
687224
544035
80378
453961
723991
599411
326026
346323
14887
281328
299569
81625
960843
871395
338236
917325
392837
171758
476775
919152
119186
74307
668148
648002
520919
517257
675242
625393
55286
860581
545932
256714
918821
626310
224879
157017
225721
65109
503340
754812
346436
802908
350641
821483
674303
203081
738809
581344
374839
729788
500496
494024
804094
682848
656230
839217
714310
331472
464610
283800
706258
10542
540513
139284
151056
765391
296300
890981
344704
313844
159998
691140
630957
510638
26828
819464
713719
765636
400809
602762
495424
901304
96786
813722
98358
267221
652939
326872
598692
631753
610671
819154
642295
665388
958437
307555
430779
254738
198536
289687
82786
358533
980826
713742
383376
521859
533207
97095
801699
934015
214061
811328
349524
825050
625050
962085
92271
792194
288957
205168
423947
413832
24322
580446
79220
982759
888001
24203
751701
600741
313890
348691
959274
808920
62434
342650
330779
595640
953948
132479
43860
168009
943806
393383
507263
83061
869673
599534
389459
158630
804701
813406
572462
343227
908056
165886
840190
310262
190089
106096
911003
503978
454787
384482
312898
31425
727131
157882
627064
195284
290360
185128
877496
748370
92715
384759
831430
962387
498497
220890
121018
817402
548500
207684
160630
970760
373569
515024
281023
77862
621120
192026
581839
590111
576507
408942
621535
817842
566823
762803
527330
371387
947930
119757
40645
303789
465391
3033
802286
200485
638254
619688
748984
360142
294522
233950
247915
809546
514972
325777
944870
221202
907615
534981
311913
830761
670720
129755
397584
433523
171289
768970
381453
90319
402931
936301
394107
868322
453538
710597
91792
330286
331996
966137
624807
565945
214053
948557
595121
539829
893427
816322
961648
942612
128235
792410
613332
772193
704198
46855
457686
987373
942511
548004
390304
393018
942110
772830
846555
652708
841637
452552
497198
687837
418689
636209
767986
632741
98972
877311
686774
992398
693633
162628
449216
336072
955037
576752
622469
173440
137812
80155
160813
80323
628158
551117
473340
84473
323947
834100
251385
679788
286652
262787
881829
705340
898996
649815
852286
997967
41331
539060
504570
249168
701687
467990
585239
170929
44743
721912
344369
182554
316271
505181
262876
944428
56298
250421
543106
894449
84521
794490
88442
371172
571482
970271
590716
470478
134291
443002
982649
175622
496267
1424
424789
197954
469414
524233
368883
514156
760349
227456
696709
76621
473789
21049
303139
724209
78359
711792
322934
387054
800233
208310
958535
770504
799026
943217
419000
756232
925866
594621
252499
927289
533614
450453
396703
57847
333540
910858
818196
75200
121772
894816
807835
595561
430069
625178
833974
22633
336970
671113
409686
651408
879422
368221
936116
192653
825642
355116
948885
751508
949736
715588
193002
997555
680245
103910
569606
13785
528972
902006
603188
650744
311027
925228
246305
741096
550406
594483
277933
401581
265596
687618
52989
659223
570043
989104
366080
395685
858425
829169
661397
808161
544758
854398
319921
225003
958307
889527
752992
487280
791533
356180
652228
102561
281408
412737
357861
346019
7220
635793
747599
787020
837615
314792
446243
407658
818100
326527
803342
676525
155697
464739
998891
700454
833341
318812
439661
305854
208339
307338
514077
63038
959565
130842
344445
886506
488702
204668
893725
638699
952266
194950
476314
781262
155397
398176
599363
481924
715722
790092
637620
694665
788983
852278
528006
622000
291939
348064
344543
998796
655401
858619
61834
129171
989460
920482
15677
992366
125151
423607
631065
591621
618556
621583
372884
773953
19759
486451
770081
735480
276543
407701
430145
579731
774183
472356
201731
66122
820419
546273
64918
475821
404893
640955
604991
908557
561438
134873
900924
686588
558479
46194
278209
177035
667777
165297
465192
201740
651747
235273
937220
442495
157178
881569
22226
931360
868129
223956
997482
688549
770228
576604
678574
689325
217560
797769
112088
293202
932641
13012
979789
491120
573409
772202
182360
241186
937499
161756
957130
103451
397029
408555
545945
68411
290124
82375
999771
158254
306330
511458
361007
590763
602266
39581
794292
819825
837349
906379
627231
769991
433595
607020
775315
7005
957674
762394
345131
119431
719524
448581
30664
128079
508731
99074
932407
591105
613049
90661
411640
638711
965871
516607
240978
5452
575007
842800
731483
202239
612791
679282
809258
902311
686286
216890
859985
962885
562020
493620
682409
524806
38488
324693
651766
257100
653050
264815
861964
578894
903526
827835
95501
658708
833286
920604
233715
190291
166292
435953
317287
845573
245212
219598
46065
976305
8950
538326
601612
205563
577336
640099
530255
125077
291865
301559
292331
70885
163523
871225
488615
505562
966725
147323
853052
401534
381037
43344
82030
331195
874834
927603
90611
94432
487872
66916
202423
11026
119446
804034
216588
696781
444134
261048
336062
250203
76811
628393
835291
240334
499618
323906
260100
980547
985432
113153
382082
880674
670700
464111
211869
545534
905918
302479
154170
393790
369394
356592
919019
488840
160627
649812
699825
118965
910859
35888
369167
987669
664280
718663
742207
163898
42569
2308
144445
542206
629664
40731
937084
300364
504842
148953
360102
924964
965635
514271
832959
849233
385067
751978
852277
59898
401790
552103
178862
312649
102195
62234
814523
766474
780896
70935
444576
337669
587446
103225
879874
217110
658160
331163
31678
677206
994319
391779
602170
959954
420254
435129
323393
805321
187108
689874
865218
588897
756181
44081
415751
858375
620518
744478
139054
401414
815412
97834
253287
402859
715263
133162
134173
373423
978528
165851
50629
972848
557629
652798
447007
492088
87928
770399
297409
789239
974478
162627
378136
730659
720911
308091
589035
855633
52569
242293
257047
382186
340127
510334
299249
55390
157700
433421
428812
136228
113476
993644
623280
185310
646442
70288
677397
248574
354891
974805
37813
329369
651636
930153
60029
886752
238244
163268
742385
805017
405560
999432
187203
745686
23971
656
315280
695874
948280
258296
346306
61757
251940
969586
247066
898382
554078
924462
661160
908968
413472
698973
752542
65108
629126
812570
466064
381574
975837
208450
186591
895601
722086
887997
641288
260261
888652
470772
956134
836933
729068
816644
412894
981007
300435
659959
879389
854512
98626
540550
277686
26302
753727
30228
605613
897057
842797
71678
278631
332839
280127
979426
228440
516417
381628
383932
776677
784485
854704
732811
135623
583772
63660
548516
564779
364095
722679
958373
218607
335509
13128
10497
361810
766854
40724
481627
663911
397725
553304
456746
244768
347635
436172
473208
864051
817800
371344
640728
602285
740252
887743
737907
324024
951403
800627
829702
361381
562513
858814
888712
573010
734828
655566
613733
216455
833681
11459
769759
290427
256226
631598
240804
243638
495650
572808
129187
650582
175093
869438
427204
193463
3934
742035
110675
833635
265341
986259
396148
638359
874971
969157
887391
44742
97096
103846
878422
622758
387809
168849
878983
19408
923856
636826
29262
496664
766012
679843
185961
635450
732373
127369
343117
250511
869403
453791
84146
648948
954254
994498
801511
829225
477860
688902
873966
89160
792748
266593
711917
694761
949646
590901
714168
873502
741931
257634
370167
507943
937477
556127
657597
184055
197701
715
434566
67104
968709
32916
716052
922964
27414
517563
266394
19479
720670
654565
108638
513418
921157
334760
208179
870803
439865
436552
258511
181796
694185
142882
203943
213213
861539
329922
410913
376458
764487
478017
859372
797402
708273
296541
339021
740040
562934
872703
460710
731703
495545
488332
652861
830304
210716
37869
270169
647267
810583
966168
855656
953464
170111
515728
166678
545855
845649
577590
922312
124341
55607
781684
435947
278084
78225
289172
18125
155364
676079
993038
887066
685829
481371
54132
30338
206291
92001
300507
367762
416788
780879
223418
370253
950990
253350
536930
496845
613203
114520
933361
737543
684331
715046
687695
476619
307475
491071
8948
462838
167151
1987
349905
367184
997561
918240
397521
203852
524445
212232
571613
941233
993111
309235
311486
458306
76790
848415
469355
689992
477139
402716
941740
675674
117762
629435
152294
939441
120506
675445
402279
801860
677431
266388
169044
189197
184629
566565
907252
709073
293001
993069
164511
286112
302305
475996
744417
379094
838615
213772
583290
315755
616488
525030
505633
248454
154465
172131
187895
789175
847576
104379
105240
39212
884970
788488
228409
583803
869257
135661
807081
162258
128731
971591
448370
945239
447588
706991
838537
286203
920763
936031
116162
51456
461062
621795
814113
129731
308130
516213
918905
155706
620591
538350
194918
19766
326838
423326
603569
196095
73191
924854
872556
716125
896445
320926
175569
858237
542122
528310
658645
462885
464342
774806
28545
925403
910805
842657
55134
218936
873074
488244
374641
493665
26594
83763
27636
867635
21293
631204
577934
94484
556058
450490
324813
966707
285621
14587
824945
827742
542896
483590
804831
521442
772600
347580
961049
197611
190237
530388
416546
63312
532836
305391
71181
73634
903358
98816
941268
924650
244224
33407
314486
483896
372356
281194
283721
386942
620343
111463
444042
618137
430498
479689
390737
778077
440738
588347
968314
485330
519097
545830
18166
338693
131215
91799
242051
744235
547271
988458
580677
214244
817149
578778
586599
98343
862498
487745
232890
488166
931786
851026
918663
411475
241763
696741
366418
344315
179260
851747
377616
239294
384118
716308
990120
472563
114743
51597
153469
617406
146478
367712
434555
725255
468515
47102
101959
956259
279991
590124
402250
645221
22992
813725
401188
719732
694347
745502
413196
546094
123119
652489
444416
353631
22998
434537
826194
651944
486133
493867
269350
146815
861578
218109
872070
844297
265210
488233
314761
59405
592561
717010
704625
615552
530735
620018
849489
225082
365520
262685
285381
2843
915174
729796
870678
452376
678537
696872
104320
678874
704943
887874
825689
80726
105983
211964
925022
885397
214401
239783
459006
806961
956792
677836
936717
1733
297854
786206
226814
177578
563096
26399
180421
478270
270400
565303
444850
948936
776379
549169
142016
481322
437043
967704
562047
57231
693872
487069
942627
908272
241056
401633
229438
197848
79469
166155
713784
891526
466566
940598
69105
29662
481201
763729
22136
751600
329032
466985
214742
105411
530358
356757
586732
967401
838665
148779
538836
532537
635847
481463
440809
391107
397300
670246
588954
990973
350605
302739
882499
817170
757541
951603
846831
752946
715332
383171
504547
44364
850155
719288
149774
380514
590249
736505
862119
428914
399488
400955
961450
549539
396622
916463
940645
308126
100914
43805
299099
451518
860747
695803
268689
132493
647406
629724
885438
876943
12896
904189
435511
377255
623477
99490
757768
213726
835994
134092
642639
749687
49251
118294
299226
960076
34757
239872
268203
649874
797880
81506
101393
658627
777308
884285
791119
938919
514009
190762
815862
41109
94952
251373
418364
232633
350862
690336
446359
701061
824428
603202
964952
387883
235701
264178
347960
784661
18254
616162
434536
816133
697667
535928
474760
989180
420213
780083
928099
448426
970845
258166
3740
65797
23743
422103
298429
888809
112439
258992
589870
451071
376399
69027
838954
126304
333204
186914
910964
351458
317280
345500
167591
529151
881427
156556
518331
815844
450843
960634
778475
421688
218800
782214
1689
242543
204317
814322
131352
830959
587518
235426
796235
478121
304452
635189
604424
151860
336307
515389
503317
167791
860888
185113
211146
256521
855872
729477
586569
306715
204316
365044
242608
423116
661462
244296
179863
379983
572822
825418
725147
160341
60844
521382
638461
879499
156571
757090
31359
7082
272479
48881
689076
647571
748197
900221
418296
118274
629698
4866
424988
348219
884113
181800
285539
59781
940300
465401
953967
513122
290819
679114
187667
865866
200496
340333
259570
871270
97423
805132
392556
884105
854012
81632
45881
116414
981853
464177
234687
125756
983246
173880
473974
381564
869883
759512
955548
810183
739117
909516
323306
29936
588630
510972
410006
303331
365509
669575
174601
462931
474708
567157
861240
842924
648788
907121
473543
144846
885502
222434
270602
868748
910517
744575
764516
780401
18293
720065
590584
757409
143786
428094
301550
732415
453271
711555
35746
818779
895335
724551
281711
884247
291708
142951
727171
454700
564276
714918
599546
449778
937352
384352
832730
847869
643131
111452
142475
661423
345721
733059
418833
489506
161153
720382
736125
614423
946141
771871
433203
841476
10627
229118
239928
816538
886272
481304
271238
450549
196222
384988
414531
647778
283544
761466
9853
926675
872917
152327
588098
218638
885385
521135
708143
560743
241517
958472
175166
701863
730343
122573
57544
740969
865894
297472
557507
752167
778775
342950
716920
974996
242142
645655
622775
525686
407121
632627
452361
280038
299158
554663
12880
184544
75799
235227
831519
193700
948860
533382
438247
71434
590926
693421
451532
402602
765132
717903
181377
108082
434823
156373
864428
594683
293352
904318
1804
440183
870883
796046
739341
425546
808925
438089
501344
558357
697579
332864
752056
646439
380450
190303
232077
485580
883723
683609
888181
648856
401512
69558
271142
350540
740135
649774
459427
547691
554092
461230
987874
424975
771480
241420
850521
94611
193713
866069
652967
891291
713137
405023
51935
93588
109530
284012
93372
507458
481825
981553
670518
397541
51111
941659
262285
305450
591434
721711
853141
659730
697146
355220
84706
468626
596639
935226
563236
790351
315500
730407
195847
28638
135430
247781
636429
759164
45997
729800
266622
42026
711353
937139
953771
276669
393003
216056
582118
498641
451972
435259
158372
149118
304683
243077
131948
901321
692507
209389
205877
8007
939795
915927
550848
589430
677913
187277
348594
723909
917077
129420
280140
628430
580763
233911
905098
973765
964170
1422
472407
416142
950884
144983
79464
255568
388059
211412
671093
594770
935004
876970
116981
874799
307102
667829
978433
985014
855105
327027
708924
772182
970650
503268
914817
551413
737178
334120
525179
701348
335541
511790
117491
286426
170977
711158
56198
559035
922569
727290
668009
857573
118465
784989
246578
425567
967022
225011
410581
822128
66243
633709
108515
551097
136977
23332
102511
388359
357452
141894
603912
207197
653683
235607
7827
824659
946764
64024
897898
383539
791314
80112
755316
423983
379305
1894
363754
346328
741109
774335
682660
321556
922248
305379
872652
573430
842915
489367
961788
714571
631260
79905
921767
799147
315511
929594
138011
262276
507822
550113
645814
299136
144429
401130
237324
523734
917228
601077
384266
172542
889616
581130
8302
811865
886508
395158
899499
243628
884525
375492
958198
29990
455397
879966
829137
770907
323765
481352
547387
831586
31466
193201
644927
175894
108536
882250
213832
539968
997531
112302
226714
887148
693431
235015
213218
94145
630172
112717
337772
28902
488208
295971
58892
943604
690141
888028
228717
13906
883584
776103
915049
483509
4623
605148
106249
401077
333184
160421
398609
445486
387134
799961
138917
622148
13179
233061
766524
85038
795426
128307
381008
854317
586116
71149
256550
814832
599258
140134
105140
958953
569388
102853
963576
688740
209101
364653
21924
369521
277466
467409
270859
77427
120531
407211
90605
867795
173736
730703
952832
483366
373215
333840
851887
959330
919192
622641
288367
518450
762774
907710
991608
846366
10564
955184
535106
733868
834041
71235
617594
111508
52848
888452
703138
173378
295664
793743
555378
983603
38651
508210
466969
926069
356255
318856
885399
789651
941496
687970
308102
218475
109886
299710
579046
634653
769098
628356
882725
117344
699590
500319
743055
266643
902976
440020
712844
754141
995397
210652
792791
17813
191825
718861
374067
24885
163718
480585
320640
986023
699059
944729
799937
792309
579382
83240
420666
462107
200584
634460
476631
943638
901102
893811
904036
855327
120860
658177
364929
331511
450969
382741
523335
684034
271012
548219
316703
948934
28804
637342
449162
242067
582071
249100
548581
675657
846543
969246
137765
561331
117911
128600
19175
19014
22411
923210
388545
143270
753473
988984
32357
136215
512319
230595
921430
574742
547297
870364
117750
184640
319527
874020
280915
82831
422601
956572
443578
906051
608541
4910
23963
251345
24084
557180
787959
947293
945724
931228
528681
213402
434417
75242
349616
460940
305836
785251
35682
367338
169820
153431
66182
489346
27451
347096
86381
964256
817872
44164
870307
940617
49073
894269
191962
73156
965653
979920
534653
911377
425353
63335
124780
859769
652780
988599
320709
472821
288055
870594
840158
457875
538229
906339
461425
79885
253435
547806
44141
585512
106174
914447
526129
155246
322922
232296
742605
288575
726420
277258
714157
665978
854796
353141
39952
507577
341740
874865
980397
144000
745459
820555
601874
797893
726894
63299
877777
494533
125309
921917
594249
231482
350569
634583
900931
673490
381083
643536
962065
107503
920794
190427
287685
289795
543567
327637
311576
399511
202502
291973
543510
462165
626732
145384
260058
867830
722887
137835
876568
848195
573956
470817
593882
924525
619604
494813
598015
687
138350
74285
108190
573348
264711
395874
863142
322482
237715
688923
721993
954420
495100
265503
416586
121833
925091
676643
503867
647978
328683
380435
10378
416843
365457
118464
341368
985060
613277
453588
985747
265831
42077
608141
353383
306788
518219
730729
143474
755934
419652
865466
710354
914752
645174
641144
36585
570265
831992
54656
732447
160675
949295
257029
577517
828956
375493
433090
814016
502974
886677
313968
768804
928753
436313
122187
749745
954532
852915
893219
224671
272568
272890
935024
701524
432268
90374
738108
516737
922365
306968
249184
597244
256263
20418
688965
85219
395910
122055
413440
413088
522936
241612
181892
451690
677925
818282
715639
146662
185402
123063
371332
972173
910157
820560
673697
342425
910933
926009
859162
232978
622550
430542
3445
642967
633712
602868
553081
755766
16308
278703
772123
148060
244597
450048
480546
474440
596709
665948
111708
968040
638121
21865
788601
311819
364289
213739
237828
223451
561242
985009
846001
991783
988454
3173
625495
591322
556254
895466
121834
522422
688373
893956
184687
447174
344005
665232
921613
454918
845384
33321
422959
483506
55185
725764
309529
933678
453707
61561
671333
14949
46571
31539
520937
35025
34712
660636
140551
590965
556102
262384
113387
758679
156340
812277
205853
14549
477510
127467
469467
322894
674991
406630
320604
244381
646598
630132
178059
691693
849391
629458
252468
880930
150395
287492
915641
811030
942246
20811
881337
204630
134197
640016
875173
460679
845869
889722
938188
487540
873393
775286
162531
280023
95891
406911
440825
240227
99174
541129
446124
948565
684791
698591
343700
835185
500287
773545
646216
442533
794355
41758
647162
442756
681773
36541
903434
41847
926262
355827
529386
799655
131114
206122
741208
613032
34707
981434
712206
90040
427559
174976
774831
126150
518675
626437
806424
770436
583174
600779
326398
744541
43535
8172
781081
461174
50018
221548
817000
93609
535407
948113
299730
129289
689321
426966
678199
184961
139172
768238
612519
828351
57274
252873
861230
667290
393514
667654
951930
976688
782637
278329
721229
826172
800704
16515
801550
364926
238062
618550
458534
773468
566664
758263
902756
770189
185230
580955
955149
838605
863397
81873
181162
920671
848950
556596
102166
242464
224251
568300
219152
521092
360833
454585
861468
161537
471099
663018
526463
223365
281569
499201
996832
362437
771669
413793
646830
471103
508952
116185
823912
372350
712261
5074
807225
561211
561670
909390
803675
300125
991894
537031
335421
352728
505821
196890
514264
491124
859907
554931
714489
655680
568337
711321
18117
340006
639319
664947
148271
295336
635020
34825
7597
154299
842049
568808
230173
265644
372483
44502
257539
423718
379922
610266
929538
576811
638734
420663
950923
707870
649356
606603
276207
874881
624720
130417
514200
803871
941524
662471
613411
90749
211500
621007
759251
53550
189815
503628
833397
76502
548129
90936
14425
442256
215406
458167
533271
368345
393034
484194
42390
605002
866625
917271
743926
997041
945675
547797
452770
122351
675412
57723
333851
296419
331179
901604
439
834806
735001
591144
897140
340142
605568
853600
555547
63736
901075
438096
456769
385270
514310
13364
504476
895139
930634
248402
406385
390514
310403
373359
512865
985814
945286
846715
282233
790669
748319
282671
139680
997524
873815
36820
337666
993587
404624
893213
57323
305700
331309
28297
205174
359824
41660
709649
769167
486498
958050
689757
877011
782657
63116
904080
768471
522606
750795
564908
313275
13319
361784
452955
10844
749803
3979
348509
743390
408603
755926
314918
228507
601440
343214
433680
475468
899077
657533
244635
899779
129788
934391
290995
912444
511712
195076
195120
34318
460075
760027
347593
473394
121811
800547
998441
871613
318730
861154
615004
727332
617081
929921
470043
218521
787339
417927
208193
200621
75460
452827
100400
719451
901423
905598
146100
413135
100674
341219
447452
560749
101247
309249
548347
223057
624000
546788
94671
942730
407942
223879
184267
539227
153800
654310
271952
455343
72237
480144
655963
661901
447176
270567
381352
348599
176165
527452
761733
276839
382875
723389
351792
484121
546843
414343
707178
170843
475335
316053
627777
397481
539931
812044
936708
207935
980558
722864
663277
52795
203009
319240
228900
164389
104011
610252
512987
280175
651908
788924
71218
548987
26518
423009
33109
573360
837351
254491
258408
826890
570543
400389
224372
110474
212433
161080
318408
192991
398148
495889
759990
601156
988889
279749
433343
113346
792735
713517
279458
95864
298940
828445
122382
721948
375758
209946
73505
630248
982557
900394
200791
382947
124766
825468
109584
800049
658080
302575
198198
153969
576769
313558
483301
79863
593307
916643
193209
900246
144365
986870
996110
443304
329520
632696
679457
705277
356846
267166
335525
339404
681764
536315
722350
320735
875987
831933
120784
534067
648712
833185
688035
225481
660948
685540
819548
768459
116388
12757
668705
260753
513831
179020
218261
843351
325920
897717
548628
682766
679087
884153
22170
360852
934672
744519
681586
810660
90657
316574
858931
739369
663964
61172
479054
324912
746711
298602
93371
863099
825562
276280
638056
339394
455300
856316
696949
781219
268239
245577
463985
947325
643934
359
822381
92812
18172
903471
349739
334746
276607
89108
512914
337778
82366
837825
84490
895172
445400
947588
720734
721679
99849
574332
691183
956164
271281
986607
738607
31063
964796
200138
674996
965155
22519
767807
224237
40691
185483
88180
889640
462090
177287
402554
314072
773857
754583
398561
669029
199983
860353
389763
435866
960201
478300
641254
430571
749580
627861
169178
294847
592657
369315
484048
72017
906038
251855
810458
460933
951542
898637
350573
927836
75925
267331
241908
363986
536118
154674
33015
250305
15027
936981
686170
489433
415281
841628
920003
679066
469489
603385
973912
576351
972700
457960
648367
392943
224020
458825
853875
689766
357463
718652
617602
947591
500187
373714
311577
36305
528387
858795
286609
57619
795776
486983
547051
725262
328612
467054
918532
312305
70439
406649
888655
557343
378814
537023
950285
602833
510052
318365
806803
867514
37017
938609
329310
537203
312323
155091
87712
354915
13886
374320
412533
323867
375508
959583
563333
218324
940841
481865
530628
525484
888513
933488
82828
267327
470511
547317
384364
494767
865682
191167
876486
416903
643980
205796
954106
470508
875091
556022
825422
888976
444547
752159
727047
820054
225947
290380
552582
166788
286449
83210
206476
174963
16698
289303
956493
1413
350825
340858
10385
216507
46229
886870
633409
204414
606870
101720
674921
481961
657742
500343
885142
102289
766706
612189
436547
992652
416774
989128
673644
703222
586542
880119
392389
117445
683627
348883
633061
34452
203945
643445
765162
250173
44520
912775
454586
651390
528700
643711
647555
700646
658258
532697
802934
424964
659091
753685
931820
590069
257018
605464
807495
357764
999788
199885
475208
197620
548767
622474
232071
752711
780123
511437
517088
824643
424212
485879
990237
952911
129590
151997
653557
787848
198899
970695
727016
857989
238585
658837
962262
495602
778505
769757
853366
778293
483846
842778
490117
32613
465252
236392
299528
245376
747828
330821
584223
686245
816699
88665
153361
460493
240661
321123
762545
439559
806022
489562
811752
44608
148399
774014
54414
926903
57977
421984
219402
541822
778967
709518
88640
758423
945910
388167
518003
207943
718987
102226
894187
49891
