507477
73823
470448
468071
448515
470877
913594
739233
32070
720866
427033
769740
929828
20204
194559
632907
276339
510778
367601
772451
173530
470271
255629
169183
797961
2542
691462
602770
694148
760572
319282
201625
348599
789729
669696
797113
774810
97495
50552
321085
818361
477584
90825
262394
11992
285383
895300
288331
310365
777106
574986
483895
247377
830614
167282
45339
833155
858744
162313
527304
619316
995799
243133
482119
299733
912828
279232
74544
524528
843987
395628
342889
835775
657
119487
847767
286039
528992
650302
110608
306098
225288
594502
67679
570107
275989
627221
403262
134733
303739
444770
268253
299538
687903
750371
113475
114936
543807
188018
639463
387795
97850
496556
223570
98506
130248
585541
898748
173444
235843
9357
479541
975335
118063
61424
545442
394051
202850
462908
42988
506588
907678
311240
320330
109786
575815
433804
224721
119623
621822
378389
507417
233876
389149
245191
332382
519396
830732
745334
692839
580779
268895
686584
556114
901162
262213
101556
295213
465062
564464
852405
971649
986346
163645
291979
96132
739460
239987
835056
373287
861808
213445
394908
609889
116799
640098
456475
636194
985034
201809
843238
565814
470704
44027
121928
371866
306239
223484
181283
771300
787947
33688
257154
288498
711537
63337
384629
965201
303324
219685
338488
679336
947334
247600
289225
64133
887697
259904
214531
386937
461713
571973
952750
446621
616000
74678
332691
922238
812365
28178
207744
114517
576070
979101
403014
287607
556643
787642
767012
374171
521532
619704
53507
983070
867303
856936
561407
269205
631044
775937
656141
92757
347911
608891
53582
478115
197774
386272
914557
10139
414450
636505
124656
990519
615607
41874
792330
686454
829516
559342
60625
865252
179046
628335
848322
560553
999475
409729
829757
630520
185666
485899
237481
47781
94790
291063
40100
806767
677334
954657
816906
605988
591162
455766
110712
720973
497639
903041
407427
841359
976587
982255
706611
669837
610591
554933
230390
124271
478866
60148
754790
664532
546046
992271
226517
155040
797538
266617
476012
989076
735478
292918
595065
326640
262888
219981
561818
274731
637227
483449
116091
613814
465705
336906
797856
590500
891839
28246
714770
370705
602597
983765
549441
662847
490241
290163
332092
287779
70984
808103
276855
806461
615225
386124
647305
878112
120310
723327
152843
757536
206777
783137
885554
672481
120044
683410
777185
526087
225861
491955
896791
828457
989924
960437
5510
480165
764804
337601
767943
835787
145704
559003
156453
760928
459331
317962
153245
579640
41290
306087
851380
248066
603429
736935
434751
723472
934549
211936
249559
674614
218095
660554
503072
208020
135196
22786
688184
899999
360386
970332
249991
20294
43540
920647
781221
502870
238610
934465
596715
279899
754756
962299
42169
358185
213439
476919
595861
147989
688854
845419
822602
421153
20179
839878
629172
155374
376868
317357
55374
737253
801893
305364
757546
845432
226012
52972
862506
978825
501641
459221
772928
256398
935725
815096
128787
149164
806219
724648
297152
9278
84272
633959
430430
104450
988041
59603
259824
364910
891163
829401
616367
693056
134765
373914
538488
874980
426885
915198
853805
928526
888624
626733
699128
824349
956033
342119
973512
762252
580971
784869
771529
665243
933032
201960
769692
435278
775766
543720
800187
666929
373121
930759
359985
22091
818877
412677
411275
245762
327875
779285
688492
730703
920222
901824
555052
876256
243944
528565
638508
824914
827638
924242
4362
760670
640406
288259
195948
416172
831978
510340
83101
719304
441099
957289
741394
259976
884170
666873
19942
726249
446158
222639
456953
366381
638667
12005
242637
396815
54774
395349
221730
882411
833795
740295
643081
474201
28554
353234
890372
374737
863573
487677
94041
818876
444966
349639
593056
329136
16512
127202
55386
462670
864044
512338
829050
502712
38547
585891
899526
93321
495444
635460
975731
329240
375756
133018
803440
918513
456
208018
293250
378233
695694
901494
711313
140661
251133
304369
984000
781849
945774
553590
244519
809819
65928
587773
312531
618679
687868
726261
711999
183312
361722
201935
512551
251682
849156
830196
170195
849611
38214
463445
227844
733907
364939
453361
388772
130277
757729
886977
912125
703504
440567
670848
27528
20700
258621
854262
639378
946488
580523
351377
644004
942244
67516
156556
193926
916672
500956
878325
280488
539169
341770
22537
787280
220913
475897
690257
865393
747831
577234
777518
965539
17801
448366
993066
38500
221191
847328
192082
681883
427851
57663
840092
884300
125179
996647
592430
556055
11808
470755
350747
550976
326729
373283
852460
61847
363385
542717
927239
625420
119951
218963
590959
651956
181533
98230
204660
916928
945557
396742
598811
887612
454404
953107
286117
93787
463959
878547
164046
475766
863506
514793
26742
704440
402280
879202
280491
279869
936123
207730
905288
570279
940896
496247
222235
122430
594476
941098
39358
54238
852044
152373
941850
820653
105481
742171
914439
569439
620718
592690
45206
998429
107483
586151
702869
23967
979557
497564
303836
915681
705293
209124
485960
160395
705371
222399
282824
814051
677701
836385
868289
529746
988757
324344
864603
608442
66515
293247
177882
201438
885936
737291
714071
507623
323442
931144
531590
817204
428708
835425
732885
648205
44549
733049
808599
264124
469652
91423
592380
661557
927807
974873
705507
430770
813421
570110
39212
879935
863357
217093
595577
749293
468588
309648
256917
792030
240792
302711
609234
183704
138136
856323
831909
696888
103577
640508
961012
87433
246136
553392
748989
173943
42470
454497
604712
855890
24607
158129
250030
402168
375221
845607
665666
358014
669459
436787
150044
424456
739497
273482
608159
877632
644009
440068
574520
261790
594781
49737
349222
840916
117333
98211
529063
159802
66912
647980
15692
91519
806108
265722
7891
181329
625533
673556
53547
294992
624547
203590
233652
364044
991275
841811
755880
149489
796083
844605
411278
905068
408546
760499
745984
525879
372915
275048
199885
439826
923027
215577
45549
729135
995502
53440
424668
621035
241200
478215
430231
865747
196009
663883
743995
701489
19899
14081
850977
330186
372890
776460
235255
781435
536959
981238
307314
909873
770490
21404
349700
207722
236980
395248
936856
746686
962891
875729
367721
204092
868148
797951
69839
578361
976038
328038
279850
995936
342118
645032
326123
715007
421492
75582
10648
958450
56820
832165
382529
341515
853568
246433
549236
90548
641680
298
837233
604572
390231
719158
322868
258379
31315
906910
836739
7353
234948
630794
517494
91271
275826
357821
320482
211522
433402
331129
684176
4426
163295
66705
345940
16863
827341
409381
621615
469022
409678
973052
587798
799908
692211
910665
572491
723525
817575
923434
245082
566727
554228
276780
172202
344258
148805
492684
69984
96411
823812
754160
615041
987106
335069
475185
518174
162411
884565
139789
145637
808447
112841
247639
122560
805051
158304
