972492
549710
298534
470637
581593
618627
101351
459169
822081
746799
654869
993060
216379
791321
934293
87983
571427
650381
998543
754620
371100
210412
748525
934079
581789
109571
4784
448733
920756
861316
358074
407453
925230
656607
878089
21029
275234
979439
994401
611519
240443
649270
118784
456822
440591
53077
59009
526223
217663
57552
280843
588762
267963
543573
37047
363956
653143
41830
812688
573899
417350
170762
981351
856785
341573
859441
877813
131011
353085
872214
742530
107733
35689
375518
78759
990484
942799
137767
516707
160462
709523
797549
263428
491690
341122
300474
855646
994264
342303
668334
82368
273858
353301
63720
130643
694873
437365
522660
825884
790449
909078
82619
412386
458971
972340
491144
449455
915139
143116
480366
589805
852638
277916
853233
344328
133242
667911
714178
641711
524419
896717
724078
798276
250018
302002
443123
459095
739366
965782
799183
44021
389065
396006
456406
848035
368347
947550
811695
283486
90666
292061
387496
457508
84181
240729
316040
217423
422844
30219
373338
947262
926935
611620
259743
691157
913622
702865
150252
652988
182852
463640
697008
571916
859645
153415
934156
227992
615169
745851
25683
705834
37912
413178
677546
122093
168111
993585
853719
590954
23804
741261
52422
464943
352881
312164
156100
266503
15030
820556
433696
712085
284196
130704
284002
143841
798322
732362
886037
413491
478213
911719
633529
30329
839101
825279
666625
521416
818865
34549
112370
356873
775809
678995
821816
128691
991159
977915
909397
520393
798471
343093
232478
596871
988001
30684
740712
786323
763045
626749
714019
755462
52673
861752
785791
891773
687032
452416
927393
20102
486965
553967
376974
776978
232963
198790
905668
224122
690910
329271
744514
3586
672363
491196
600457
174569
521880
855373
960892
799129
996326
189116
554592
48999
565072
340383
454976
766308
307003
896573
300614
793967
450540
677588
570946
683502
390582
990818
421828
595696
834293
680546
599282
506657
171743
713943
681225
693622
83521
156322
492751
594051
859641
561547
643049
938918
901929
612229
705226
208933
508802
5841
517104
473546
197633
602254
157049
102419
107278
578876
698115
941570
259423
811601
962431
431165
39749
643657
638991
637473
314183
645946
231524
688029
207494
874572
626947
623627
1006
846377
346764
24012
366422
863868
497557
564054
980326
168810
180678
87604
747686
878792
543379
521313
204598
505810
466682
244346
663671
105673
881818
977854
265823
113342
180088
987520
502118
807034
611148
17328
653411
472116
555543
19834
850188
53100
98092
830515
736114
278769
432323
483800
671765
975701
519317
876362
995716
985998
120708
659387
605875
516730
151446
871697
144276
331533
373423
646393
138567
498775
177925
306183
970890
733467
840220
821079
300772
938311
651594
36886
731285
598121
34890
917254
573823
554206
793617
569539
540204
428529
743130
146079
945259
894576
531980
603739
226109
419607
250133
878880
918381
428057
185063
889272
161525
25283
710351
976500
477798
876149
13386
723287
474270
48275
640542
48093
602480
434159
131836
656888
376892
874966
317171
836355
283747
363355
440095
24060
782962
690227
902939
701343
632488
602206
590615
308217
627488
815170
284717
619491
691319
812306
342778
165590
860580
983319
727886
977264
931682
859722
634152
308575
248893
465527
144930
46844
828882
99229
70903
126049
789455
973842
827391
936148
576048
932211
758569
717741
747381
557491
337232
438701
369797
194214
604290
744582
691738
332176
721846
623420
706102
870203
446199
469199
335730
105334
516042
678816
204562
586945
804864
508222
74992
146461
444370
651039
78672
717143
882984
826052
274634
220216
778957
158636
928634
383247
903217
620372
229628
625063
243792
449934
9471
689991
919133
859405
795324
949379
538221
999885
536324
857290
22312
611315
3751
466681
776559
596626
698029
659543
936882
972662
393964
715840
131298
322598
99087
548719
942969
842918
173783
700965
292853
697457
905160
726190
556862
214689
675569
609288
728779
726098
466578
751090
851617
984532
731976
142381
95363
430005
801924
32245
402667
195888
748084
48170
32690
361376
596888
975658
204294
284875
190828
11351
982332
95989
251745
53399
310677
441519
662686
39456
681821
643468
790546
533438
142205
522522
675819
237567
466731
991947
269812
383602
702039
532100
431771
734728
893475
542864
224591
611974
341943
415418
137529
838479
25611
389274
891878
336288
344997
554564
889947
26818
198033
194698
560255
854441
231424
750278
92009
698154
742225
876024
81757
444264
408124
27732
693196
815804
570595
917786
941982
426743
847409
79511
265222
873019
982988
157100
723511
327985
711664
613459
869006
423901
808156
943466
278342
553785
693744
884554
251939
950174
760578
333695
908642
682907
361427
601839
12916
446226
33830
469102
872968
881238
548612
138191
754258
45806
295290
991973
887994
521158
605432
757001
459263
927793
214672
737605
481578
422620
136364
247721
372794
896942
581416
795641
94054
457047
397480
621173
417477
431309
90275
290446
826752
153091
942840
95215
198896
752334
87188
601095
273493
206825
872300
732755
648822
86972
984564
644604
509591
120929
892324
396590
532075
987944
192231
140333
444991
589710
761505
376673
535223
851779
667118
361975
519074
124163
457189
717970
876496
58582
833269
664193
265406
705569
911153
914227
792540
895717
558831
816335
530850
965359
212925
577129
953304
919359
717461
912499
23274
993170
289172
558497
359154
470494
434676
878228
594656
406070
596198
985357
464651
429467
649550
244261
649240
560703
672692
955984
970625
231523
772319
15680
196882
499449
592809
664390
418808
824474
576890
442082
817645
380266
514783
176799
364965
463663
55027
959620
869732
165429
944977
848587
109100
108733
607052
272544
669435
279744
228528
154265
25471
848
169945
736557
14501
276958
400947
947512
101432
492041
903798
433281
386512
418581
610080
751476
882244
179311
711096
266181
858944
170279
628973
482248
279011
236025
754792
462650
29974
616915
55444
498371
301064
792000
27076
578021
192948
974588
193657
199193
878386
626938
585704
811172
751222
337180
207621
444737
48277
473801
817885
732759
616978
300134
525974
367208
569130
988623
397181
552449
119743
452624
565025
935010
244625
592100
27236
951776
80893
220893
150969
959279
847830
736673
770451
113257
73853
978071
557993
636333
966076
375879
369092
97260
190217
409270
464467
759346
912098
861647
825999
31841
828475
905228
481056
73100
497329
508291
539080
92426
729183
690049
51705
91218
426722
336360
718678
14779
314431
790876
651112
794712
166755
534408
891971
871175
943678
356438
630521
855776
732289
970724
401821
560764
875953
882876
148069
887486
905372
687148
979911
148760
891401
31617
239978
832327
367976
472860
847106
196612
263736
12423
991323
944694
546830
883294
815869
4713
753936
960594
374693
486225
931319
776514
561193
807272
173595
223466
208963
593171
424819
188874
741931
316220
220490
496113
148548
102671
968972
995653
813486
232709
8076
804809
177403
69110
202308
