915343
119845
646999
963994
585448
947885
691664
472046
320360
883351
436480
79857
377733
234890
410762
220057
62210
424102
160180
552757
669957
523443
667014
519321
83327
49026
830323
178086
355409
647832
10014
270753
767676
657012
748951
353125
119102
440616
825170
439461
323967
775855
33522
215904
524949
444284
950164
587159
868385
110344
654120
52548
633787
321134
571868
231318
884363
402191
409404
239773
564227
419417
24730
331904
590633
287885
685028
709734
728500
24403
663399
566672
314462
696920
782575
353616
655408
246945
940774
523794
357288
109099
90546
991074
430232
662413
736597
828800
578808
660205
68573
143035
593826
607506
474938
698663
895390
674170
408397
138096
698573
71796
704767
527239
282920
1547
880854
938328
248491
335833
976326
119984
444931
66872
625262
389368
729284
361859
218168
822296
22064
800944
965330
130094
922654
440269
828756
818044
628643
237153
470344
327216
823152
689315
368660
620277
690862
249514
558605
453557
99552
49136
573540
544482
116007
713007
933849
359495
74866
666221
181791
611134
467165
147121
741227
389819
101594
569984
722068
730237
321341
192412
571657
658698
881727
454521
793179
86794
704035
351784
54555
803586
400919
142300
862272
31130
855306
310327
390624
930171
976547
86619
55510
957917
747943
310942
347736
849537
395130
584008
93979
716470
776420
179840
889372
172352
634361
682551
259145
852600
548539
827903
170391
463662
970202
546867
494791
825508
857193
399619
269885
347946
486237
839598
305863
234181
150540
167803
597922
545669
751811
206105
776344
42436
385944
665716
214787
534509
862472
988135
901313
411011
816038
71704
874673
300446
132776
369464
125954
989968
283288
910042
337914
769524
749641
157981
3705
900180
325784
115831
445850
77595
321935
222194
634234
222084
402114
849020
270797
264586
351360
172111
189802
681602
758018
64475
496252
890793
948142
622206
394967
231430
46453
732880
955
796093
890861
518863
210479
730849
148899
656328
808443
985037
392726
442677
207121
309044
805901
992122
573630
671465
164233
763431
867271
436455
342110
363524
841453
290252
499934
236420
35887
546386
969299
551045
856684
374365
584112
67163
105214
733010
237695
427861
232253
144625
384742
439373
453668
704847
945699
27298
890516
109932
304933
757788
60592
161247
635516
902044
451499
135450
138464
1590
196040
621967
552634
52724
996332
650950
634090
615750
898165
871784
43612
130418
16409
428353
569790
470077
647405
515490
11579
537921
139626
830716
295709
714421
991962
445429
616465
957665
580878
754928
959254
291123
376896
26093
858050
887432
191248
492141
17387
89413
878129
60998
219830
408743
3556
789619
878819
650960
819313
404602
703085
473144
749522
998794
187565
741485
958427
318235
213355
539306
73163
686814
344633
964262
712906
202683
365899
904153
209028
383286
993565
87158
958487
213395
495900
476247
517219
888923
641411
850736
293525
344497
838084
43048
857495
539854
298737
815922
858088
512091
869432
445455
198905
214065
923922
426016
416748
289821
844373
625775
187311
352144
227137
660003
79743
723036
136250
111166
611959
777661
961902
419689
122158
314191
976940
979652
854044
789881
795574
226337
301972
665007
671792
15082
393276
595714
441097
810023
399739
799674
950003
101255
151818
177140
761257
231561
414381
897506
342726
26340
189372
818832
960232
311529
133024
451377
805385
501272
241258
115165
727609
543230
294376
399401
72516
687651
509319
513612
11880
423262
827490
961882
524516
979308
653226
799977
210869
67607
211689
67799
608151
401060
886631
82588
226794
533859
533965
32179
35131
775222
147343
762739
832656
441718
676344
905171
643574
699867
932987
655453
123130
760478
131540
161850
739786
298970
961827
464859
880781
687720
532657
488932
88780
933492
85724
315573
467351
619688
861956
502482
909115
523503
779425
255976
479426
455770
161148
123000
155637
608339
292657
792970
368817
424196
954820
622807
237370
430852
87666
118151
118572
134528
121287
721555
68020
207011
551333
535371
340903
413289
552057
764222
936791
331482
20199
416217
787251
695550
53421
457093
303889
346077
250063
672706
284477
204883
809717
521847
149939
897383
154202
268510
546115
275489
504270
614134
996703
55603
663709
851810
983095
215766
616033
919886
547248
636231
850308
848703
845985
903728
820000
149874
764010
70064
336784
48487
789150
146502
84538
453294
43885
238740
236008
104204
28433
740277
718337
25136
795879
896251
876945
778974
112017
492978
213066
173469
643413
63374
536377
489398
481306
356377
153477
245316
940644
490260
808007
244000
636761
892544
697293
194850
645488
447505
299053
673920
187783
531595
213260
497866
427846
90206
276841
54067
97388
4111
741740
255006
581688
792321
258608
62994
662902
412084
822514
117752
902344
144726
361751
539105
551474
573248
733955
196963
20753
33008
385087
722739
78807
598347
220606
20857
688552
11651
74924
300144
15761
330868
555149
597448
123189
813757
174646
786090
225841
511364
418046
128185
656089
779796
181495
721768
867248
915449
432935
402206
462661
818021
124945
541468
930572
859754
562324
133329
871404
151452
433473
887164
482319
502826
998816
119712
316583
687667
420007
56629
713235
838052
699017
883529
132054
880511
605297
513506
795960
38232
429916
258622
370457
69066
314294
301030
928819
390822
434358
800224
542274
867830
201593
538797
370657
714614
172714
201444
916485
592720
258072
629720
944976
957089
513249
77030
837600
632750
104741
147766
185186
534656
920591
555643
603721
234885
856672
532541
625706
805234
332765
682184
673065
48562
735186
557926
763175
907899
273574
679660
500619
531646
823585
445595
2940
851038
36830
354744
483789
141570
502509
668974
676225
423100
738821
794151
172189
109698
326692
312100
914932
173661
508488
102202
736426
243674
660127
499602
151573
447905
693466
166396
979550
31256
611991
496694
882294
163025
851438
366083
818798
868151
549261
495023
805456
288083
803378
977644
397780
130070
803948
312712
817934
312437
929117
554361
556110
103449
568167
221888
551354
261633
388283
45109
807093
274
541803
689387
677502
907445
569674
496300
775596
118935
505528
95257
921221
308906
72902
833206
953180
391054
660122
771114
703490
589240
325475
773805
692688
893641
995692
244042
669479
383975
803355
476572
898453
345158
680163
575955
766807
249837
586460
542403
882975
91988
151865
804197
915097
224766
151608
868277
615819
811729
639392
833514
400969
479071
607319
607862
886917
117216
366108
70601
501190
169463
61377
913847
514620
741539
489803
795631
991375
590467
338035
388555
682454
4104
706956
111756
228869
858563
980033
358892
670293
133630
706610
585466
612700
828133
193328
499617
945348
559436
84422
960743
728898
145798
874590
757723
887336
878597
553354
392916
469064
405593
781471
665722
409696
488427
777478
152769
346991
757511
25866
531488
891140
732475
116954
18045
560609
310282
31867
20162
383922
116288
980904
112820
262086
855495
384747
149422
734092
938101
56543
203157
857898
838013
383083
267595
840644
160561
420363
701839
918071
446228
233327
323416
692908
864485
855665
253517
688971
401736
273678
72893
518023
768787
699916
294313
624282
84664
957939
872578
536969
14482
589939
394867
366699
973022
176666
207343
133583
597029
423387
565859
557461
656713
403479
250369
521198
259144
18090
724373
660879
805972
797265
693107
574759
497182
987419
199041
96050
945358
585823
633018
959839
175763
542089
840742
148785
718755
48086
282367
829988
985676
362430
901653
642389
765909
666227
677792
539257
684316
402165
200137
4493
713635
893243
579251
725021
292496
821070
340226
878319
968292
814269
54082
510381
655012
717070
229136
217302
999436
573328
717182
876071
474982
873775
641980
141209
65772
181237
339729
982141
895577
344222
695776
303025
437677
420797
697892
244378
241867
552322
122697
210159
880795
690982
234744
50012
922256
978084
781517
435897
551412
498699
311968
26394
372475
953947
681806
438246
135185
535740
420387
544966
879961
116163
847991
831842
536959
545883
76220
293030
98205
713120
17393
493204
918306
252137
543216
840562
230221
324733
276460
295837
823432
588427
836435
195907
56580
32446
148357
191764
568185
568744
736729
448146
684906
98925
794193
736070
644807
870412
543304
257216
583533
74902
750420
16044
327038
293636
856606
71463
132573
133066
881503
956004
235697
717938
666115
292276
750384
814472
998243
318569
897420
249178
280920
96531
348102
589317
346805
992909
459729
890109
764329
557466
965010
28954
573510
806252
836793
944320
391919
969366
591590
787626
439575
827286
505565
619895
633767
770153
434367
632010
602926
845991
395392
398050
942521
743494
987366
289327
250608
447096
179436
14937
518766
658650
43891
606480
979106
880683
550800
885229
364254
656594
672855
803829
998085
178420
423724
631852
462777
372295
778066
65704
218286
173459
463753
160807
431157
965324
964337
681764
926624
657977
210905
445390
316627
768999
566075
809937
163888
631079
695166
528141
287674
368022
846174
285759
60646
269898
431815
523423
156397
724085
103331
888886
411748
81288
563898
842904
46612
528235
38873
973235
186213
763982
932830
17044
532981
498905
826981
211073
129984
522147
739214
417657
890168
585388
217620
465019
369491
163639
988441
40092
887724
605976
928978
813676
687263
492876
170786
733875
535315
723862
221315
721527
487844
154145
738571
535030
653049
79757
746102
297238
601903
999520
714894
6277
99114
446719
471295
982808
610357
973940
22900
12286
579916
466082
340167
781383
958957
510952
29463
494273
234814
250778
730004
236863
919126
982779
771892
572176
62536
32199
869413
664439
545924
98512
184920
645037
59435
170419
142050
183997
658563
164949
710486
238479
631031
50653
534066
104193
75809
563529
112670
310623
328511
842674
61690
247637
825453
347786
334017
402194
379984
717634
66633
440112
330351
765756
85149
389785
936174
227198
573781
594737
906351
284268
347420
51587
849124
881485
155779
924933
959218
268449
235556
287729
625327
811449
49571
964984
159235
383587
367178
53423
101222
948014
493535
431572
713770
92888
335561
164149
834290
909342
273090
740641
707814
620509
792227
556938
16200
462210
481871
489622
730658
231631
777351
870189
43080
341126
835174
716518
724712
716556
769941
340138
664571
777680
285914
892545
870567
621475
56695
704857
45022
329784
959702
752835
464498
751929
309773
994901
728344
305849
484523
973206
537479
776078
843396
94764
117204
192775
811281
841916
909330
95427
696258
88106
873106
982172
980651
257879
603647
551550
962735
648668
395538
436643
915707
860035
702776
739684
854936
431120
45533
853664
404327
97217
629742
761927
191980
746946
954701
517465
103067
378236
127097
799324
466342
514407
295701
961197
772285
413552
26952
249226
576424
936693
685868
492131
796729
388644
231816
165870
333969
791552
533738
738295
888768
163481
14427
594952
910426
969127
626622
13493
861567
753718
327021
842113
268125
622722
317515
554615
36274
344466
803840
612698
281160
3913
619033
592093
906760
850848
272167
240729
642401
805905
493228
45374
969385
507654
640326
394016
990985
266948
921712
852553
534870
762937
694666
317199
385659
526386
871813
936137
870851
189858
63040
666215
193770
682072
772512
614735
47126
44680
855463
203731
364789
348692
249104
848378
370550
403634
242394
361536
184786
678310
728293
719655
441247
422959
551059
341111
463549
422872
791452
334401
126935
368696
514820
834908
50768
287333
449643
612097
846216
305107
330032
211005
168003
579136
59383
538552
496974
815980
414292
681760
8495
142585
915619
963945
79749
466678
305056
543297
889550
610712
391902
530689
979407
906722
365597
544380
194055
815240
670681
40271
120347
714
765479
802553
579849
339066
855309
591027
669250
269602
272787
677744
412186
188407
641689
6139
655084
460950
549436
58839
71662
455542
589527
565274
362264
955124
109654
70523
770364
294539
624997
404915
295252
390476
207468
389305
729541
62777
980332
398791
846582
253119
590739
772973
441525
232429
779111
610814
207583
842751
669652
793448
298294
259180
358722
174762
728508
982579
245285
498872
277119
870281
903786
572370
774962
625458
961675
504503
202439
942007
417499
563226
709330
8238
336199
150856
754870
629514
275874
476657
986470
945525
270106
798968
718909
628827
973729
447417
611407
733218
460493
402730
603500
878483
489304
378462
503941
450979
397169
220585
907190
328872
783810
616521
851314
634213
281581
120389
263727
557454
597046
764401
17184
867151
563369
250298
495978
537099
697714
621589
784521
158208
538523
388021
550895
27828
280687
54837
993010
192061
789625
900201
35137
87640
30927
886450
721852
312507
521044
499783
384165
118090
264185
915552
985240
341758
165850
995422
393061
863564
131217
177583
535976
183944
79808
86871
211771
360495
655911
204782
66760
959740
104983
101896
47380
650113
502551
283436
476824
23595
783219
860988
141684
561608
290745
641128
903365
456595
150755
296427
834363
796175
988213
884543
980119
68021
485618
191890
942719
141530
396671
9479
615474
15858
625579
662854
665970
128130
946289
656998
665928
243713
517986
807611
805320
808731
962943
222891
779530
113698
613893
424078
21735
498436
404197
89755
984053
596086
546679
639787
506962
556157
255262
37024
695940
432320
217199
824069
892813
874196
489997
136527
906387
811812
456051
715118
288960
193146
8853
916862
226667
622745
340940
248401
121181
745136
852360
619438
855426
399039
259226
876592
469400
28692
913616
165341
975215
645019
503614
868028
519215
507816
518759
425602
319628
489015
654924
608588
682160
663776
39655
908827
800725
380594
671432
436110
125730
37997
55549
495360
951239
828978
371953
420640
371874
799773
100185
347089
444792
603798
729321
478211
111614
248081
418018
945446
251300
72942
68239
933459
250923
107893
356491
565852
488486
542128
1963
128420
94329
571715
623779
45569
914897
509936
980412
286771
309709
80597
148064
268705
198599
877384
746916
310213
639669
164934
255659
890968
752079
838101
338633
517206
945993
695123
83059
434479
751455
599225
77103
845784
170940
700881
891352
85837
725022
871764
886811
548935
466565
34875
817640
665163
426463
78761
489580
580337
243694
745238
985509
509977
583339
324142
27184
43537
533470
624446
478015
284925
223671
555117
644913
394610
770203
536265
994650
9430
922233
395666
558364
903002
944744
376004
568166
371207
968968
57746
465748
212662
317189
451258
722639
414732
775399
749822
458269
823073
888472
450488
107999
112143
519810
752911
20957
290013
803381
15607
813646
239819
925476
372010
142822
870220
262219
710987
755631
231187
282937
221380
443849
600125
672637
680692
529062
962240
944718
987330
785314
833190
952022
407517
945332
471832
160428
966288
276049
478013
496099
89695
717832
935779
461705
374858
805999
238128
85845
561630
469314
882985
783009
427367
997315
969850
622263
526377
932091
566981
27912
717405
914375
979933
124922
859707
965970
799553
340200
242019
791771
350503
331714
23808
286282
307623
398665
606485
545750
998713
168116
529268
881698
465329
956635
393218
949384
578898
919594
881475
660084
461710
113085
574459
441644
752210
948371
921818
65968
802775
163837
857738
667483
9755
395750
467969
317377
794414
74455
377331
307332
756774
906599
189031
222103
863234
582248
685691
956336
16048
567166
616420
477757
194455
190880
433605
946664
653455
355423
526837
456230
33465
384575
123713
557423
294530
591682
874800
88944
666136
766335
396276
422910
672934
99511
159217
50373
195963
844908
520914
212010
926278
137334
203972
634938
842417
151781
95807
495872
21409
622643
466307
54873
521423
590019
612295
815952
695905
1300
904895
876245
767635
815375
813359
954773
914885
486781
519351
625053
845893
40265
351267
772171
691802
555238
407109
534220
221224
17121
544296
242632
639763
524807
811708
161186
114827
938207
977137
324936
453712
396238
201182
735551
725817
14541
690324
154908
501321
723879
779960
347214
764143
131227
633590
455946
200670
554903
504370
936097
572023
562870
178729
211787
87678
504641
887176
716708
442848
378519
41644
896559
774756
757029
632110
14778
771570
836639
169685
787095
560518
949644
648514
838866
595076
282104
809016
309950
351211
313386
246047
437439
390460
938979
649225
478137
443620
50606
194845
400672
429124
750693
811436
718084
507722
957750
732862
793496
308594
902546
94797
869112
366396
743310
222183
475676
539618
31199
785625
890828
344584
545876
328267
735043
484855
491696
727385
442679
542302
436434
843350
485630
187127
168991
203715
209054
126742
936576
2550
435335
353327
97346
818651
719722
354860
40834
195398
894477
72032
495227
299511
930819
41103
141982
180068
40162
633678
421657
482840
690184
858090
840395
175814
559422
9386
893732
768475
650331
344513
285229
85667
212045
896779
418522
931766
251639
459356
641369
146117
45592
650800
959831
490616
691903
101813
184888
246269
735490
606544
729109
939878
978838
83709
629897
538260
93094
523629
306735
257630
382347
106169
343296
594391
2948
761817
40362
254586
735377
681730
914906
295174
846735
874737
299994
52843
976550
484881
299111
226245
605629
28220
166124
584467
111928
796020
122728
719226
833853
943666
976855
216200
49835
834355
810590
52782
110377
365157
821572
359959
561091
736478
655132
407826
611216
955125
460668
101971
954210
759779
328215
559839
302203
8543
144306
414131
804562
267033
647561
152621
724904
138621
368820
774738
972975
693615
341725
597556
572976
163297
957514
134067
899774
126851
541893
25195
596180
2561
550390
276544
969584
110229
578747
978126
768739
992877
296894
549976
154643
449514
274880
293263
332538
49619
780442
540357
391343
377998
113333
68844
849717
247400
482822
976567
303497
22222
86953
306057
663590
637342
582601
147379
261776
161348
639710
30515
668429
936603
580490
337276
900321
855370
144743
747063
419193
925184
801625
324740
817386
914957
393583
181308
676561
876404
157876
980057
412830
759032
800319
76421
396374
897124
738003
658149
572676
377713
688663
755309
828520
783358
92585
243046
638728
237327
504314
57921
676715
305939
896864
494101
735100
290447
675409
411662
681055
347489
905923
93886
106521
220447
684510
17099
631775
936717
675248
204451
314431
878115
473964
657155
661473
80753
414406
814405
318079
918719
386530
508998
224658
283394
517304
959757
573840
706917
885623
769100
568610
305752
862985
675130
40403
61700
206433
672178
998416
395885
876628
827051
274001
864797
998411
449678
945549
412817
264084
777833
331536
650613
286831
70398
934007
804134
544359
22052
25256
944187
791151
593865
249939
168341
783199
804545
744244
989632
476723
742661
385517
867556
83917
659517
732353
82328
623400
677902
495144
887483
969939
340884
52301
256771
411281
986307
575109
955640
522564
114570
899827
313715
708434
663970
482056
491634
468515
226300
481266
945238
483165
866782
326999
567082
40505
59352
649409
663904
251458
658758
65592
221398
999641
117892
992372
410923
618404
81686
880767
140968
196255
780594
968886
904689
958768
450942
396323
941487
191447
391793
400930
188816
258575
727928
270102
813283
301484
433716
477187
552942
92474
56983
288544
92115
174875
795120
17242
307483
876805
898008
448450
587265
192807
417336
491954
151575
382483
402481
607267
88134
794273
8197
791153
567052
736125
61256
380336
37609
494971
371727
104755
587444
942914
907502
193763
117789
702622
939475
93633
623217
902129
680897
816024
833669
687055
481803
730356
603740
89070
818489
912217
97267
609643
479269
347596
185103
373809
385204
680073
259741
4164
267517
202655
911665
975483
834647
128493
186488
774122
736329
809705
676251
417226
139934
24125
618485
621736
754481
222225
225011
572970
134442
836481
696817
127915
184077
396124
15929
569280
76197
789873
87648
857917
992527
513518
833401
341379
642010
534093
629705
892543
858002
305956
309769
997935
844284
442458
133877
598765
664682
873091
685940
313328
709572
896961
955446
893648
293086
971374
977132
369282
275452
64781
227200
267979
92503
574805
123562
248717
108898
753266
141260
966900
573426
965232
479040
417711
407690
612916
16476
586576
486007
702415
899903
709783
599377
369554
603431
406667
855133
580564
775948
130585
159549
517352
912768
252051
92157
36330
500767
201055
789596
156231
682159
363022
121463
161199
780732
529152
288320
311413
115728
774326
13828
529835
484110
127409
413593
601745
534075
268726
182309
824228
399311
856061
341580
312079
108112
433737
862612
123083
148996
652208
279313
831154
15231
914979
506557
310167
444131
794876
621579
74063
83408
149612
118102
81722
277020
531695
683466
325300
314625
379980
149528
228140
236041
5312
540218
858357
953252
402831
495644
102248
569243
289162
447606
98678
204141
954163
408845
162477
263244
30424
236539
346651
180035
868845
428372
971259
914744
111839
296559
229369
491818
960290
457509
242063
965601
511931
100420
918854
428966
110269
21102
998209
399430
982912
96887
603570
451280
505731
766046
714523
50360
516790
61175
744598
899839
3751
715857
814583
115589
526620
43952
121611
486910
15665
877878
452512
527596
978297
371366
956561
88566
906671
468975
2200
403788
565862
605770
855067
585797
886020
83796
150361
917014
659174
894959
331058
662924
610816
145641
292718
137437
703797
928532
138551
719461
806410
591062
761261
298913
476632
717823
901682
383304
701002
903882
301296
781068
23857
156364
881070
424081
754363
31431
855300
413537
926389
186358
590665
51411
331999
397587
703051
550000
840324
355806
269461
646734
946868
30723
945646
423500
262750
361534
321008
963751
265416
622304
744820
803476
292872
140095
227557
47235
171525
82857
974975
612119
783419
79845
177734
629622
991636
394989
179622
831960
750794
449082
478694
697662
994008
938545
635367
770962
300079
470579
734714
79699
92883
993738
883174
899958
648037
624935
461397
819561
221997
950576
945884
5416
30422
123618
635037
536262
32811
328863
368222
783605
292149
361120
995471
286158
299665
145043
571324
113948
615622
820242
707850
222709
328185
105229
122668
976221
730164
98269
795783
466365
48846
255872
471780
593471
379490
621021
129733
412300
464088
497954
710109
756236
859073
705581
556598
672943
850623
127923
301095
466245
948164
8946
203159
276350
114174
325826
252571
358542
938298
562558
824906
987143
818430
810890
94819
712124
946115
224551
124424
410203
236709
834533
166440
609987
54319
237242
797134
904941
365164
98229
885391
827533
107174
88550
103883
735552
928579
870657
94094
866877
433216
433205
854021
251646
244095
463044
963769
190211
201800
602397
114618
438508
951134
795261
562699
5453
32504
359833
424599
911871
972266
309990
739404
593644
398539
357491
329196
841322
228149
937494
708199
661364
370699
76425
427214
128998
539469
905187
833412
741268
21789
948030
693980
972923
257496
256680
492580
289999
130717
917178
716075
102983
741372
455479
210832
654115
812970
54232
495437
41119
991725
203637
216687
280061
158105
5627
333734
63292
353243
75002
599284
815477
283187
86412
72974
54071
578992
877176
698991
10375
593251
316179
265952
562935
527010
920066
581241
929708
445432
572967
133345
662118
963799
927609
334427
483630
775548
397718
836873
364754
511206
166555
647940
597618
239528
216215
176610
116705
915206
701188
224160
231385
967139
787094
758394
401411
191408
339635
331119
636839
426806
978667
298957
904810
420481
147588
388440
710233
545305
739517
74988
570716
906072
237132
168334
659804
453347
859147
776508
368553
560335
514873
114142
41680
816171
872535
957294
7580
726374
802617
644418
667385
295489
457580
572195
230174
605167
474839
940407
664677
728561
529599
235393
634633
766730
917930
294437
734281
777077
585150
617038
851616
614227
731179
407500
430398
117919
364794
952181
358498
681615
110805
25883
977103
82589
112282
721482
687755
101325
661889
866636
829885
705692
616233
978722
986626
534163
273160
720908
825444
372514
852150
677061
986740
97535
84561
931342
729657
963559
397729
88155
159379
508533
628241
136483
591121
254727
857964
793080
356052
34058
173922
185937
739749
790154
164660
726375
838522
952023
961487
663966
838741
813638
855231
339686
425377
453997
785232
155034
931760
182961
243189
91139
691493
385634
741825
282614
640361
113994
75695
996412
148051
249616
696553
402004
553974
375417
128380
906700
841644
604071
84872
680385
417709
940102
20071
357290
908303
805303
512324
840063
988263
269717
931202
193962
655350
187232
476575
809915
301226
66474
806327
449276
830293
17086
365485
898472
392502
493864
805172
234147
97935
890043
428736
29849
344351
963011
387138
252654
768314
413666
606922
270782
683382
52329
978947
852937
239560
969727
662852
540785
36201
469180
504266
380699
470
869750
279171
392971
877818
598547
141322
489957
488591
570058
34010
347146
533069
935352
114004
815587
349018
720925
600573
546605
773253
579521
399542
527018
549248
62394
67803
99653
45778
86273
480351
46247
470227
273726
953422
348045
872273
608948
838002
875068
179006
386216
222214
226279
321568
336217
556070
184791
571347
156644
731395
858804
130937
385822
313821
193330
967829
927677
753312
54102
408029
799558
38534
195959
267185
386578
582436
876133
738784
457504
569343
125001
193922
309827
960772
44344
865896
145563
129895
536744
876957
988698
787112
7894
374521
615137
715428
856554
542815
982944
424860
465048
782502
463393
661006
563892
849971
757647
954229
102960
729355
523572
742164
437482
833398
702937
481825
699295
362704
125924
750243
239662
114622
537356
761759
3347
666697
991391
859900
209512
974335
798965
674559
271043
262358
849770
349139
626533
607417
303368
243698
336772
826939
985861
774253
174543
203003
770282
388042
565707
896205
138285
319573
525032
189845
595536
42583
856542
586928
416688
66054
75468
215653
254818
860714
478010
104588
209853
618748
712004
513220
862445
48776
854364
848306
823029
28907
565514
107516
931152
131221
3722
69437
964997
42958
259282
560533
85540
630028
661665
502227
696081
251338
717879
465103
112052
710094
569690
321905
328842
281694
349329
705491
844674
203693
553797
181908
746803
633515
289423
677955
278940
807348
261597
243937
850305
35083
318675
935845
665110
494544
438072
875395
745881
670156
340499
372138
380250
910188
208247
223296
706087
557575
928786
550761
275473
996787
732668
22276
630303
22091
214436
909242
343644
476032
667384
193949
511114
986058
643998
176224
994806
596275
565823
740688
266431
906321
112826
160885
330715
321072
384180
36802
392851
827170
587562
668323
823957
834434
690599
968464
370729
905034
391912
714372
895270
59296
908321
406384
559558
66524
96812
554364
662798
662634
809256
443433
83161
436286
604317
413875
757357
502701
450676
664413
329871
552442
332736
668033
386876
537539
636497
271809
956777
542613
986181
852047
601908
408707
772635
675670
475230
869446
744239
652233
532081
553495
95666
615241
989781
699983
543320
261343
202684
993995
439960
46760
60642
772696
228997
961721
824439
865493
233530
781217
408107
219711
147469
524219
142622
920104
714094
617852
789550
458333
270085
835835
526032
365750
451076
30018
579937
508600
291361
296826
502595
245525
343585
77441
18221
572581
39162
842660
952278
786896
138082
874589
6607
285550
913013
149229
205654
627107
281285
509409
599644
65574
345244
125676
945527
310525
155694
525465
819124
961258
822290
835924
206783
680079
427569
739208
766864
980935
581868
719142
767831
234154
107937
774437
33908
20950
437870
239562
162261
233359
263175
761904
298932
122623
887579
244460
433147
43273
284129
766476
518735
106419
116605
725518
786497
544173
464726
553361
525108
560798
786707
292939
794951
894643
581581
828858
429797
533655
582624
592057
281219
360003
353961
94355
482626
755745
853018
429977
313222
137147
196453
831957
757769
827261
557475
58471
371435
22201
126036
410747
97203
912743
217891
892153
321591
313676
235216
265593
361535
332045
857649
642753
692047
725815
737108
174673
995764
590126
604650
308986
241478
315307
140943
999246
142569
212622
57718
28208
749026
183753
953158
846228
610700
685253
252586
446496
998928
2007
712088
360464
334051
83942
517421
26098
323961
254529
200771
319725
358860
319625
142916
114542
634931
798062
113788
291704
10685
685709
834115
273915
383667
301479
634348
508571
986731
401138
955066
985660
403144
181359
860328
737194
265301
377749
763292
589261
146483
478267
423191
19547
797891
566106
134088
947026
878372
762079
752935
403261
961993
587050
677176
859864
888528
825728
368435
389465
226866
837706
889329
630010
19065
749657
881408
284365
641610
644700
387831
302297
122967
325226
321843
920857
405536
970134
382089
283908
246419
135024
687169
208412
722073
878549
582480
124807
218482
950914
28476
445347
788620
917804
589561
321890
667461
470970
606254
823275
115670
508289
125573
752841
347719
961619
187903
753254
931754
569991
551367
692377
705014
752740
414993
941292
631289
997472
580303
363975
948386
608778
809321
251212
526582
913087
573101
708247
384057
693559
45727
13931
716053
171299
766771
63772
647123
468879
331231
93082
38870
882597
785458
258089
635337
200451
199381
780830
197923
293888
144805
660513
902665
468330
425929
943451
381417
999029
165903
279678
692589
211629
293609
922846
382928
574584
986617
30051
43463
832052
637336
596537
714649
422794
854625
864190
623244
568210
159225
335371
376302
818233
510088
278967
286564
936017
736622
182185
935046
902524
461863
141840
114153
755471
578890
11285
844259
79713
555539
887722
911764
192875
998463
140619
615668
367293
519013
753116
935502
678238
602691
311804
496471
112780
104975
297239
563001
841596
479424
12252
258325
941286
668296
372477
210962
247186
383762
55221
326898
939300
457147
752867
646380
455610
893485
262048
822902
412498
529369
272609
604940
132060
98617
615616
759043
717795
427059
322044
73596
906482
848500
331920
361973
516796
704397
87139
763981
602363
142360
605084
541663
113711
357951
702247
569321
765640
964295
906427
692342
7869
693241
297283
139928
791857
427103
413176
509653
854161
249424
583248
274849
97924
429373
151026
614719
133770
238165
378701
736132
894728
497989
791999
8439
855939
494247
91964
972746
998391
313921
980614
691632
125408
634746
997693
552510
47922
21551
920876
297346
604799
709929
395269
34172
860954
524193
682145
613323
902893
932481
508051
400882
238685
30695
771025
732931
122658
392604
219882
635253
220729
714700
326885
346137
349447
838783
412851
911572
860333
847931
208918
979336
557860
118392
527712
933019
642584
209857
546342
59682
142338
568598
974767
895227
113497
745792
628158
236154
652600
362245
871407
387533
76945
712496
733669
426391
551279
660725
852168
411613
508656
61086
390949
580721
693681
918661
513740
850469
642722
574286
910150
299265
657088
399122
194492
770584
659118
336854
520943
311718
699098
392350
699251
290248
619050
947124
716638
170330
122054
568806
96147
630710
144097
725635
351982
434165
753579
202452
76888
327865
626806
890356
499158
25929
599052
269742
685046
935905
790684
510969
149209
697238
724424
439456
316289
185753
670298
823
307807
753309
611173
452721
411610
612472
178356
763591
46638
931934
480247
637729
774003
107054
42290
273161
647186
641341
57108
846436
577246
361996
357405
240659
573439
596033
680114
889727
781786
864617
404754
89593
617926
15927
542313
543740
142603
234873
307331
189240
166807
301783
341173
455014
923040
383462
728175
570226
539007
299487
930866
630458
175687
802476
871116
749125
398509
65436
153057
180295
930052
557810
269887
547978
87941
326404
605922
230544
561276
913252
419783
728082
729239
275161
183097
652279
172827
425476
736709
711834
239167
667576
342292
414853
470052
213408
163979
868560
278843
317035
563060
723099
389050
832946
785281
476990
159351
391203
707533
720626
818660
641521
962913
547899
916681
660214
200179
89508
85690
451092
315546
324856
632872
657837
739708
102924
385450
417891
485689
178497
734926
48749
901596
123976
395899
686877
115170
69454
592285
822703
790080
410945
464224
267198
958843
895109
927411
673226
984616
527305
124319
814367
366365
757190
986408
374319
371858
38169
374212
64560
287299
937164
480360
925478
333063
167237
40648
402517
863350
706801
684670
327574
973998
643514
222683
415614
830944
721504
942918
955262
535871
309283
226658
36484
929559
600976
408342
481932
489392
987105
769230
426556
467465
694708
759618
148906
735356
676339
422632
598706
383140
107302
440485
871342
265020
177372
286956
95965
898875
744078
51227
948950
567565
792088
985434
11330
393064
907980
493261
396660
895085
262492
823215
362550
957199
582834
511455
206760
773377
934086
805466
670722
555593
760155
542064
820612
937526
343225
916576
836402
601507
482008
299557
169073
274096
284991
180402
181365
707175
187867
578024
602260
450358
401240
479014
921762
498278
990469
128522
271655
438760
448192
942376
994352
208347
998645
329170
145874
856074
245746
496480
457581
727753
310241
140858
1850
109437
835463
183214
816611
23331
275442
418872
987892
676681
412090
909654
174959
916763
552381
960818
355524
573
417399
864080
723124
416044
193250
383202
786322
953200
393886
758108
195158
704126
898965
197007
813562
248634
894424
630174
271964
169867
563250
774060
360752
489544
683715
535711
406308
750300
10734
276036
750872
428132
140116
988200
358381
847570
885606
144703
314975
279492
902810
510132
497823
315981
221344
311385
564614
629972
455763
350782
314043
533217
124842
674795
22762
322761
724710
943273
73061
735443
219309
338138
163575
873628
326338
521955
235403
726149
180863
550377
5641
597877
574714
17668
913857
796057
843257
992675
426029
299020
857661
740072
346442
982503
414867
883407
305264
139577
826680
892529
389224
45989
230667
552798
433821
71209
588958
669224
797357
284025
733805
317203
881901
308519
334870
309964
104576
178127
302639
44810
991351
160301
299086
851997
657008
228157
735404
476476
881937
76289
369005
271161
636481
113876
338163
70302
185085
441325
253730
496646
725349
987535
328053
121456
296054
177128
431419
914834
869458
248262
473848
375014
922766
772933
227011
1090
476619
570455
883026
552907
453664
154187
189388
567540
6554
773894
266829
447879
27624
277679
687432
15159
605732
808887
825417
297064
754510
740251
166522
516977
728303
55741
439743
501236
282751
533722
502325
759370
618381
899555
826481
586249
53742
15870
153789
60295
789763
934821
22378
212501
709810
346750
332437
32902
172167
143705
787412
426622
310226
818593
154925
365966
258336
170365
162922
306262
672689
436496
438847
86449
262977
25097
140190
278846
693089
714688
582813
627911
251271
914404
354616
961080
261154
201257
508186
947524
344961
809802
888350
169391
628395
557479
535357
886731
727843
212483
707197
914736
648978
146045
1185
911954
685345
655578
705005
378434
884470
802022
520549
649945
716426
875164
611025
491784
633416
953512
935585
443218
841862
104977
71614
913545
640333
472549
155593
367020
179746
584533
15998
839994
99922
442156
525339
269704
147161
417978
154175
949183
938526
804119
179814
327896
929349
671598
918520
76970
625110
854106
520187
981177
959082
591800
408927
113620
64349
78725
480639
758299
663257
10841
598293
763179
452996
637837
32883
114362
570019
701261
63545
22750
19586
243358
350645
463139
429160
783370
540108
568475
637476
574499
63857
110763
166300
472783
738586
744852
551507
219225
503151
214765
744269
615649
492148
197265
767690
39235
311626
851913
254701
889374
874662
788490
646937
739512
251629
76097
522882
305941
158776
674562
880439
222632
785324
560943
695415
523910
305796
761126
257339
808946
490095
515812
938799
982242
227281
220694
535682
53112
72607
790382
942485
947269
578872
103627
686781
344705
693928
209663
650645
852703
398429
45289
75336
606232
770750
221867
912027
46081
993409
235178
536176
509221
688182
32623
736501
908875
568304
789612
981482
872890
246303
928751
965966
349929
615532
310671
43857
339399
475520
410765
252032
520809
486100
435784
127041
771054
171855
553272
817134
679468
788449
353310
188689
476631
385933
439394
899711
468441
743211
881193
341332
503718
809944
307298
853646
939680
617969
411708
793283
607693
822472
45315
128502
822776
995302
769746
593830
681361
323018
410964
360829
625672
278479
549517
616507
664411
503115
516218
132852
760530
397411
988387
264248
721559
295686
632099
175444
427859
558011
968726
35552
894687
528245
164054
717463
523547
448004
311293
204908
285227
236461
565736
910898
29144
629457
41610
207759
646777
72033
340611
407307
469443
843202
671555
705207
138888
303654
880650
566746
375869
363582
116503
270556
891826
794760
988018
415374
242764
813515
134486
527990
564180
700222
438888
593324
843883
994702
801082
490660
66735
655897
412172
50382
499100
83727
755588
152192
901584
150444
233143
277453
514025
349645
62213
405851
144405
50231
821224
387168
377950
469915
915158
456334
170137
868250
49658
528224
377157
364945
533089
443891
20842
945260
34146
28987
764065
186338
444775
914508
933684
236432
428533
283329
298644
834384
427733
863078
169813
329105
241028
639727
758467
697361
324068
140923
261224
366497
518079
626168
899585
476175
161214
844845
484652
709564
388036
410106
832810
677430
343790
583446
105963
627118
882089
454551
569055
745167
138569
412364
500399
292500
170832
711964
130773
825958
973187
497269
344037
113560
396854
334416
788978
755903
819067
498542
143939
67785
908647
490953
259419
252437
588603
365381
393759
470692
334137
962813
730063
986909
375177
744666
279409
60213
456630
924385
886170
944022
421654
744412
571786
332712
78828
360764
602819
412100
859305
260962
994088
767952
751914
253507
534593
854721
618887
928351
839617
467228
405369
569680
454137
294751
828550
247751
354963
799385
172136
755338
257612
107995
13955
829397
954910
606986
190162
557730
19086
563671
818691
13174
845828
84811
266680
380421
939531
399772
822977
779149
381204
228346
863033
835341
523096
691584
597296
392264
490969
283636
661806
748580
391630
675760
92182
860745
282746
796547
418475
816036
874423
237166
829209
720251
836180
610094
614876
289917
9866
437853
391069
180404
446303
740614
703499
137887
852114
609967
143060
135751
271773
405844
41585
947532
498026
902329
744483
808777
835008
74724
683200
586379
903932
403451
422559
28231
532532
712475
552300
970384
295745
943369
664992
742048
198188
368492
879934
564507
492663
537199
700257
764436
943042
256046
226173
955272
672580
484860
764050
507588
559583
961454
93967
977720
879110
516526
5951
411642
743205
558251
896230
38951
15825
561223
780998
728216
443919
175137
292723
936581
712335
507184
701017
169583
763230
927190
639059
435810
926254
917313
943397
485838
878768
37365
463558
757878
68095
983712
683724
811299
541963
579954
364454
71992
141177
145452
800208
585095
834793
607135
521677
61333
114320
736898
745119
877549
178293
384179
827563
104548
815696
770960
590385
208669
322529
568147
966546
904827
551859
164475
230332
608027
744429
594785
194223
885605
254442
508635
984905
89235
115771
20787
150567
230090
757684
895686
621843
935977
794069
449406
40525
609765
734570
145114
818434
571304
713260
299185
476131
779323
463660
706462
901554
722293
815452
95778
122103
69894
604412
107008
159128
234387
127794
823898
978680
399683
233789
600523
335660
27858
564133
890388
151828
812908
549706
484466
384212
777170
297855
374547
556493
275719
595214
972252
998011
410666
68030
120115
480559
186646
741326
153891
935237
869120
491993
913917
268803
725782
514441
118667
267844
592778
9055
933875
405686
72965
932545
304102
850134
230401
678649
406627
506119
273863
893083
18336
684528
961112
652654
679291
661963
393980
347386
597200
777304
839378
25322
560311
79365
53967
678977
861413
646745
202236
795288
52431
275200
727834
356533
125334
472439
549386
46166
492762
823248
939248
511097
21981
414566
163751
215476
590733
71936
562861
702137
849239
916443
727458
409551
995808
781425
602732
857221
428170
319173
166714
994804
594372
408752
865541
233911
881190
414927
794280
373953
752379
247733
399254
288564
662298
77210
504039
767235
149145
66900
469372
512588
983343
196831
436343
493356
978255
39076
864781
920629
872452
545699
429638
981028
954451
295180
214939
349846
224311
238003
490895
771156
637257
779458
433454
714466
797702
200690
377815
378806
184266
890402
362149
381096
326746
369709
873555
880025
234490
308389
752477
294394
738027
247710
248845
547411
462649
598690
285926
500276
350898
776820
271432
988154
70484
219091
216825
382390
419780
594639
761195
118250
999245
637549
499346
840195
7258
887105
234425
755952
195495
501106
50346
933521
748816
813394
995136
725669
926288
281062
225945
277186
572087
497377
265340
156775
716467
996368
539164
650451
105212
300359
768700
618662
937907
782250
458857
945165
669356
207487
215322
379055
708592
779871
312576
971612
593265
821916
697281
519553
102978
923226
310944
189269
934807
90488
346043
651274
86857
885206
815929
706272
185566
98834
324934
637677
881084
297996
97047
64645
505482
312368
443699
728278
606443
270479
699891
199708
92395
397172
233466
709576
834602
544409
898845
769409
634896
244888
934887
235957
644299
265021
942229
344069
363855
267163
981745
244939
565158
78793
823787
584844
905364
267486
313123
511808
537964
13014
225720
630358
924389
459185
339934
273197
517798
752983
556810
666899
997871
5903
902855
642170
270923
359289
500443
634777
140657
482188
393920
220019
75185
217707
804863
980549
999396
117986
6562
537360
645203
232281
681922
569592
205671
536061
842788
723468
289044
913803
904571
801119
919705
321632
957493
190628
680920
457936
339610
821576
940124
247734
41596
529513
979645
360663
24267
979041
478648
30828
30607
123851
777313
712528
207647
982983
762793
564640
220656
51838
478443
125228
852956
398148
446859
324655
588775
641983
782590
442589
463560
236919
690323
19360
766432
669968
380022
790698
649009
372874
821526
193820
496724
598839
420553
218575
96027
183346
783214
316682
749387
261657
956113
116549
174009
402972
441203
762784
44956
223793
719577
22720
460712
409900
556283
741348
79868
450509
532046
243082
823382
867776
951105
834310
980819
371658
567089
591050
555004
350304
907732
304391
126165
863845
420939
300174
781022
862141
577162
340182
600139
296739
877105
575055
706639
947592
316403
300711
912305
362653
57997
249892
230430
9103
84202
725453
380760
651290
316504
449968
515798
738440
754359
641963
116490
689502
456341
897511
65849
33503
751897
180192
330241
143207
755246
551084
605003
585853
851795
517308
948505
423996
767199
178935
433098
365605
418593
328063
16896
735096
292235
46898
473536
203065
590025
250301
659405
1742
830353
692907
267843
10545
537353
925254
279995
88437
530257
865847
454436
47566
814352
878432
814764
507492
825734
180370
926084
668001
711469
175385
960236
758366
163125
521034
475636
267354
285539
135041
783299
115892
342153
51143
640640
879505
976396
920634
967941
20858
786481
936582
68423
115039
815014
883187
622530
154953
577761
62819
822954
289230
752407
783190
561800
915531
304224
551640
697089
589763
686681
480389
219859
28834
45736
860499
422543
536336
295338
904688
557193
596024
841270
625616
711062
656284
23008
847796
811237
600768
424819
148396
404202
177226
931585
480206
606961
750013
31847
304050
853980
718527
784438
73840
261565
830173
448543
198312
366509
743880
103000
923702
339904
944270
63523
565170
114759
86530
412966
440200
687297
351989
102800
605703
529214
34385
85909
136175
298603
117755
440225
152583
350486
738867
226422
126255
569041
189169
324566
449754
933049
941770
887660
787157
400245
951182
866532
29208
37712
793702
469408
239213
145692
359120
674905
120797
445029
325285
419399
76988
279714
86186
427474
18581
826812
67933
101826
15981
392499
551580
463234
848473
439240
764596
248718
904627
631128
277925
942338
424830
261537
695756
570521
347949
54876
759631
468745
14109
84916
402348
91097
364629
2738
32775
897413
829549
100707
999239
845530
7410
65024
822968
370087
18468
587564
618804
923094
218692
896729
379638
157727
672470
589598
728247
20419
644473
2083
3368
172787
86998
919919
263883
965830
922657
810861
863244
752206
425772
376688
597736
947386
441711
934909
317473
460178
522473
450482
897477
255370
347211
277115
413096
19681
866712
655547
554304
25390
657630
557671
198176
744627
477591
976262
224663
400248
301328
87907
666658
727100
978798
264395
674486
420509
199304
506163
394891
235981
956644
292368
491350
818059
83687
904445
351945
464603
559993
906248
489993
217623
463919
202373
476454
455714
178636
701116
855961
994167
303227
522620
721267
282025
301219
909957
216738
14727
416121
611629
764911
886969
418201
256262
705029
501888
674911
56974
966490
234904
477426
970687
966730
941344
173061
957389
397059
865900
172710
767224
860067
990141
804048
581335
786370
619471
5497
3109
148402
935821
128942
913313
822791
547142
169575
42025
49030
844485
613202
529725
593594
90628
500412
74529
546176
673472
31918
943234
539372
204628
224664
913644
194769
542916
9184
981138
162388
14680
498451
310789
464706
627392
224102
287497
174535
907880
843725
737768
266571
456927
267493
860164
61759
767905
448897
607934
955581
480815
65374
494954
199647
290037
922802
908619
832952
931985
403962
509544
460869
902413
820333
925574
44010
558639
727275
218544
980724
571000
470517
761499
542131
738009
621663
603889
20119
70560
211824
975700
65579
791401
984858
265225
81438
907660
173844
428594
839645
577806
452343
300514
994423
272676
226089
38433
345519
467568
771181
840447
38569
241698
601946
94904
493911
737813
698793
514030
322578
424821
489730
388156
216222
474588
167586
811863
382248
855633
754661
736097
433439
207004
36611
942066
993883
776903
980499
339403
244472
751680
694054
797244
507582
296001
892147
1493
548018
105145
515522
870595
529965
5252
772956
260391
994043
940541
72254
890495
796174
341120
626592
743818
548123
177408
685884
542007
180588
395614
712986
446472
89668
24435
954053
899872
916582
469751
447891
535931
985272
832690
65897
504729
605646
840491
12977
60392
426950
903472
370771
768069
530064
114589
316192
221676
314677
858198
690191
9470
253812
917381
455941
857684
941816
924199
757556
372603
393950
719651
908533
893426
66547
488634
912359
186397
329126
925336
246789
756075
828808
617559
524144
873076
732147
840335
94753
561028
212739
784943
570497
980754
702324
540643
838438
158345
464842
110200
530947
372996
344055
439481
266422
410601
442319
178782
596998
771444
618322
357991
527519
447130
975549
565867
320206
221901
920407
929162
782928
133146
228310
867630
113900
930634
408273
466543
603183
873114
576742
134131
760314
435001
87816
26736
845602
530134
719721
956804
301579
338043
314795
343302
299377
804548
423374
133788
26449
857985
62950
323581
991130
291260
191211
619234
736098
113688
599981
339281
501006
690927
987615
261320
125929
75431
802260
485735
605565
521981
442539
421348
374229
271538
278854
673605
76086
216432
321597
102534
74417
384547
940318
579751
190011
645734
198986
440313
759421
313171
779593
260428
4099
767209
521747
130027
356844
838211
129966
962408
874397
572504
897960
248626
358246
691019
436435
434331
907450
272237
536864
496072
170988
991386
75823
360998
637120
789012
801310
396542
102184
95108
171174
620486
862316
207125
264717
219161
45337
394682
695773
919733
481390
107939
682563
839635
313162
633202
273966
734816
905438
325034
230888
76426
316420
306711
951627
953540
609927
267142
864286
712110
362250
35460
332596
738770
242584
597312
472135
287920
506198
682113
721857
987587
790051
404420
827222
103213
551827
101188
352233
971469
426221
583121
47896
256846
404036
513727
210386
13963
780869
588876
726073
657323
624335
572873
396093
866918
684390
868228
669043
190588
64546
390900
178176
854596
309525
5398
472013
375556
620790
824245
347025
47011
921570
909124
818060
325606
422852
28446
339569
717925
131526
579846
375248
755860
152719
285545
136984
351313
667977
806026
541901
732522
711130
234281
587118
534859
753882
573335
424619
374672
911785
771644
935887
833355
680768
753947
673166
617824
782393
12735
335749
913918
592580
225201
183984
259503
510746
320967
178723
641197
666921
911245
866531
901201
12568
915595
169288
100108
340214
543960
11893
111858
479847
359452
306831
233794
32618
924654
530391
559556
774608
958514
152136
999808
142498
925843
24759
977668
50864
203482
133070
231989
628931
999600
647394
155703
915195
816681
255810
255410
360641
781906
881471
840487
141359
188302
74282
688180
112957
118877
247737
401769
77391
914076
401577
839919
940540
711760
890782
144022
844829
636975
287157
358635
284369
442859
273830
101051
212874
43444
461691
994779
924915
816383
650342
113217
404869
338523
740377
523745
586259
142146
115341
500335
57928
849432
854459
998467
75398
259446
656693
434431
896421
943849
793065
180790
900912
581100
281840
113786
624543
257736
108566
549458
74119
758907
176880
478987
97430
917256
516936
197893
573607
632276
212433
631534
481709
66892
144206
557106
326337
800898
991536
222758
258952
298807
917752
159864
879906
199592
273650
18654
971531
382215
568112
45650
655326
259196
38841
752756
176452
555777
464853
264263
188053
677285
410001
669761
744176
554206
741071
584718
869308
246813
321680
642464
545619
239432
802328
939729
953228
75978
958382
924759
972396
40699
484614
627722
814098
523454
894682
990550
79231
873740
769017
267284
551025
179019
451249
809406
247429
706525
394124
630942
953337
715803
273406
13161
469440
75734
467094
422668
665915
861631
152516
494584
346245
294443
308682
869699
703329
813436
463134
577069
582454
244622
642299
275677
210076
965909
523105
916600
874237
154047
384142
104245
941657
911506
573684
17391
892804
510556
197511
832484
372188
864230
327068
232637
158673
635750
616540
376207
963390
79675
467480
545844
838500
623983
821520
48576
589892
858830
479380
464129
527081
377726
568374
468738
289232
142058
486129
696240
652614
197844
528725
539006
62074
369997
771642
734951
519951
388183
625362
483342
982061
92842
543390
820561
716825
364911
383342
306717
737945
376926
285051
265026
754652
853424
733764
558088
509686
734097
254329
676504
931940
297258
215510
508218
667254
501357
757373
701410
403744
382735
184752
385805
728141
720570
220811
607256
618116
41732
859405
995042
326782
124432
749694
180206
858195
307782
204097
106497
76315
880600
552641
373572
610315
575063
555031
625876
256441
29620
229376
955396
929628
219157
683537
650198
439967
804998
268315
481699
664403
777561
322685
303039
527255
17096
161234
349241
221192
781934
425556
615996
334575
313332
226311
909638
868362
366391
756279
639007
396010
985654
594403
839842
719016
277941
4246
673187
597143
786764
669090
775750
564325
991775
78790
91580
8871
754227
955024
744266
536162
380580
360262
384941
208117
100778
294579
76479
467168
565062
715486
377383
550717
824093
217225
783937
616238
221470
971328
213381
522438
640419
989131
86763
146399
582125
692546
669473
336352
647571
413739
386718
542355
288205
771659
750471
388982
580442
341155
370355
145505
570845
747737
210426
394938
479166
994362
11177
214841
965690
224557
737278
120314
727892
824041
266712
824221
516587
936184
160574
164158
864127
547291
220718
152333
833154
971188
541314
413597
312343
425873
559101
687814
769526
278126
166981
278093
803506
896025
757987
542267
633303
878301
784364
971548
659217
608585
2341
109607
283363
680702
973733
830654
901419
640270
178013
872608
695789
591609
699155
121662
664914
582343
809476
434440
374673
490661
226737
178179
386686
984724
234650
19989
377230
19014
505742
36447
627599
508082
660257
910961
188784
633991
255820
90204
274261
433833
477016
484254
539646
176171
605916
204561
272718
415392
639000
161595
420257
865737
853977
806942
364666
88628
341135
741895
107641
846876
292546
249444
869162
952803
160406
57947
100999
930429
662354
889463
878466
653574
373718
418113
829744
979633
622673
616667
909229
775877
778261
329486
155819
632239
136428
34689
235071
991766
776583
856915
838643
69130
106360
707805
536137
780969
279956
637135
225603
456514
526598
104070
110088
414520
522182
454037
394153
659059
584908
817586
949140
363169
147072
104960
509612
797703
139648
744682
789470
430436
115803
142318
13770
222162
364327
549906
517335
644283
701245
742937
615001
742047
847006
725089
156568
883392
693330
64925
542451
278238
882511
5797
155611
543787
110756
179428
341491
764607
438314
645165
709247
554116
787482
723016
776277
151809
787126
293612
310296
488371
36550
925297
230419
397760
164591
901190
281153
372125
966114
823603
164567
848625
829399
320177
392413
454359
499604
248108
733171
937918
407477
956622
492034
194959
193844
782516
860971
980969
76128
685472
983545
626881
124974
728168
24642
289564
629358
305794
175893
109677
643601
340459
958302
987205
660635
864919
955768
674444
627231
203144
612362
34708
159767
618600
743870
353610
401116
604841
848783
991448
804517
832328
132534
929490
74701
157175
733258
218263
977172
909150
327940
620774
249609
800446
122184
424449
665365
592156
98893
806800
795300
225459
355712
469271
358263
99582
822880
273584
218627
185868
265032
23145
532401
911769
466839
607101
68945
200098
825364
560321
109248
153304
695299
873061
953749
817482
811714
133319
409639
910606
454323
719143
650269
810034
188414
522736
909615
11294
796319
642446
711365
575555
665590
243766
487325
646634
850867
556269
846731
190436
116590
470183
857943
326094
343244
811692
143576
154958
459215
67419
579768
913537
786561
744241
237776
974974
266978
147391
500472
63297
304041
211838
638852
483836
969807
640381
130470
334879
710854
977200
525314
341648
447383
383257
667741
304832
709153
811317
459789
168368
392940
553762
596109
179502
298003
833884
668680
79185
495479
683357
142482
799520
409399
295538
283356
379206
935918
413825
714085
160977
391025
239399
502624
352612
136861
170366
657443
846013
495887
117233
528586
888826
185199
124695
582532
483201
472784
251213
562386
968262
448774
219072
767782
858172
28814
565342
237378
478936
979166
465667
639912
884395
219271
142536
237008
356131
312901
894450
716348
808787
525887
244934
211819
225290
883833
794350
708491
356617
45563
785081
839083
8541
518357
121071
547170
686412
618295
26106
179784
83962
666017
64179
303232
808552
815390
173567
635658
224046
889915
958649
264137
649053
170468
489427
47091
964818
712122
403707
524585
497203
756995
533126
15560
878065
399838
562729
78682
18133
103039
258465
616299
283260
836848
919530
606016
652238
607302
241674
390488
497217
200324
654625
660474
884995
144052
707565
849813
856173
625476
888603
867580
382471
421729
883139
774740
335771
960072
853422
868108
577315
626091
484407
860574
462939
918141
466590
629382
525443
222469
19870
936996
674494
711543
821991
332750
419108
671805
188923
44584
74613
570707
941259
496341
968050
230204
346316
928122
597830
214424
19642
223922
213035
880215
201065
645381
861010
830446
83479
850316
221893
20475
39015
933435
842465
371765
866747
28475
74892
425535
617291
645599
366794
113632
613649
111203
974152
55977
709032
702780
75618
932953
915815
470038
134019
561196
331048
964464
246224
928730
328985
982320
949204
368000
429960
305874
739764
296707
848553
328860
236447
465844
974458
117445
93681
588108
228647
67833
644084
937679
770612
719701
870632
200632
703943
518855
276032
34991
483320
522256
963720
326509
18781
427129
694508
962945
247208
948476
773856
95761
277337
10303
251795
127748
169489
354107
356394
751525
998190
294073
522138
232097
678910
236974
936039
197765
513006
485235
681084
549466
963159
521798
568246
390289
216306
531191
637496
678987
819252
247461
470528
829554
323269
236527
957301
6963
590634
313696
758487
103029
121973
794829
849329
800882
31804
785369
998647
59014
784808
193936
608479
747967
715733
176725
652460
446244
222121
804160
125231
41373
51621
595758
385131
889094
346489
342433
410261
937122
170333
682952
40152
806509
991986
889480
607392
537994
189054
606039
597007
488066
314179
205486
236034
29913
896414
402698
476156
632739
206859
115591
188316
772683
225553
573447
175982
572041
915879
100447
509164
600416
783399
63520
406925
289590
467204
528521
827583
170463
648764
938794
658528
144280
408766
992855
554898
811464
983215
187638
18323
98806
375953
305210
324358
949399
481192
896398
379483
95843
919766
494103
879241
497490
901028
683035
964694
429549
510618
135157
592518
449412
793684
555461
107896
202451
62521
662794
528119
364636
658745
740588
365855
497307
204193
361251
393705
583675
457094
827676
77779
850539
325166
493011
533575
289860
436764
558397
939220
29282
522014
732905
98947
629909
449560
161467
806907
977678
721406
685747
38324
380151
426336
918382
877457
144733
793838
785367
242612
250932
127248
834594
615675
452413
327605
149250
256478
278574
221852
195698
822059
743865
442807
921006
887978
406571
596677
694886
384249
318084
380633
936776
212439
321173
369364
604101
465905
163202
389468
222722
928337
516715
57316
544012
483332
899125
207467
739809
177699
429318
935507
999757
173183
378314
434968
61161
784885
31646
270251
683338
863933
165089
134320
76372
486261
17888
680472
466371
181089
584144
689092
109426
615063
260612
167642
98396
159737
375108
352409
337435
318630
287916
851397
491812
180435
800569
67178
479524
832214
851632
677066
696147
16721
325590
286724
17187
343477
481400
997761
38770
65545
201058
148195
194812
461669
830041
807411
621406
719353
159821
473045
37984
961940
324442
44000
142375
639216
111177
136103
471430
962809
813169
681782
493734
652963
482710
510920
996440
964109
508681
35210
29654
709738
697609
738670
171408
41855
546081
307018
761207
705901
780062
799190
667842
618709
843190
324421
257925
468571
460524
729354
945584
787897
925340
439319
955064
408050
950238
951504
372160
973124
500919
916017
682862
712732
168892
368474
754586
714973
675491
515793
420874
969758
314984
602920
588467
672378
927341
846391
140949
902069
89950
600738
204171
529495
40057
451749
990294
624944
338113
477623
125863
768335
674690
838594
937226
43164
107385
652199
232860
623177
73074
716822
452365
190198
305289
638947
117539
665884
294101
533812
270038
894838
737982
799532
934894
411422
251282
439393
36366
103599
917016
676432
871933
591706
515026
809160
149074
136615
461359
896137
759791
48637
612959
726361
238835
432452
365308
870577
98336
659408
404390
368374
68451
656576
682110
3345
67998
447596
956942
104363
551195
873958
780794
423128
979868
810024
232288
643146
946638
207852
539284
220635
770692
666447
946995
9527
98900
826507
394309
711439
485916
798698
594017
68571
455274
276128
71916
37477
237928
28858
141839
789122
417020
436838
726455
911092
246862
472947
554238
707705
680798
607726
928339
451491
274174
389539
975221
887277
216046
369530
598716
216166
682432
192734
284737
651911
983065
356652
735197
899713
345430
38525
830937
782267
764979
742029
543334
237926
810471
251039
432929
418198
693582
398624
692371
83121
373845
579648
299166
257580
692568
515332
940011
399506
800068
106127
896775
670924
795513
631973
84842
655148
670497
915778
951619
949680
172012
494953
701810
982482
260196
134739
400680
467982
47567
607255
551102
935616
701107
364473
193196
393676
394009
647411
307386
708281
267743
204162
379205
577460
350339
978250
232608
535040
894028
184228
484720
66040
193385
700734
48522
967785
349678
963406
435767
397244
570661
501074
332860
271769
865546
40260
665444
259555
201876
972829
482040
469618
691195
861244
47078
41534
839494
279686
576573
247727
978117
575497
827970
171502
276232
390696
139287
625909
354102
89259
537357
924763
590332
870217
196532
455878
424681
376180
229637
626556
863213
711676
96174
68614
87125
143252
624351
440823
937141
200925
202754
915258
290626
30724
600964
81062
421419
706970
775521
343714
244328
214489
934045
628749
925224
904127
53430
301404
133764
679986
678821
359644
290364
261639
960972
433615
885990
401795
884960
601119
604548
800218
891744
635271
401183
972806
570894
655638
193981
346415
999351
952512
560903
447601
581261
486127
351728
148896
301735
485491
828881
494761
359339
633449
756399
320311
67065
722105
952024
243508
840857
266448
649457
990332
181835
561226
837472
330448
421846
351028
282961
982748
798628
378426
983080
150356
527321
284815
150051
870406
293780
509389
503856
50180
343904
85125
206773
580213
551353
450281
421070
817800
613942
411402
999634
236205
486832
351311
80857
908677
702338
363817
405631
15171
256448
388711
165526
783768
187730
829780
168380
481510
853373
672235
45894
197277
757359
252666
777489
308712
217151
712763
640717
831092
638369
640351
581501
125202
991662
662358
33879
208205
540379
439509
223376
311031
342424
903105
94800
530154
732886
263179
525868
449618
571761
297741
206977
824426
75230
29893
555782
787993
670609
386874
426362
825165
482580
65768
331032
659142
613851
539236
199521
53360
276816
510552
395784
179922
119556
440142
427012
896938
966009
527475
346556
537770
825215
67737
876400
900445
97629
946386
202643
768238
847465
143209
593403
330045
208977
924434
989186
822827
977874
702911
390391
254691
727667
300379
948816
847222
254725
890032
744160
220734
417507
604920
272708
242723
672656
663313
657372
770285
123904
374219
52728
971368
31632
160335
301413
240608
598973
804803
577639
576847
507715
482235
345742
235382
296818
808762
596809
551543
698794
340969
286481
116302
460094
559189
873228
132750
736706
44805
903034
860609
419023
469966
831978
450654
630300
647595
205467
229273
452399
297310
320325
474318
293749
666066
709699
590567
989033
306508
142110
687827
161682
942794
318333
621775
16188
191561
268729
752893
750569
685968
127708
169592
155934
473890
134451
786234
121485
854121
529711
88088
151431
850035
562405
959384
30307
786309
549951
19340
92817
206265
221371
768702
149059
539704
904681
165247
245469
173411
432344
996038
373583
74256
679834
529516
548145
814284
829954
183835
182610
873870
786126
848245
723905
348532
807629
268416
134841
357580
801959
741861
78049
24769
227107
563034
443654
906557
808502
131269
853106
318745
504851
927361
998579
34368
989711
378526
173546
509678
252396
959671
357923
490506
822407
679756
758921
471452
551540
560881
727518
629588
98416
752286
370899
661449
195940
277457
984155
327209
644767
302901
346264
572128
815684
380631
561839
142752
273362
249589
166634
39962
209261
38761
530467
545872
718516
803593
17325
270056
878678
744842
899643
977093
11333
270543
152747
207272
62204
136902
48685
954006
394949
793302
769690
289784
355142
912442
77350
593280
117312
842399
632041
647778
388272
350557
965575
405596
134818
844253
150438
34461
821346
675974
819207
488297
883245
395615
625199
446135
102585
579205
355288
895887
863100
159276
765233
289747
750830
398372
868141
240772
515067
30124
629043
379829
995699
34639
514646
839952
699280
63311
175504
375254
882518
663800
772703
792337
803203
733042
894922
896613
602534
305014
759713
276015
584451
563664
26845
982822
446690
894985
223594
961757
925108
366841
341586
435012
401479
370436
789169
614963
433746
478877
504421
830468
142677
791329
622806
460085
38576
31933
870902
641110
851150
144820
917124
435601
708483
943968
932627
155173
353158
670426
631134
792470
37267
486924
227483
952950
857359
16652
82118
291106
495528
100744
635778
152409
892072
258584
126698
930647
804720
997599
85962
655870
142419
3086
605675
365106
461258
538303
520279
814415
722933
665617
606886
274404
152542
834368
227354
524105
365224
823676
815210
860751
924419
965193
527364
816491
223777
654062
28498
651661
347305
198572
308285
350390
804247
673390
325853
856754
707873
140268
579687
373491
261358
854090
40237
609930
595649
564341
489358
419325
893756
350109
343744
858949
391678
674439
596930
45740
935781
139632
211605
283086
338204
519889
147681
656655
707484
473533
513409
415357
128005
607300
303052
903567
975594
857492
27702
85448
421834
517060
504772
829794
381373
362720
202948
773050
37159
314082
818789
487145
453714
544599
770230
306122
64488
432115
476981
771971
419852
990389
701533
62062
111894
518789
965628
601692
376282
993329
687140
312320
24594
706116
656318
405967
583041
859265
179017
134404
173347
512011
621548
141265
56610
391779
447386
635301
338098
924366
921477
757950
428960
137215
820011
55058
656003
785639
170955
546489
293173
372299
858808
317767
78415
515126
237938
175660
888595
416954
310064
576147
443169
931611
717411
13983
323390
679002
649284
175693
603368
570761
933642
546533
707975
753653
115795
878182
53497
286749
424672
860873
659047
283480
178640
251667
312811
416577
427326
715610
737389
291757
790904
669001
9169
804887
506595
688170
968375
682287
805742
53341
130134
866479
761315
883786
982274
153702
937282
783227
578373
312361
442275
376058
491000
208146
688868
421782
635471
918682
283722
887065
210440
588830
556066
733812
907921
576865
936186
876296
773357
256133
929636
903490
122613
205156
787277
619091
358858
238764
916522
451435
551124
358797
827492
556329
566942
30565
492315
716618
949247
776036
603683
673891
879070
673953
407703
786992
250818
343889
663288
538379
114226
107130
441870
751042
826489
743351
370133
185347
982114
286656
150987
47444
159657
978478
117977
240804
9044
124496
471626
472495
900531
75309
146386
779601
263466
554088
80798
514283
412181
744086
52663
526406
365420
8737
277449
191909
752087
161786
891460
248406
962645
42447
295849
636507
20925
928029
391515
544172
52525
863140
16667
467260
452653
677256
761066
716118
231344
841863
744605
157729
100154
311472
198340
465573
320208
989992
657482
72295
151778
548942
320701
628628
105593
130754
265135
126517
572988
170854
184894
139717
33994
715764
606977
851
393021
368043
716968
724110
975777
296298
824264
287250
8842
289837
998833
461523
193957
664815
524669
28862
293443
630261
673819
72782
270983
246807
757839
455876
900728
791832
685844
507705
306887
78865
389952
23855
217434
114062
513837
27936
938325
801086
550981
742367
922747
549814
718094
630908
728833
173974
22277
387229
847793
609262
658211
608804
367102
628291
509532
673138
314136
531441
980025
907204
921392
518084
638842
549659
31921
666777
2189
217758
744555
784163
281776
976854
929275
10610
219618
103250
547090
121051
465247
156352
779262
588255
37658
921757
97788
225001
750097
143433
205026
657302
64826
237314
296144
128689
783439
477126
130877
644854
209088
389637
429017
490864
366491
872497
15678
100313
975746
562767
221363
955197
233323
514829
543452
785185
950791
155444
10186
700888
298877
729415
872394
877906
966728
168539
6595
264372
159869
137471
909226
368956
41312
852447
374024
407802
724944
389701
22319
214895
952467
243682
170092
699995
272715
713544
485180
223506
868987
9570
924394
682068
738984
796788
559974
219917
479531
80773
484289
639399
732448
393515
522560
773759
245962
896583
695766
485111
286285
700005
752956
475970
870097
967155
748685
97846
452335
972190
966832
461904
410789
163106
715092
721782
237284
935009
201313
318057
419298
354917
564709
812812
877476
852672
572978
774059
548438
58089
574548
780727
758094
327505
256697
142396
808864
519586
240241
261200
491777
721277
237308
416770
884382
952400
652756
121667
887409
368274
953927
820911
723190
518636
633723
114871
371308
720905
403134
433951
293199
977682
214678
565497
819391
471374
707892
628255
990960
948132
403659
996941
183614
155172
927915
67997
107572
580672
703867
509185
463150
657794
330096
186340
690634
478023
815414
576146
713132
218548
524301
6331
710434
738978
571827
529825
724557
793923
672285
229722
256260
590148
740867
439874
745319
182987
507870
367095
277863
725941
390484
741012
897939
234784
441556
588573
712806
256970
678923
940143
475518
203225
460678
700156
456407
546710
744186
695168
340633
930675
439094
596893
520823
179961
36767
266143
877152
58841
633237
155015
784781
23722
896027
682720
258505
337583
785497
485516
108758
978624
939863
98480
696053
400541
798635
152461
947250
542821
361833
287884
473496
800927
398981
508524
495092
435747
774666
372244
8792
922107
527259
307777
460033
937490
990496
232743
789277
290198
232463
898034
268822
172326
996513
964875
87071
309354
631540
548526
366379
993372
350614
839875
794299
749594
348399
289392
699545
637269
661635
708336
73581
703098
16113
533614
154793
520813
280561
944070
811010
513023
842104
594036
199553
352823
558911
800827
662176
190451
349353
28555
183824
699966
382634
492327
245237
781718
149105
396710
957558
371645
470291
174861
901961
518109
329654
422774
798669
273724
747988
825896
630032
342025
25449
497059
900935
826275
673439
605591
689833
216199
303619
389799
598832
795945
353564
358274
91869
16873
754983
563631
388518
739478
252696
290479
257587
582349
227458
56256
370277
975445
882151
310
317470
421804
11573
732610
762284
685012
852405
452117
901210
156024
356120
14247
466173
709683
886724
72246
726556
155913
635876
115074
888572
919756
152978
985125
661418
723437
355403
636864
605589
869916
468538
541597
881488
715352
303881
566500
567757
270202
981914
237985
626322
996161
704158
850209
397090
776403
576765
553002
926484
206043
448393
329261
640004
601370
314386
301422
324807
183993
452490
444600
53909
435233
500402
449602
150585
318487
530306
232547
588689
512221
470531
729215
22587
688893
579424
419676
979501
670394
972678
905985
876436
421071
749450
516440
536645
578040
332067
375656
762033
784556
820256
330146
219789
834862
779747
884578
153349
310054
631329
742037
336479
616064
985456
359065
304958
564881
778740
284459
235275
265623
704648
625915
686693
454098
656560
737542
988626
113199
308375
773182
447659
638521
507176
282521
932472
905958
435869
756730
537287
692111
93209
153351
677567
452273
972512
756652
745218
256971
991926
475823
132047
211739
444125
788606
949280
990467
777232
62479
298842
64619
510137
451567
85999
306862
898244
506161
742731
654974
43448
434842
262388
711003
112409
228865
683515
869061
974082
454691
375192
499128
930513
21443
225071
888843
810048
688555
879310
101485
265239
692356
680308
289580
658128
766306
596442
70577
272468
