695050
42781
490083
618485
802067
571014
686917
593051
743216
545380
741856
235900
615363
352471
573916
883727
967511
561023
218797
442697
79197
895411
327262
733189
41048
649914
846029
288686
772473
165286
961193
467524
722270
965480
600213
524337
536494
801334
631593
793914
346714
887653
544018
962077
240124
117935
845804
721840
678957
578805
164537
272358
474216
6003
5547
29468
655916
365780
318153
942594
531065
793550
410118
253336
759030
524535
291877
809729
325869
923469
603643
672583
325327
147662
148865
565451
265596
508873
801495
458757
87679
966031
245319
76099
486238
765069
105567
656359
130849
937923
598953
176119
731474
9071
943658
490504
47810
235535
814437
373678
673209
418081
46261
512740
79947
709329
78191
859746
218203
879685
832707
820085
359921
78026
896183
360364
357299
515954
16723
2352
453878
615675
178470
185352
138950
122128
190060
186759
871867
4498
560436
59281
936782
120902
572020
530933
344435
164416
390679
562637
558305
223386
382722
918226
815615
793110
278590
172914
309064
809516
175265
762941
425191
867939
462497
78345
504271
652557
265103
376138
171259
339743
949622
108041
974848
521643
638973
319284
686058
29652
396125
244363
767241
778847
676793
97061
86162
469587
784178
395225
279103
473647
672371
218498
341586
134868
296842
845857
301629
76149
736199
472887
930096
685822
580927
904944
207465
219900
738432
407727
763755
134558
166294
45201
427609
357292
142261
513770
826878
926438
423199
620186
914290
95570
838683
255876
744642
649730
615937
46271
725878
352137
519158
655974
552163
614289
75124
273832
348394
813555
681558
112149
948112
362056
671554
889925
719347
328019
403695
546226
768662
341099
680616
682952
950872
33504
938827
695514
683233
68970
741785
409112
935310
775147
579290
487473
389436
654413
761304
737829
982173
957066
364183
444490
319122
35737
334416
38470
877959
252315
98900
646621
593413
779515
329573
544286
813018
782605
239800
10457
851574
495789
933772
301089
785140
513062
788561
174577
681680
64070
426610
663853
21136
790792
108343
854461
340733
442758
407135
218693
209278
506034
865313
802690
799753
709091
346976
126977
491696
100981
137433
857474
110974
71205
158563
896114
584266
461328
70691
780150
525397
497300
444003
60737
802297
66551
429402
143030
23513
836537
875926
232790
342571
741240
35481
142325
450331
896660
269301
456231
997640
406733
313705
108615
992141
986471
518933
90612
447799
103828
870762
487400
115332
828969
548136
917628
895519
977537
574863
433237
328279
450789
666026
670850
706233
215711
327379
156564
112372
110884
126999
624216
31821
440703
247035
23962
941378
765967
114573
389177
869794
985334
876576
985126
814304
938916
416959
224028
430659
991821
657264
758937
956815
323291
943991
663048
53206
271370
819612
679781
896457
946610
303998
928277
901518
65237
952238
842896
345409
66812
746278
729407
566350
137059
228738
894858
75976
645697
118887
20839
151723
776150
293980
108538
613645
237972
771586
181056
23546
105403
860836
920003
566217
164834
848280
467735
744275
314724
824836
89684
895739
571114
819090
462089
708172
47829
871152
298352
207730
990038
833394
359452
280393
127375
467990
408243
879550
753780
589298
417300
859182
450134
851507
425399
129173
213993
407339
873447
528716
232175
963130
938659
317493
296425
914952
539869
858457
786104
352426
66187
776142
185820
425639
570740
827398
407833
978982
221153
161613
568280
152658
20795
532618
4165
960397
661790
218157
367736
49442
261077
114115
526776
713940
431607
823201
628893
485681
681658
414997
838106
747845
705344
23926
687688
276084
365529
95521
255066
586681
771337
337550
739338
306336
870167
257708
266733
46163
990068
634469
95604
765350
262788
622380
479290
694395
445581
108183
180076
641443
37385
18182
903492
742728
556311
591180
18812
921839
200905
788081
22726
972241
125631
276268
278577
510002
533975
59515
556164
38249
208188
651768
803598
470975
274148
282888
165370
233933
905275
859649
389580
942659
392035
293073
199592
462551
398457
218403
898594
113567
520688
921319
600012
160523
197588
392794
670524
245767
452308
740893
284015
660495
392661
601817
131470
181013
884705
811044
929149
304185
184898
318729
761048
91138
126006
960639
553688
38668
179042
966486
152234
213934
887806
752245
374456
599598
659243
559184
359569
111551
300077
157789
286250
692737
759605
931924
387954
158515
257173
317103
462699
956274
150037
223747
561616
276042
184386
629508
314709
877631
595995
466942
91565
483801
733392
466020
597603
906839
539409
471376
18391
839485
629164
818844
532223
388770
264973
434381
547284
522145
751484
9984
992624
901520
233730
554240
691766
932320
183749
6476
809951
779743
987621
415721
777748
235218
395945
889555
142058
935353
360931
674652
774839
990095
7701
821266
378865
272674
255647
926148
309023
7131
450336
815851
422855
198271
370092
628826
130591
68045
149506
454746
847787
137127
870466
139740
886549
780616
29295
542811
715969
390225
731667
490808
894524
739367
826278
273389
526245
81926
713742
835268
603260
164078
651119
26116
876552
535415
654941
7143
603459
804446
976093
965450
455777
360764
105190
856530
141380
134484
399341
857349
38914
645212
862361
933437
384580
688640
721031
910824
770565
948977
260297
373825
113055
911416
914144
989607
961035
83290
510954
564495
401940
487047
529945
371922
362016
149340
228452
503395
283823
141998
360744
836940
787209
737310
284583
685993
940154
519818
596818
224924
468795
857114
598748
96054
282735
27098
599865
757975
624591
625024
322470
26532
626275
366619
398453
988290
515958
626904
491686
313986
283106
366634
665130
70316
103944
949712
270513
44098
983734
867330
269021
452529
238650
381974
62788
35589
923275
662652
793563
547866
801880
630237
574397
428156
996856
487054
416446
27019
628163
908131
341004
911268
788970
6135
495788
892913
470051
766301
451216
453786
147836
234441
420519
900689
130619
997510
936278
568098
174368
244046
115965
976247
388488
204566
404403
385344
205825
820849
926566
833987
243185
267571
259460
32155
787909
269453
439273
772164
549958
404693
740154
697793
153338
160674
112688
283957
672388
48966
366259
846755
807215
996427
823003
195703
200994
227406
95251
921022
562459
21818
755009
805644
803592
528673
352003
105706
798125
791275
877869
348083
195968
618024
560081
349306
292902
672768
147467
965289
235938
513725
812045
557357
510153
149253
753060
225351
376658
362515
146373
453322
898536
415586
258966
702128
944258
610968
807833
256589
916448
199908
118876
112416
817931
678956
975925
110833
865928
637596
590326
616070
151322
916575
173428
175679
65828
926487
915233
956690
803206
575810
410012
701743
505600
183182
403871
964062
794149
725909
220651
710597
925816
853731
337218
743747
46892
313143
368784
912820
950739
473314
528890
616265
389890
702317
306148
455717
143009
735585
926611
946215
311395
850827
647958
816994
34009
566033
781056
828158
291942
515912
52960
731962
369643
904381
989913
416534
731729
358697
843558
