339173
725550
830119
288219
987937
541122
914831
731007
738842
298097
219294
707737
673289
718421
152455
208936
457696
41298
18985
146252
920607
120469
925694
127169
800776
215274
299501
81288
811715
370077
867959
665092
609831
698078
953310
111974
753405
868142
842980
492247
166239
62274
714188
353732
294900
866642
562668
752595
907940
95857
413051
342752
730529
338745
984124
45511
68224
283625
126798
879938
653701
508961
545031
263533
207039
12546
375506
960443
394892
218486
966894
561131
280759
681082
429067
89863
61930
505939
842458
969869
116000
769713
312621
846529
622663
810950
406244
690886
94575
533041
85029
262481
42002
630059
526013
763244
156810
415723
237893
551701
148413
718991
627036
943375
914278
570308
33239
976207
76247
389901
946076
706451
159614
772901
552980
296481
583851
959223
987366
192631
6469
72396
455111
562674
216659
981123
840122
887672
911050
78015
439374
59463
797006
580614
517042
225489
150922
550280
201696
741373
940180
661976
447824
613999
434877
804
424684
532933
474231
412051
725563
994903
998650
180674
557577
729513
676001
911903
617186
101256
989918
570764
160718
301129
151378
677759
526617
816504
742244
728312
557877
196629
390288
5701
324832
339369
520708
749516
386506
994938
675771
112069
989841
188626
806946
61623
918138
997151
973525
49529
98407
477648
134497
773328
778776
285875
965292
819597
616583
707536
547909
174460
418369
452401
180160
743201
305975
700867
492717
692480
210010
682692
318754
714055
871317
639904
775677
303660
637056
263407
353189
735462
255260
487685
508791
34036
287764
474083
367838
904346
695823
429951
593010
114192
882352
773169
857392
702531
988240
864313
909215
198250
547005
227969
912304
932526
382078
202186
236187
19134
979797
589375
754595
235057
591264
777590
783296
393233
765877
151134
811783
461700
581085
404794
90097
977641
692167
461693
680172
680408
326007
103592
878657
387216
331561
790962
319743
227843
507352
555929
246976
487149
659508
515775
722205
764976
293366
19707
672413
573447
170840
484197
35148
266129
403195
639448
243770
95362
101141
438146
775769
427147
541738
654427
328568
387503
959593
162515
615345
981149
232648
862320
468299
892155
378095
704708
171336
185665
724414
843749
273317
409459
842150
822668
675587
245345
462116
919357
340706
563256
357503
116476
504608
413445
285107
833175
800947
758904
509894
416292
740053
742541
792816
208352
148901
170912
427265
320236
870780
151679
678189
658301
75342
520339
480969
750929
765683
943084
184491
106390
506341
56198
737069
10949
469643
536380
358328
270590
295284
382426
686882
35337
124967
993902
757893
273867
679018
185158
108307
549799
851040
300701
208100
926382
821039
203274
191516
586723
146358
376006
207317
652698
946407
458590
177851
416050
994969
50383
686640
804457
432808
887726
839793
71979
881628
111891
860049
74852
297048
482561
624650
662293
783261
346954
102880
604300
550227
808599
705227
210790
698809
426748
377692
645216
885337
69748
61267
394511
120130
262111
198968
67143
664041
552966
653325
59874
664856
513375
134725
476109
995935
273579
652606
293401
134738
269690
897700
199169
78289
117133
409958
777097
543880
787650
422313
943422
857397
483579
337933
491731
259894
51106
73078
923934
118276
726403
498013
297336
753982
632737
773444
264122
906316
940254
557522
41054
209944
969426
240222
288232
86559
164385
65329
144644
952034
1847
88066
323636
999629
940202
815366
259524
505512
888444
697662
623787
129052
195675
921123
883033
828412
208772
661359
248933
663231
218881
804190
873174
702511
558616
675611
789070
723000
255144
447918
189239
256990
50188
512874
256620
504594
328241
30348
10107
730889
728009
148098
374145
437889
583425
771382
780505
792197
432741
29438
969632
165826
347832
842806
868336
906447
32622
657406
629448
287766
619528
818686
544755
669715
845765
315579
174310
688210
860130
698620
419099
102345
846717
307448
540233
430143
78830
320738
736544
25775
864379
706176
191600
212211
63187
59936
632862
95809
231547
776514
383574
851074
595201
442533
34995
955170
272317
209304
643380
132447
907923
576683
748995
268845
884130
803432
213192
477164
124170
463940
502938
502753
684320
694537
229168
261712
754472
862030
357520
986018
638544
255298
351298
747949
212035
386292
703119
998555
595595
346499
645207
17723
437386
394202
800771
321516
197635
13964
798679
836008
992107
301617
852966
676428
510358
82134
938139
264831
458368
809863
765053
611117
579365
116351
359066
305604
502642
576390
304160
612441
437093
949366
144368
874479
857772
945139
195995
569611
473307
508879
405620
979618
324700
258586
656046
835058
854923
108390
614093
313292
432457
379146
438613
11822
9702
797678
317426
26548
374068
135790
638989
325366
599360
297561
199845
457132
242700
910043
26744
230211
933126
946567
209830
257827
719357
380080
607089
574280
488470
735386
401776
435131
114532
840388
446953
638437
152272
278583
664985
40544
928576
818178
365909
527936
115739
565753
985067
358439
990001
526015
102854
923127
472582
312683
180954
191939
206968
302247
766219
695437
37633
682199
644772
666369
36793
91725
304806
189064
884511
483995
229607
813087
302173
109721
855227
417912
675473
840295
290555
179679
880514
393408
102807
353097
220296
797964
545035
427263
100212
825458
636904
652048
21863
281676
318417
58655
887605
137428
247718
286321
621422
991528
613613
923595
101249
468840
855711
290927
823339
660470
470605
703854
568082
87616
56951
788377
885580
116190
729844
499996
455853
880952
152044
477715
676833
984665
536369
78643
122093
298291
364963
257719
804023
492780
695518
419477
961620
551229
710403
299164
725903
695212
3018
293986
297033
574172
596567
182613
204567
840616
196813
660419
721568
863060
138134
912605
847725
188707
991247
484022
1202
870415
741741
805224
363195
951463
224701
839019
16898
449308
138184
742800
658725
655405
36786
955757
229578
633353
138370
434144
473969
849386
608767
709741
712446
746900
622347
74377
449811
127799
558398
451012
512418
814343
770440
389818
280012
509346
228837
296909
958653
881224
39709
617378
50835
590699
573135
280412
224052
225709
228760
212225
75095
837526
921965
301746
98631
58517
376122
62646
700520
448724
513657
212938
777272
798301
116960
57284
307647
345797
354192
741225
908104
397883
792059
498803
485223
586675
237059
225136
329639
449283
300231
681369
885453
116181
779999
458174
492302
842644
158694
455230
870505
885836
232502
183012
2796
803989
490658
862796
672385
785367
118227
94695
697455
910285
593497
182678
11166
830556
407813
340804
794043
222248
22174
679496
852632
316377
137671
859138
673226
810568
314369
543731
696404
61075
240947
213405
379269
731605
76201
51654
31177
194427
146348
728631
618917
254050
911308
630082
84606
833326
485090
392853
569778
21468
72350
422411
337845
724224
281549
11071
534792
110122
69006
745401
685401
309953
958805
64670
555762
549210
116323
586938
257842
776875
315570
390963
30925
741082
535249
629734
88613
20339
22587
172596
41807
609140
109211
893855
847568
904963
419130
382361
15086
488135
641966
700486
312292
114976
279360
868053
178390
395682
454992
950435
686761
284766
341398
717685
540052
876646
861623
628665
411190
884210
315465
967200
7555
424675
375260
855123
329638
794389
751688
858927
282524
907858
73618
594816
22834
352977
977073
201223
262864
946269
151659
949624
231035
7261
181515
285292
398112
43138
428161
809301
441552
743625
290706
449107
682504
665965
818434
12142
460354
570122
385274
257082
477980
458891
851897
15018
326073
828971
730444
588936
289445
882102
538560
520480
403568
234279
319976
801679
277417
748136
125185
718968
491761
415890
682279
174265
596059
500713
700610
56413
585039
85884
827698
63019
58980
679596
592240
385052
22772
322685
488192
312216
204787
540956
346900
122559
775235
666875
924237
52652
929215
49422
285824
420976
979515
968103
109445
575574
983020
324260
631986
568060
924347
459685
145283
983326
653485
737523
882582
190461
60208
370774
16881
779198
911730
877985
901757
201170
59065
340199
253821
988280
389621
53849
923460
369136
536156
32906
458915
519177
357165
90901
601441
795716
64790
746723
779043
232479
998450
661625
937143
572862
546604
468229
352061
972538
346214
768022
173708
405278
622425
941732
393558
526250
995580
831223
409591
531737
864128
868505
565118
735497
473610
166559
531213
52605
427486
824460
285083
940141
291
736431
513003
546894
204660
379268
33637
550873
661494
207344
470355
283920
149076
378118
810169
144656
209341
219760
190597
587673
602469
269919
323170
76080
436477
368587
128684
378168
707252
413766
318309
707542
150197
345516
768640
869060
724784
802276
419933
900482
523824
890288
184402
672899
782610
508776
331759
991950
242740
36561
579623
845209
306479
416997
921288
257161
299788
49972
149533
7040
977941
982045
228786
642343
327561
511630
511403
566549
828110
445541
981236
351934
850033
679842
539037
632643
188618
385001
138798
945562
421561
232625
790771
242244
649621
226264
13609
463613
790439
163141
470653
768380
145186
213643
924927
986951
725273
950535
67705
553383
910280
48941
419522
760313
728783
958558
907160
431605
857763
45958
377167
793528
278582
682142
35773
442407
908405
49381
906019
698844
726726
890876
981429
871911
104520
420561
373067
829792
371096
440772
897379
281376
489712
316901
555893
732699
789664
463053
164305
647427
23215
541471
440956
816000
223614
990932
772611
646223
554517
678631
345068
281243
569507
840701
667359
188231
261262
40426
18023
146563
995401
429607
942142
999318
260712
498036
732017
564580
475293
896321
726212
12713
951997
681372
342917
689815
672304
115529
336038
226821
794159
195310
508064
877870
550215
175423
66102
811477
730052
598328
472244
725454
27935
414386
724772
802851
426626
456789
367431
416124
867315
93643
943040
333517
775014
285957
23332
961522
401485
873573
188344
709848
68884
210612
587719
133303
900238
653820
944779
630290
252148
931227
869948
794287
859818
594720
597138
286444
565714
964568
216772
947233
572416
159812
280750
347430
445769
818285
308953
361458
691858
11501
71307
274946
222112
659025
408249
636554
827049
867232
781048
593401
798460
650997
387688
658278
759921
984825
458926
325635
463599
189903
787072
36015
349714
67822
897648
309687
886106
720805
671145
92170
732305
256656
367115
468621
429885
775363
105175
256934
156801
886223
850334
955260
51425
238023
127743
811345
737052
100873
651185
714855
290775
438257
265074
154694
20284
162723
464380
420594
397732
649729
512763
130038
906384
394083
598658
336269
683650
218038
107407
840450
618465
957741
309915
669889
709968
437657
995438
961224
52735
646623
190285
343509
599085
455358
498202
133573
132285
476787
554166
530017
640720
581134
660054
61310
975216
772916
397578
173071
505158
19190
13522
123623
976930
323436
793511
201103
275298
303155
676531
328032
463982
866815
671540
63067
322174
683947
710843
968662
674938
265010
498679
315658
360348
672937
376967
849768
960058
288750
22839
465216
307939
36360
588839
799073
874000
896554
514380
149298
199709
190911
477329
663691
571931
663073
240962
408309
861224
951805
376971
536162
731019
389855
366025
605571
62792
257196
455339
537054
545945
478177
2271
368088
28742
105314
681365
416946
1868
709949
566243
715781
900860
557776
893676
986995
735053
134638
395304
596278
600647
772274
646644
331666
162129
526873
937236
739125
784069
906779
276179
844218
899161
278449
726511
442107
383762
922080
859052
899834
632030
939499
615615
47095
497275
23496
34090
746532
158133
429393
857014
758780
201667
17864
604650
878000
544736
56092
617125
328805
962870
893303
687228
862031
685957
413739
818342
583923
335819
677394
483757
482053
616893
613576
529147
628372
637071
77441
374905
309409
506833
231919
582393
222705
249782
187043
614909
308723
757338
232034
151732
720209
639541
838959
96445
839702
766902
914787
423626
616926
106386
907382
98979
723279
35164
628126
351651
672234
219771
240760
495847
726604
986883
78240
463513
236665
265283
78422
59592
22621
824659
211324
257034
464200
50283
867683
303903
817185
296675
241733
434111
403060
663319
47294
126339
698482
189624
992194
884921
409395
232954
380768
650203
219837
459008
113716
970706
238495
706341
30298
775319
531000
755825
546558
509404
806108
414241
327511
137498
710915
569243
85813
113975
232563
647310
754518
445249
836934
260917
330170
246329
8075
225143
896531
742116
684150
524451
712822
436849
230792
257324
212168
761791
527354
758725
271195
847666
687170
598706
985163
398085
682153
585180
26265
914715
232490
294987
874169
583628
70108
204339
829956
78182
429481
240692
820297
627835
765142
47324
64684
995933
304648
791056
271929
346206
63986
543124
193872
751156
656034
693239
663445
852391
278419
203914
281312
25113
13105
155481
608741
83212
359819
952901
161394
303505
193594
981690
445544
472940
29015
24433
983078
847866
329693
255007
708276
393678
312335
902147
659038
482573
595386
836688
334965
388009
40602
616276
413121
567911
771756
536066
651122
645779
488968
326720
463488
196766
822615
909032
183910
365834
447669
166988
727904
777361
421995
436180
171039
248534
338327
830077
731107
933712
666765
66072
321721
221571
196552
249046
789481
482512
785112
954808
642495
788284
281528
105984
499254
104143
529220
683163
469976
976888
850151
197880
754249
786350
634059
439492
34884
486590
783773
765990
420302
964742
346266
256227
186314
57022
505273
489999
53738
804589
444807
696233
592873
240540
316421
92127
858886
359845
775289
328863
336733
139645
40947
605186
440199
189211
558882
475083
675800
342656
755277
610307
307398
615748
866533
7916
672769
886010
12120
726507
690599
971130
936944
283472
211670
253365
889802
70557
613209
179297
913623
464146
318941
468774
583536
759140
657984
656622
748427
847989
999277
17909
972500
820880
633656
353238
343000
820630
239249
869323
61342
929847
840454
998285
727524
566328
765854
617326
151089
893267
310827
64712
871617
629768
47691
969357
903112
219879
625979
651539
67868
139462
669447
554572
474546
817308
907810
817545
637938
661263
201074
213484
105315
41528
211769
832838
607855
491827
964369
758944
385094
275196
337860
770915
419168
385550
740272
322280
605429
366251
488023
187501
505712
671675
256278
494462
3188
164088
312008
155330
825350
513081
368813
930664
68813
94786
277708
190872
586612
756281
464020
485910
31477
801880
256825
964849
701634
511301
287129
821267
877551
289357
522973
897468
475236
779250
391930
478423
457542
218142
633752
797096
245427
516769
241965
828443
611554
519672
19316
712370
275953
483335
198280
821634
799419
969308
786483
15259
480609
587816
836525
872364
391377
873702
284037
866612
652952
675967
859239
624698
408313
7196
421794
167945
523964
663759
996387
649722
183431
15703
362092
973588
13243
74576
309427
326866
558088
95910
342124
552901
197930
692854
425266
589307
80761
223507
970123
247918
413678
829363
872615
821991
350763
294410
989935
874727
958168
500527
38654
655803
30435
400746
143596
43677
989525
453022
884746
547614
548931
226871
100515
261066
433929
39985
850372
514689
263492
334700
762606
677169
678267
635222
13365
29031
443836
517504
417962
402004
18032
456615
572011
48466
857360
715607
606346
846886
168629
491092
908704
231765
232167
9219
492830
666095
563408
857406
694989
826899
192106
971799
18273
870373
121226
31638
899403
565061
549141
317365
481269
81377
288184
53281
129842
145545
283092
736187
506635
451720
227280
929543
683484
459446
452966
690518
639746
16374
547924
848939
357477
740030
334943
375750
610403
456169
921591
24011
535434
984936
855579
530908
66314
143763
98393
710359
803511
381484
446547
824350
833203
188031
753893
30893
161681
206860
721410
315631
737437
269335
164570
94915
523569
499513
984868
648176
469886
906459
672186
519524
405600
41970
50432
471913
185732
148824
696477
503448
530307
143024
327798
877715
845258
595896
908607
6939
802755
630017
322570
540192
413556
487139
149311
937124
500856
134179
585300
970741
554842
771690
4471
474647
813659
54902
460764
513596
203726
157241
17044
248237
300264
344841
125952
145522
940736
34559
666665
257696
178781
989234
312093
592336
990577
975607
529461
5639
109787
628965
490584
178833
400656
495054
167684
214315
549956
628448
727910
267886
785688
744953
516122
600157
603999
156279
259883
58940
705041
926547
316636
883821
429986
142933
990362
420564
118540
519823
426202
742530
148788
916785
435568
549443
926044
603251
277963
476000
231699
5873
743885
17388
265031
774211
617544
869029
444694
391631
927968
149736
318179
758808
33557
748164
901740
23919
682932
20281
57946
623338
762810
720938
540124
198378
784585
980372
801629
62548
456372
547532
582625
714461
564919
847655
2877
696667
716684
447571
88299
158857
597306
920681
917665
145067
668845
333610
683190
865982
353890
741135
489320
630905
462073
543648
343487
760863
524020
659320
823410
980391
206853
406035
209057
285976
767894
211934
496848
998782
659504
99351
157640
771014
20032
589509
916080
203081
923118
599270
69063
791213
854610
72588
936322
830887
616235
279809
591750
140256
453334
929365
120647
174391
335400
843908
974570
617499
55842
471418
616281
229550
84973
773920
564
619208
877633
430848
336494
800752
544323
919760
106170
398933
992347
42492
744024
608583
836504
335775
748838
804042
265140
383689
978432
114744
227597
467208
732242
797642
452830
348524
27192
537803
636648
541959
157011
514282
487012
7709
829238
31335
927469
449612
944471
919816
6308
688495
528399
842811
24270
791441
161059
803613
175131
653695
432562
402727
120903
679008
200370
573733
27532
741765
111536
178385
283725
782750
206871
770736
790459
550313
316275
232133
999924
260746
151949
6232
949240
194553
363247
487715
985993
38510
805532
161124
692205
238094
78056
813107
917102
792629
386840
458838
534394
12580
151427
332323
309535
358297
617263
99994
422814
447742
332126
422738
708487
998278
943173
171933
192831
820625
173852
178825
859134
979383
854152
65544
731682
446412
878651
162989
239041
779695
621826
287640
306480
773253
134167
616014
645754
265635
230212
68569
713376
76542
5511
421864
74820
948684
108001
781855
283514
281852
960679
656852
775439
329036
722396
507121
289653
115252
670109
528693
409151
806140
330537
715630
579393
978908
331644
739351
244543
561855
322124
957918
152601
327635
893986
227421
790523
1987
9276
74037
283838
484159
245093
59278
327399
481693
80603
617051
596944
750712
659949
6096
556852
990485
235930
650449
969393
567574
904004
728140
643633
226129
686059
796234
553763
580045
537859
858490
582032
547134
446731
380074
545497
691823
953555
872895
173517
548363
489947
284665
299075
664100
290760
370131
654585
526690
534784
608468
438788
866323
766305
664916
552382
76744
732883
646632
614602
591373
742868
675940
552308
637146
735641
244132
104907
608537
931852
653269
612688
216517
952343
276788
21482
836678
445577
62376
371462
583760
185048
324454
964288
951352
503575
30875
542301
236458
191711
156903
342036
934578
347048
894343
571725
82689
652679
190836
205430
584531
844104
818117
315253
310652
609109
336734
147330
54687
913313
32996
152651
98361
357449
631143
563917
861023
662018
106218
611686
853728
777325
467926
302512
124373
876473
388441
207061
529153
579276
926695
627888
423380
744812
943140
734031
868126
794078
395565
922812
221596
428560
589667
319956
300213
220811
398078
675441
397033
504295
801331
764965
281620
269257
67477
405992
659934
455917
127258
189087
35193
53953
331180
458572
312969
788524
706807
181095
96808
102372
618111
318403
45136
721983
152564
345349
456998
550641
534994
854030
54936
336325
618995
336556
605581
200677
256752
265515
656593
898213
968806
691786
466370
814190
664562
779339
602714
885574
474638
699521
987945
92750
17925
33082
328937
170488
892634
785934
721128
427628
154169
290268
763952
773163
141028
883737
973839
397780
663456
144638
810197
146467
350628
276568
960656
15190
55907
563371
414968
530544
777096
402914
309225
950199
466434
479712
357038
766572
715044
784665
920740
519517
62822
208109
660544
460763
696152
58324
124219
840789
868521
784890
191417
145089
745546
720811
715199
823121
135779
759947
114423
52897
897445
423647
3096
878083
417564
360133
158861
646812
659002
79601
166329
721823
287709
826873
696790
983861
399401
821009
338855
267922
120104
530272
927214
379854
765287
156618
717180
901065
916565
831602
468167
328215
255249
985466
720502
187017
859804
879362
833829
518806
958963
158
754834
760876
827030
451624
258942
226432
786837
597797
8558
906940
642273
449977
286795
407560
606594
518179
822829
37364
349781
290996
365578
119234
276463
86081
306251
136267
479647
140080
169277
952814
654441
924110
713691
481472
889939
486837
222108
676776
84634
230665
97922
726906
194846
898920
648670
801440
417099
471500
353008
766879
276700
718586
400317
553162
318871
706567
203633
312722
360851
372910
265537
15293
811224
979227
10969
701163
980268
233076
377940
64903
977944
475861
306013
172791
888985
954683
488435
306084
940387
841442
587167
217087
74233
987483
770249
907307
694051
488086
220030
860995
485566
584398
672220
978997
595366
373383
959265
828441
265527
538372
320591
255592
844385
7586
144577
313273
496020
450660
253660
851666
37827
470746
440104
25311
755199
347411
233566
243286
567440
802671
618485
53006
387070
804909
546207
982435
178293
505473
325082
958023
43845
645672
213616
402434
653257
358192
715706
663481
323057
483570
29352
875087
468521
469455
414602
223720
816866
648167
981209
384306
450839
113900
951516
837908
918808
497723
334548
611305
517400
659629
569329
75450
819505
782944
477883
986966
655340
707794
164652
978396
191364
194004
367689
659884
663458
782290
397809
480324
430458
379018
378835
395501
7122
844555
747613
925930
856482
82161
537235
373883
255995
106564
449332
589704
403712
441419
576671
573257
149213
741322
551653
340577
449530
433546
461
112989
215837
398269
107517
160499
291492
556
555999
812817
845110
303612
738747
701593
899976
790187
75476
155971
896750
39012
259880
814667
994634
836550
387924
143848
92077
453781
998628
541607
887327
513293
168800
617368
425767
276316
777866
717258
276872
333865
44280
121982
151681
783027
337779
51657
573214
927458
721832
984168
480674
981711
313040
475309
332466
700963
619156
424542
668949
131989
480353
556276
645281
649152
173644
71048
439673
951509
302510
716544
799578
346790
352730
951258
129817
204714
517119
217235
132172
238951
612846
734866
28648
88155
67332
243815
221515
6079
912763
353503
486431
983243
998783
649788
671091
69832
603665
136805
372341
320209
936382
233335
187143
401845
877355
391856
918964
94590
38233
157915
324402
651078
892781
353049
253437
474317
111068
474951
480395
23832
828453
481031
521279
341441
130819
192371
411272
734483
329175
297818
568896
779762
531152
270243
181607
408508
176304
100571
17302
214536
772690
341703
379818
665471
208956
633254
139788
320024
108205
134388
858059
450862
615418
379338
792302
260441
85913
717779
509128
929292
529801
78024
709054
575157
862470
890660
497869
552978
505436
515171
767513
278126
371078
661535
457801
580034
294789
597588
414262
917197
246180
786525
368059
861597
165863
674566
122038
765980
906549
631165
695272
436350
223393
404326
11507
85864
809190
509376
153046
314626
538751
920559
592751
909828
96299
50552
4067
391088
162345
932532
822489
408524
719057
704753
784326
399125
379319
906363
165105
800072
51734
374581
236422
275126
778906
762132
875193
102301
785712
28240
416927
324463
463003
523882
748496
559301
88639
266767
464593
765187
199300
287083
687915
918356
991835
472241
831685
885358
378605
996789
685430
430338
371370
436056
219668
664480
198188
94862
766781
983900
123101
697912
822567
100308
221794
85268
659608
824636
352035
124202
589823
551334
925488
277739
983894
917323
749979
815580
316886
642788
326574
2316
587330
212149
952575
321203
876628
150763
416064
157614
648867
53369
855525
985639
153676
591524
70907
813283
416160
937145
451689
5984
2684
377177
797926
986578
808704
62110
316363
125590
219103
642936
642109
806432
855084
594684
127635
245918
259652
57903
403531
422723
111271
773261
408362
779150
364785
993473
592434
780944
444823
558327
301132
447507
449709
613262
948289
258413
675372
264652
898207
894474
421792
54521
215111
276877
163410
856950
36999
423061
914852
954733
359988
540328
727994
282555
319478
92779
790232
426116
387928
235055
984443
203264
682561
434152
816526
630850
206769
6103
409706
619180
900576
831498
673701
629891
622579
837110
1046
659577
774375
915898
614310
134363
970430
342305
416917
804112
949287
207149
230229
851419
956408
728876
54684
638969
677232
385414
784024
398205
391516
193730
17386
806296
25228
691086
436187
647806
528196
437233
307383
816775
867335
435898
951137
351970
778202
882259
156082
241694
603612
900514
93114
560020
143595
147797
713194
335031
533210
11423
733236
438930
205152
264826
245226
744584
955911
195617
906594
998311
147054
728182
815086
528593
164080
280428
880562
456486
676891
550849
698179
794708
965567
791292
868932
623367
453293
96331
958397
986502
107753
205838
939636
827109
470663
184862
571693
940778
380479
478287
939089
41737
206469
268380
570330
370548
63013
965096
827033
739903
30150
39418
48816
995717
830709
917748
619084
284003
14079
91686
784709
121832
811728
724346
948940
282391
423412
34838
223170
318095
513124
676463
359832
233798
459048
930161
118550
522060
895257
459788
776167
925407
499205
824983
435329
329914
256936
568617
128121
271014
174507
427035
907049
986234
151381
370194
782830
574792
405031
520204
892887
432360
710871
252719
180362
169919
697084
298911
206183
106546
758698
496555
546157
257903
321538
495690
102022
92678
64307
744346
363691
238814
171381
784945
739252
322761
155139
36287
411758
74375
556490
818849
20939
267362
585772
201300
951484
282856
500210
157668
903605
773113
654222
449763
31016
489964
945452
647241
582641
391588
460536
276982
562968
245481
530438
399934
914824
566725
811691
503403
123215
144745
524341
904780
730516
239845
856265
527576
740054
13933
431181
513167
668154
395148
58388
672322
854805
705628
254963
892973
611420
229703
169955
688593
475184
700392
88527
904212
267117
414422
921819
904536
559166
446160
809316
803886
200209
665581
331462
940262
679513
276847
967634
861871
186200
540226
534193
555209
760058
303360
448182
371479
533063
618136
60072
522451
832732
662802
940867
614054
77224
862686
518590
150594
823050
327906
468684
23259
507692
800145
477725
701409
591196
959563
563281
291600
499789
611678
846808
259848
429243
294990
145531
476510
427330
205602
998960
260063
382608
939827
874116
459831
316718
906910
124629
139768
749020
593312
677230
256712
907661
154955
958121
13062
628723
35607
304662
128512
161489
151470
388359
590731
960664
533889
67241
387994
253695
580405
162261
636302
34437
550581
610337
351154
457491
734965
5126
720716
842481
196560
977427
750142
865719
449753
763204
494442
485359
582070
622953
161053
247744
525517
265988
208408
573610
333229
110607
827305
427838
272867
977811
462275
337653
102354
327633
795143
837318
846963
30064
194005
557727
7492
944146
423446
457244
221555
432092
456808
317829
569250
617860
565573
94767
883847
288185
182581
731280
398791
524090
673323
185863
501902
649802
523515
604255
977434
832862
955777
338602
862926
149782
410534
870417
608133
348184
841865
343892
780276
812877
661721
349526
430737
741498
958496
828789
29683
141077
560069
428474
665167
233392
128541
681273
883193
652055
799732
374833
484917
755509
227639
862047
419496
638172
246669
541833
500561
88535
885724
280837
415616
61650
144567
846353
803147
617267
189347
832830
272548
749415
775508
451919
497012
904048
647396
894409
70308
447128
783446
69429
716842
525290
931476
136338
677666
178145
678170
178227
780883
78099
973267
196500
139749
632038
557057
457100
763509
746403
804134
36058
10023
93847
2181
21239
997894
649577
429853
68202
96705
727503
651835
813546
252793
583311
464088
444664
275660
142258
137095
56544
734561
110363
767247
388514
256605
324304
845613
20115
584911
163953
570376
594933
257799
572556
616172
769898
222133
560229
352304
833042
287732
4139
646588
54730
587449
110677
499393
863109
767138
636487
433857
501699
261054
201104
404417
31864
39612
250031
51978
624522
413983
136558
219455
185986
709113
349831
955883
445451
910059
308188
278493
197792
312326
439285
252521
899775
64166
266118
277089
345509
416809
710945
361412
677863
426253
765829
709726
465864
530064
275908
90386
944046
412465
309840
130032
635782
173876
85916
81233
83935
908307
873929
795930
220633
313215
562655
120408
891584
828772
911700
237093
245582
622645
112710
437649
48898
878538
661579
514761
408602
937486
119351
866852
864155
943395
511088
499937
117271
111208
95375
715409
19515
969303
511340
240148
796722
73995
874759
688307
416972
786460
439604
662553
923309
552313
100202
486412
945055
275985
515377
353657
213471
634728
734713
591830
92328
760006
605971
209598
871213
701345
925006
404933
670649
950550
159285
981575
538750
34044
184087
955721
334708
623691
618274
772222
690208
232680
772838
635264
508664
288215
503125
236339
437147
752043
342373
529474
512049
948343
739071
383262
649689
178283
788194
834542
128833
947478
816117
181787
495727
514409
137508
344639
138100
269986
631065
342512
16870
403903
491980
525533
692118
995105
276076
643469
261353
618448
172944
773401
566792
426219
670867
730685
118706
973266
565227
761743
434949
895548
943529
930675
409957
81038
789519
62261
351023
420584
918977
367893
824487
410957
407630
30810
920266
197911
674278
181619
816358
361426
955019
897354
301850
140092
628039
420555
113358
707470
182298
548306
117224
640032
993186
41385
721069
782705
617850
586296
717493
536827
468393
541980
461988
390228
86994
382255
588138
275477
78078
918700
636902
547302
330260
938751
687393
472503
873511
800750
694178
570013
863260
811401
210045
856446
366990
445318
153356
984839
545819
870849
35871
528416
927033
497859
918643
528232
394318
20986
803708
986599
453891
440610
533901
784150
893566
735498
770857
281282
50453
465035
851294
913713
790640
61340
284364
157631
20862
437720
656674
566680
822773
692545
95097
264011
704608
527944
792242
98926
548930
595950
85525
517025
550765
133631
815379
958535
869128
586236
239817
433786
51272
91111
861703
356116
666654
146067
513746
687516
97991
170421
768400
434968
377170
863496
698979
81778
905645
491221
180703
454575
601376
780431
971599
666345
914061
786978
624880
297395
887418
864696
731180
452894
470011
592883
809010
650870
253154
322756
852590
865349
7381
620990
300317
384550
484487
999295
466327
390132
4722
161234
358911
606097
941665
844714
272442
369931
145897
411526
181530
33315
790426
426914
414
774641
534001
809423
425511
787155
646383
278101
652504
653764
899091
952820
552518
897782
466321
18846
802118
471042
180079
675233
591343
635948
34152
377989
5880
180048
789514
701613
727566
579940
128528
727979
354581
662528
537402
780092
449683
183786
572397
616391
351754
471488
83417
904271
883474
549737
437321
685592
20779
131605
875029
126326
767552
909180
504314
287636
89228
293828
989249
330999
387972
117777
58978
742552
780304
110585
36849
744192
808574
609246
360583
160328
594938
443999
578803
478413
507940
16125
678209
528718
147729
553239
169248
429485
462419
673561
717121
551647
967388
220575
396850
355360
338351
970031
612117
632859
80616
648965
377051
403394
772415
251839
77926
367354
695837
656729
845766
203778
672853
38180
246700
334786
591418
415948
764270
53838
603713
995595
119689
85307
216170
516538
954870
554520
486569
566987
701584
81390
730157
78635
484783
502572
330473
562709
384130
540515
219438
744100
258497
406495
782280
19401
255485
373698
949552
19755
941739
553266
529555
61428
638572
745724
107647
814449
92944
674634
516033
174333
918995
108872
659115
935771
953549
736028
319902
494064
469670
578206
266765
390369
360486
286165
645853
248389
235718
179813
190128
303188
709367
251556
455964
455091
343725
563610
783744
436668
752448
299777
125205
185648
408649
298525
121420
876402
34553
955525
884670
18428
533731
151435
408796
408422
951803
568854
656810
701725
748666
846937
4913
972237
98493
460876
941532
956422
538691
725277
907294
805343
25054
546704
990991
947906
845228
112411
824308
393985
582140
708978
412412
115871
374617
821208
524292
326421
390062
181102
28146
652932
28040
547263
625169
640736
522343
566701
111363
61034
806182
532862
866377
345441
79566
857368
293347
438998
483983
631860
832982
66123
855042
245395
696197
743864
580807
734694
70285
485073
915795
612634
652209
458039
159897
277378
612980
682240
358283
238547
257478
164466
771408
638059
509906
365178
9632
317457
804175
493614
463521
637158
73941
832768
396757
770138
576632
977563
504832
161121
976840
934831
773754
629049
907075
447856
906426
520055
644300
778913
272806
901777
457583
44215
54042
967488
409392
63673
799150
213568
557287
262671
364930
145432
609643
761686
429774
186275
739249
448810
347395
230294
897846
635354
859342
804921
597414
279973
839180
241714
58886
111986
657695
516469
156200
711736
998161
79797
775409
797311
807568
846900
574187
172498
992331
183830
934183
936310
884309
187637
385120
745908
417930
282966
381262
277272
602091
978675
557244
441271
734593
130334
553257
392289
646802
223661
104025
159169
817661
879433
470684
625229
240538
44871
311931
232870
742905
246114
683384
627214
433750
68504
887326
365884
865674
268589
643155
467765
761468
714603
909036
496062
359142
976497
888350
520148
714362
506579
679316
532024
900217
150001
671457
140755
709075
983388
887828
966184
743706
571212
107603
177457
639716
994929
57545
19595
777722
214905
487359
539190
443712
910599
549456
802853
887096
952010
323002
115664
2318
161892
358807
666522
833348
499561
375598
816736
901594
855986
560443
472806
963589
252104
626726
472723
823852
646320
250445
38757
647884
789634
482469
558483
853295
285322
959784
805305
122528
75448
263895
124846
751543
136906
791367
584891
150672
681169
915832
52266
51361
990479
39276
14950
756787
666002
487672
580639
826526
252321
133601
474410
556159
130274
547098
409454
929799
506882
214760
52328
96534
992858
177173
848076
129765
482744
947171
794640
678118
377208
846905
729478
367687
886180
258632
638678
66387
260508
733522
892913
512828
867122
881527
68987
511600
428625
992645
441399
449711
207405
493726
546244
714467
185103
908524
358436
667847
369901
153076
860169
747108
999980
103852
114796
400366
362483
267678
466752
137195
1200
873869
164227
382526
755397
747417
894125
698226
740062
335525
147938
461671
829250
208386
176139
14354
631115
534574
196405
1016
201855
570778
748123
716039
674629
377123
116405
551316
644801
97362
688510
160205
485435
852736
542731
755036
600153
436856
453263
854420
772380
601200
316091
115836
323790
6434
644393
954904
55213
840797
955919
257067
411575
218248
487310
600408
109575
603715
151724
754375
215281
840233
914580
214920
207174
971515
969956
321531
408371
423219
175951
180752
538623
6247
296587
862412
526884
940979
331522
582096
295981
801645
353367
221760
19893
840677
822167
129468
958596
973890
398047
688081
328328
826831
903000
535501
798346
872956
857031
206718
296175
32983
901673
349002
553433
712464
725619
80317
167648
57141
662413
977832
858785
529984
199592
878678
884865
535963
522350
843461
509853
434601
45747
838180
261433
948747
887885
573983
821703
744916
294905
632083
292103
710782
495289
845535
937450
220908
925852
105098
278048
102470
82930
136834
632453
796725
529716
517319
332688
566270
874984
356745
871
920731
194925
776507
383683
597014
864695
719590
341931
673804
865877
634033
384587
361167
993773
322037
582074
919625
427135
374327
22095
24269
25365
654547
820994
69285
686070
667886
635554
75260
24632
150629
995990
733760
441341
893877
330775
306036
613467
186910
979839
479345
820942
878630
354716
328920
200668
450994
248545
142007
825320
270639
680479
364889
439391
15678
434173
639665
683564
583931
714924
708195
734560
225119
956159
175901
118996
286934
996140
246668
473843
490184
726012
808990
368815
594932
137910
569482
45926
900659
225693
385451
685502
906171
750339
639097
436054
184513
278763
119618
768443
507891
342017
17208
247215
298176
707312
880414
585110
703452
127082
573157
193637
367298
896351
76656
962229
548466
160342
522360
449125
386034
134627
806409
658149
773724
242463
356866
566691
876284
639514
74582
218301
656721
836000
30682
364034
716415
129996
581690
357701
703152
289531
239204
113709
366186
715637
662174
40732
237997
111299
940969
145807
245925
747379
318161
533853
504046
675026
100544
894535
314540
689330
627040
971261
525330
657721
849499
755949
787716
945393
627855
5074
749129
867058
118782
115315
582695
780955
670251
820692
406458
611220
480703
166587
358599
798863
700440
376850
473890
315188
785589
788429
518722
412629
273895
558257
70351
637598
314206
372271
97197
942060
891548
846325
809118
524534
475844
906018
819693
146095
726710
226151
757315
207413
392738
115914
520481
607382
6968
994370
922569
792556
297004
441292
205186
85104
513753
789740
236906
827958
676215
334102
284224
567764
180427
607546
92298
656271
513564
911991
802365
754478
138142
559680
476096
45084
189799
996576
166670
710970
505151
89240
17732
316359
44736
737121
915666
558488
526861
152573
900650
717280
879
699078
285044
181306
306625
891546
351781
334393
803537
668350
88872
455883
228031
79172
15172
932033
589952
181841
157208
95103
785284
174939
925665
344224
912059
841332
416916
953124
508109
317567
670405
508987
530849
955448
204497
837473
846994
556277
686071
164736
224628
289147
620619
966862
368318
149995
413100
958269
331835
570307
53372
117120
745246
493241
461343
171510
334573
878259
124635
842681
710030
795039
351669
240879
264692
70370
592557
625891
626647
278628
790626
365479
567774
925449
846545
936091
75444
259645
408565
407279
829951
976140
38603
89402
469381
499945
260912
803954
892408
385546
160840
602438
694789
26713
357522
959480
97083
464283
99576
723729
742910
890202
603412
824888
329856
449957
275184
405300
709601
683748
326783
53757
659888
365385
657363
643473
865329
918274
447427
271943
818024
122472
388585
27018
149184
746106
500702
246266
210389
600278
484199
467503
490480
601815
292391
820335
51772
81779
739839
275577
765526
66622
329334
939618
432006
500901
583092
811540
419175
544723
597687
751403
667194
986271
292625
816378
246583
793326
576848
456971
393604
575252
438679
398288
177067
731069
732828
743043
327053
472667
18620
92579
53494
862157
546402
999703
363058
129494
325448
296437
674216
923134
562044
855615
909406
854668
186198
155989
647995
763045
127164
555803
852501
565842
954091
29569
811116
686919
286816
138169
673790
305435
744951
727283
681797
291353
241192
44855
935050
566639
855496
123472
489774
417540
979086
913384
272209
165284
583577
434408
710740
990210
295035
790787
944301
838807
116108
145425
639827
768480
819215
945261
27636
60703
627058
318989
301894
186118
768243
868533
41614
891714
872511
459153
385005
785895
245566
550288
369472
679973
507026
594416
184389
316265
899407
642894
669276
529719
788319
309103
298199
121739
768568
325835
182441
395627
159028
998539
95949
927270
867072
137562
333190
253788
110919
718194
39683
870689
268483
923358
64867
289713
31979
249255
605977
445591
892149
275253
975309
680468
98560
273509
316411
867127
113548
498851
776958
272575
11595
872906
878666
524672
47239
646658
635591
765433
200545
506280
548120
123903
571146
837832
670086
334606
443809
115677
226755
233266
90986
421427
331825
878698
737837
713156
992245
750892
490115
264820
762487
363021
978869
155358
887693
540312
802016
37489
305745
2561
57973
853864
640668
629118
691696
824958
477928
649709
454839
704682
397179
545824
640313
243208
938727
892354
956364
930972
157452
446479
709997
434143
323704
203071
103705
725601
743382
419925
277294
563332
936690
335266
417196
91563
478589
108893
916520
956516
371359
175404
669985
431387
815716
913192
370114
222276
869556
815291
893931
830239
39493
328074
668148
756767
945982
907953
365908
185248
577685
302598
520513
994881
394160
999101
617978
310680
955618
890783
196243
645226
560768
627629
975146
988165
511948
197422
371926
841443
605557
716370
880935
933630
898722
151907
879613
806675
166260
759725
506127
743945
62323
26641
253031
970686
539946
871008
795570
9769
991812
654994
836764
133646
630141
339134
645593
341767
711059
487036
947324
427429
882175
395159
840355
34082
274772
647031
714546
548701
153158
458491
611023
694002
711521
581709
748153
96734
377279
757921
372729
883295
927120
209493
16942
557261
62831
176739
413232
773890
177980
360556
715523
574359
269920
555879
122646
58896
717114
837191
607597
384476
295682
218620
78479
521407
314534
826631
618140
206017
98757
990868
89313
25877
714566
620458
97342
777396
311401
24779
65491
3585
385334
781014
577944
169458
851097
700589
228354
82416
537780
835950
466891
347666
568774
59574
869072
883307
400409
1417
603529
499166
992284
692841
39247
221055
827503
650793
512656
653108
675571
578146
656693
575109
873364
234637
744567
724461
935225
972920
321081
987209
808870
787972
334875
377644
847545
718151
775156
762159
233772
378685
261325
740260
585730
814775
961315
927437
465568
473971
580545
141139
52117
237238
230453
439686
471874
975019
164147
921303
947939
999432
422717
787404
271796
162862
149154
989946
452222
911312
223718
830906
686841
963978
930840
501617
439498
858277
481389
913468
953027
136733
479789
190265
367185
919474
176344
342204
597826
97647
804347
597258
34569
75361
898866
306364
752426
48020
810515
204649
473537
548437
549759
160378
512415
480600
176199
466117
853081
171793
893789
308525
373579
510578
675709
807257
686921
17913
919287
298772
336464
516545
333340
411824
929615
639704
678454
491840
450219
883102
965376
998655
432862
639958
25276
427666
330362
5597
794951
502154
899386
601060
810678
787169
625842
592
594426
312763
18504
27919
611534
869171
58668
459079
795199
988283
98783
473653
480123
63206
356756
959703
576065
303822
113866
115545
245692
444227
121142
40643
946380
20528
155907
271263
807696
781748
271854
916326
94511
804561
944244
220250
673732
2913
679328
468931
505400
292315
942584
499727
869724
813544
459430
445789
631570
87500
561334
877261
531727
682475
917903
992311
217207
73811
777779
539107
369763
49633
969637
464274
368399
428087
198728
556335
945203
878055
25267
450603
684574
482055
950329
554298
809803
923963
87
441373
11463
75625
57394
272304
750741
563910
489510
338756
341689
542821
222724
905525
512459
686997
273924
940545
399929
830259
399953
792188
369730
850555
476762
365989
315089
31060
175792
239052
545350
131369
764718
620975
964206
822112
893278
229152
386022
896993
82113
241915
954018
304836
147440
466477
506037
421364
921226
905965
765827
321179
698153
135557
685938
174915
501545
1027
720178
191541
754282
265528
322909
519001
400707
287115
855317
808190
516266
755543
705183
112583
997457
659201
417418
144897
639883
923454
80465
75314
829419
846291
910697
41777
981847
110840
730895
997596
111867
451073
189137
866148
230806
512045
899353
631512
313364
268875
439702
343835
24418
659089
456417
536079
832495
873835
680976
986582
311494
275645
576100
655118
121937
486797
696894
617988
111842
427790
615585
223708
393067
318926
604060
623872
345176
17619
769589
658539
286493
209291
516578
310911
382585
487200
846989
215080
875239
42170
715866
186733
317815
291966
841850
953955
292968
538745
571943
404809
480739
701732
628516
873805
534863
746780
497678
880038
764398
781471
52782
565096
990761
569360
390211
887550
751404
616834
446003
793574
332700
632735
625593
624666
474586
579548
431838
527535
665695
836646
8274
881632
979366
396283
416495
726146
408165
296533
4750
189636
349314
84050
694602
432878
474260
582152
517846
225664
198987
963848
533442
531686
596584
159035
670556
585374
252787
102394
627113
918482
939039
149591
800114
432610
545873
216609
672961
954038
27346
191915
143674
890863
275964
352480
837946
750223
934632
355792
975886
647823
319641
509329
179509
430429
182568
364270
530007
435355
980867
157120
868041
919907
306710
668155
866721
366787
398968
539682
835029
426313
731596
978703
317176
7560
845387
155122
757782
780019
510914
247874
427842
344759
271407
121556
775187
453974
30
305194
889328
980896
976517
757369
415008
797431
939728
281730
678422
852900
335616
513452
279213
67213
6360
110594
74772
851746
779919
346759
631766
805037
108837
573812
149796
380243
209572
439187
348421
723805
258585
751954
704702
235102
509323
119710
546737
963256
915643
225160
816156
251260
738611
609574
318472
744970
234372
907447
596716
14291
768410
742686
819328
391451
830703
483328
771693
554479
922515
634319
278285
695304
386273
982986
444611
409800
616900
991347
373056
532544
730711
703417
298008
983526
312991
130684
728496
547362
552335
839417
75857
834950
96308
409389
226401
927010
892717
512299
481490
329437
146618
759774
24741
532890
256965
469351
942689
873864
974903
829950
920612
705614
533367
732824
689141
360562
863507
931841
422128
930047
771258
497984
764997
381771
907373
991397
822985
314295
17901
304475
643731
164518
578453
668471
211612
349622
652027
154302
223487
626930
984251
658303
332544
31823
391128
535889
392384
768839
467731
328716
698886
753193
826699
463883
134964
248277
969485
957949
562571
987385
776628
206302
666108
869286
388978
877719
218908
41005
546225
956598
667934
44681
614902
514682
76503
520234
50572
983090
289073
518302
311806
987959
785699
652710
966046
920663
900986
935531
392817
977762
437122
169445
698268
103230
552935
87246
980948
771843
642454
527174
728441
310388
86059
857547
339275
162562
377781
389846
659856
181059
422352
485867
169018
722255
652781
649268
157123
67972
584800
549939
45734
21922
233589
744002
639355
786523
345452
620303
72571
987906
661681
801012
812498
261945
172764
151773
424506
550545
55823
598566
731603
992378
598637
414825
228839
251418
64093
385961
319390
648892
935900
365123
185018
683693
623329
824372
984420
968781
958880
56992
470892
134766
372208
283390
396710
544971
949367
335420
609720
519394
448191
341323
25978
46828
270352
254816
298246
334445
640776
617635
497541
90881
496962
196764
288778
120292
21136
273199
603277
494220
844394
74169
628986
216602
357558
539900
275777
821129
389525
885497
340524
837715
741024
366501
884542
11377
621316
182788
345821
776296
314627
357566
867177
811589
554329
155955
446085
89670
943357
49362
583889
787751
123530
727079
518557
995291
781184
794334
816421
170709
194036
156945
8424
449264
523445
892965
460640
658965
589958
320665
435261
904584
678231
816642
230378
232560
972597
676462
322229
430159
240028
420323
217911
363557
147402
250672
358849
928585
559210
689474
613498
753245
846418
621921
202510
884067
514887
177354
57237
619049
498019
492497
523633
690454
823344
268216
923013
795941
944677
759447
740304
184706
179770
958214
62467
841375
723091
935519
284166
282301
624993
897663
549751
985615
519585
752260
869682
548676
443818
441123
167725
941836
447825
205562
146495
271169
473777
69509
581314
932659
343160
321618
117365
522929
794037
694035
878508
517128
629555
676878
799428
254548
574542
349179
240164
608331
615643
624050
671211
59462
579378
353140
515502
27203
72906
661997
298371
546683
245710
879684
993546
588869
715506
625115
626002
509543
319150
18715
26671
948704
695593
826099
717457
784339
175278
471825
906874
305126
610079
578085
364587
189457
445429
394293
518334
570494
29234
579221
816203
423122
572767
919276
138629
197882
545278
648171
31237
78198
674842
494145
773790
15146
211602
558129
190423
683426
465003
9753
807710
557292
374339
997166
2721
282837
728030
35259
853330
757263
614480
669534
694590
701451
588810
833218
413538
648293
995593
444774
726490
184640
453123
14485
199785
664725
572613
904412
862355
551820
914164
670065
623316
802708
667232
140241
85545
395262
175499
938874
666729
304183
122613
361319
519839
711423
708741
447581
873920
218540
600410
403179
859681
614894
117169
524406
701711
535785
386762
767735
449949
571031
391051
766861
238263
531291
852405
220994
791280
328663
525177
913892
204186
559220
139520
427132
6801
527644
645671
413359
128054
563054
273040
257152
680222
797446
473067
216007
698412
240802
180161
269443
146057
947021
21911
191552
313632
683843
412546
104912
526710
451927
533008
245101
11147
672232
532151
714376
832107
945509
356635
395161
218549
127991
589588
530199
601058
319799
742815
356064
14164
526463
16326
961185
62578
207877
274817
746420
620422
893932
787335
72349
941144
32436
597699
642081
704667
129850
356458
50979
589563
227297
446139
322317
355287
549931
852515
470549
383935
109536
340818
398098
635998
357143
873487
698575
565019
148304
959199
185442
556440
746534
771994
11790
293174
883898
653870
997840
13748
524532
563023
117516
751828
9163
439832
107116
73298
806551
91869
457232
916086
432686
369535
66289
789828
243022
279068
354848
905530
752472
54494
461970
13211
826487
473759
306385
710385
641834
818429
238338
166366
381453
355853
918194
904819
309889
539514
492321
116440
145587
463758
546731
578273
833292
127224
368101
76314
920496
237153
981843
672968
291646
958018
686178
118134
945981
506767
342723
587815
839401
581060
754181
220854
451117
186580
639877
761005
240298
132198
391650
385884
595955
452585
478361
429247
579808
360667
19766
500304
597819
1609
687476
889465
959626
373655
521803
905608
394626
864525
7628
234027
959790
276013
969084
925111
462592
608961
200322
217094
255364
591971
117183
851318
558760
595543
794770
138568
956209
814535
153077
554029
330348
840552
957698
804179
728411
993705
223992
637242
372435
231619
871268
332225
507632
840353
771541
484428
449314
971862
701522
704677
78038
818704
70201
636797
414247
379175
289569
884661
193710
956849
952894
38262
797402
910592
842440
40018
418502
66432
677259
790936
812255
62733
637366
319887
903085
408907
318519
866603
894973
20041
85486
973010
352949
669890
124012
281401
49065
413580
166062
756978
884634
633160
795239
196241
543752
637680
236258
476458
218316
427722
267394
544775
490454
904759
864661
393539
313666
697385
774346
722843
717425
859831
695853
584579
43926
819864
865979
92990
747649
546245
849967
146488
179405
342728
237361
797091
578985
713818
529611
6707
981211
74387
11365
400176
453252
404903
228046
150637
693454
950889
382267
67490
646742
966845
111416
980811
347029
204405
242665
893273
54373
389152
586882
213784
731879
824242
525079
825068
538060
568894
345980
33476
643280
357344
433651
610737
276452
175902
275578
969905
126791
657844
37395
287737
138894
148810
782752
127
353215
539621
893399
921791
442977
994485
649779
689060
818727
689062
514129
870991
257956
374313
418672
415441
731656
366527
26178
8108
542428
815959
492217
183423
473804
529612
471160
126902
192626
768116
127029
60045
307738
534632
981835
750714
529118
145819
439775
862049
834880
468108
733041
92837
842420
665917
508277
88281
32444
48659
610593
89077
864617
102810
272499
852625
146626
743658
493732
339252
25980
620760
399296
333717
669596
895336
598635
198714
41155
38410
574968
876035
20722
308009
483076
863141
488130
505557
465627
520573
554215
76220
609649
933036
179029
396353
785662
839859
140011
793598
179111
680194
414358
92611
13911
83954
502151
612546
796872
543306
165160
371840
933545
185882
194053
930825
563227
682182
436382
28854
716959
504801
619277
840813
437837
312511
237166
737703
152370
891380
531301
845684
571575
459863
938294
585485
58022
440446
712235
369098
497956
877395
740937
945705
577481
449194
876530
140708
645580
827116
683766
362539
331917
303043
717556
283958
615553
954721
21662
282127
846102
67167
127811
417677
41235
580310
517366
99256
534960
743806
468353
547120
621201
723494
492825
198682
686892
883559
853593
332472
710675
537359
209215
556796
840402
926771
840753
970159
395697
376619
252287
241799
957990
380097
173680
999224
474611
205251
98480
9571
949056
81037
556690
84462
318735
563719
283143
5627
447278
136736
852302
672157
674095
575721
743157
28702
502492
98116
998860
412394
988938
765351
654192
946928
659653
342077
946152
134264
61532
558836
143835
10588
154077
214729
609253
987015
778448
892395
992641
739930
543335
359148
926292
731634
934869
669449
760335
951565
281769
273401
363959
270708
552956
532356
217636
212609
388637
677993
346873
450168
751033
4912
974959
905110
219640
584212
406330
512292
990811
398972
766427
534146
272324
692719
779985
207193
876372
540320
672963
158142
327925
36922
943053
395086
83482
674893
607694
472118
352886
468771
436490
618124
473682
411449
37439
207527
509865
443768
234023
500676
842739
450
549027
629268
207373
329012
836460
597950
383536
509423
270296
225666
60550
213349
620751
144031
888241
228445
130354
755332
697216
566843
373456
685102
978292
410894
406833
2362
854661
640856
503038
211606
155510
566269
840873
362883
895280
191538
960832
278816
215166
745332
504481
789919
958680
125232
448154
361126
867881
578507
116458
565097
145351
4118
764403
637847
415011
171237
640208
783877
812092
657450
509687
481806
223719
864764
358893
118999
570506
833929
912019
785671
579261
416500
575590
537941
55937
23745
899067
923817
116456
529729
3119
261806
533847
767521
413857
463062
938757
568270
246939
265054
739924
270830
746860
963643
135594
105753
596846
706100
939682
23070
5976
33148
439570
581566
571089
9711
119515
984360
933527
750174
28294
936645
11981
562140
218371
940041
25203
157129
508311
786345
936386
248236
57176
197451
726083
706973
303204
837133
413073
757090
860203
419049
304442
813977
514819
875530
823687
148538
374095
271419
898711
402389
722268
424896
478733
940638
364938
18140
611971
387453
318690
548358
149893
375865
745808
390180
82838
563216
227314
10116
834510
87517
429164
138953
901493
458187
528687
239385
606724
902782
510803
19640
819375
747275
444536
812312
687913
323678
830452
299885
225335
149142
848242
375228
39211
108255
279612
636252
671471
506925
646367
505981
108646
589735
644933
524343
47922
173621
763727
168850
590607
788734
188490
924186
536009
633025
736498
738127
470907
81155
38012
696241
744500
400458
585673
297915
508712
865285
934167
180183
372210
94739
200369
995060
684474
359506
519403
246600
533126
797335
929654
637937
586069
118144
562123
636283
265373
812826
374410
736279
408185
926625
946724
152686
327083
532398
964804
349999
397683
898971
44387
284097
507915
244755
279157
706593
604260
312765
953192
651591
110100
397051
803732
210373
515194
880060
846655
294771
692886
735269
545254
101071
661894
491979
767960
503181
538581
732765
367385
450468
145941
411771
734564
653855
170730
527926
874652
289194
354895
827845
454989
464994
224896
258722
675366
254295
138782
36227
549065
345872
285700
608524
961146
947594
100503
243312
964979
639083
490281
332364
603755
636221
258339
852523
804281
943272
380449
678933
746671
249548
20983
201660
714541
760083
974585
904112
528582
627571
454543
591851
973442
740242
200375
448794
202041
300877
692105
167021
454164
182386
13589
57919
332811
786132
910442
651296
243609
805095
844434
990279
54644
379621
706144
283389
139704
680729
701705
182490
822505
156248
774341
310152
896490
974715
758945
98531
789797
965254
779755
758165
661844
307549
330289
508860
93681
754935
160156
337289
74235
518794
841773
643082
898415
547917
926471
552323
742850
142381
249018
565355
298629
23359
875507
709323
998073
148657
322058
302075
113912
616018
60241
289960
923566
390529
798819
531451
145464
473180
868739
219698
991973
224717
862780
404593
772633
303456
471121
515484
445836
720138
595043
258669
257701
984754
967991
255774
133412
804254
72054
761527
420272
132294
51487
343838
37027
850306
875288
837690
258232
916391
343868
482949
293376
262666
769786
596831
733786
285270
556872
968128
394518
815540
225829
379272
783532
995806
512683
587786
67860
788414
522262
714357
839901
866099
751383
204412
448077
556306
28028
364469
900173
25181
172049
162839
794967
768880
410829
594441
325752
378957
988958
655496
118990
882435
439028
114797
395118
541018
696860
697737
63280
925422
51843
443583
676805
770458
213379
639087
326764
241407
3556
226937
266587
175604
389776
575758
458688
800604
170200
298644
693766
673362
954140
812755
555797
907372
441756
465120
962595
652821
162857
540079
578243
728903
983662
769252
499361
197041
408339
826124
952651
926098
53061
733443
615907
957040
309201
74595
271850
993604
887443
965615
181172
841583
292575
736968
263160
248536
716292
225755
901356
393353
765834
993803
122256
263701
763055
621616
974945
171395
447740
927597
97493
15006
175245
713399
972045
998649
302199
243895
506459
189642
723714
687630
545429
530494
938802
808588
779029
655095
548548
680385
48448
314382
674188
170704
92287
951447
306524
67232
122842
754264
509033
734539
283474
198482
447938
255519
197132
750136
13619
703590
453982
251537
905424
999410
782030
844226
807999
561059
499321
356547
755648
61974
185133
944040
746881
277419
895488
53405
858854
532534
321873
882092
267073
605346
80574
229216
375070
791909
979351
902892
495499
433334
154429
400923
946948
936459
759354
754947
11723
772879
625698
767371
834852
810830
225616
95938
602453
635308
149343
461308
167843
985419
857604
949119
104971
938177
178335
994244
730087
671891
897136
739790
105225
51565
654918
52173
502228
414272
321325
513951
187151
947022
795526
536208
272058
535346
632145
874510
170655
295692
850022
338497
281112
707626
287616
900286
160009
980155
894530
404300
652046
305871
658294
757270
357435
313212
323647
373868
241688
159176
402023
943043
620403
711753
993455
892460
247099
625600
281175
417753
435497
131198
270454
230813
353028
72275
131099
513036
52430
539833
917335
704475
845703
89835
975949
717342
917250
813800
91210
673143
972976
493232
616186
593379
204985
123846
44
966288
749445
281218
384041
184942
412415
168700
929958
765443
240974
61057
792683
293403
115094
224224
997877
960796
314058
488031
678139
231308
301831
283553
904450
274807
290990
34841
382390
10179
158686
896637
976466
422336
177856
874712
121482
104475
43412
51441
384122
284385
626701
176806
91992
741795
915233
89869
702591
229291
92104
894934
974802
393934
178488
879253
182946
469477
428298
79540
479655
586984
976177
456122
523524
668237
330834
645005
772711
888449
210650
671038
172834
837351
847843
264825
579146
763076
868897
506571
961000
690876
481373
869138
383568
874830
52084
853044
303129
131624
846903
404317
622005
303025
442045
290242
148063
601254
577157
550716
811904
248195
723549
649255
610242
502578
742605
887522
885679
52751
394093
846679
743626
389671
715818
127194
264501
282106
81834
927933
341346
355
549938
158575
956603
354384
820842
557858
931541
371558
369762
179736
609312
533221
789978
111890
790030
677500
997569
842780
585798
358453
100612
975468
588475
742009
754173
870581
236452
836007
312719
92002
350566
862657
250576
307170
217041
585622
379232
148582
957180
748993
842522
566492
796418
632500
192586
586448
824204
704359
943432
410002
62813
44044
385470
651287
786053
139644
36073
536709
489855
348792
628710
354625
725653
393490
175999
456898
979112
555230
605480
450497
818427
962206
531193
129050
108911
723778
715497
933114
428138
658930
857321
5155
217178
242791
170646
3231
896638
720923
54144
900697
583919
682853
769527
309572
590548
459730
766469
569660
14961
886153
534361
347592
362564
65554
476642
471474
303536
706343
404589
245878
879477
261910
251032
96656
18905
935882
614090
429748
656805
668234
844649
240724
351087
614176
64500
941634
73907
345173
25499
603071
745531
559859
464867
108095
139617
455713
579569
443153
162057
498362
689030
41534
274476
454267
138189
293380
390149
266484
237332
561158
934717
81982
801881
800008
696157
380585
741643
284268
725757
281346
401543
471288
355410
866410
93588
495026
322123
673156
452383
484179
685722
141414
39918
960197
109885
692310
767781
14238
958793
5114
575395
893510
87095
891480
693519
297456
786269
581724
512026
497471
497519
100326
363881
105311
595352
778466
561939
684387
978392
217557
238509
938589
327441
930819
706370
855882
403817
225688
431277
297328
312782
836961
505051
610238
623230
454417
706166
649461
713537
203637
661184
813863
81723
766494
923419
281931
59165
485358
480522
37557
702915
233236
976145
544560
164055
196720
400443
567871
422408
345924
379403
249394
182886
884453
373836
320320
853074
594206
969780
566612
312048
630964
894679
393770
397458
818098
189905
456622
817660
184631
8383
520575
417866
498732
579340
581920
695452
979782
663996
632064
325706
557603
881457
22796
442057
769498
857320
809335
363704
827100
375947
675751
972269
270626
583725
883931
602928
773629
854758
420589
958260
863140
455368
376126
876077
34708
472251
571529
528694
650451
717797
368605
208054
113459
905604
164315
882956
762924
973650
246661
104230
863801
922411
76499
648632
506137
474634
251560
793970
329392
672148
752230
706737
641721
642561
582814
629016
668547
719327
279467
386344
87932
1725
14007
993535
166040
896963
756460
139690
143624
860689
517695
580239
451392
166327
600580
926025
417887
394551
769622
604239
660985
990563
245960
817750
87582
436593
446766
756128
155920
240437
656676
243851
242162
670682
751590
408201
81850
508050
62095
225473
882943
579789
805712
334335
746116
406292
774565
678207
315047
58392
282446
976032
48955
42611
793782
650740
479203
754753
921072
149327
995189
577748
907381
237351
762634
658971
159756
358689
681226
221850
584161
78374
315844
904077
926913
61960
824574
701478
740166
139621
274074
536816
629857
837232
93631
937844
487972
87038
692597
409044
236364
201991
500996
657949
439342
777834
831125
599097
136523
26556
335152
234889
104929
650995
138966
31842
227159
477744
247524
481529
131570
521597
18345
761426
358829
111976
213475
361005
199013
906071
770048
949581
108063
271044
607530
61609
48879
438655
174910
185401
465210
510061
420289
84344
161056
73460
116185
902418
551203
877913
383947
682772
913714
916496
958403
786748
28472
171878
147753
741688
592154
917801
205474
700216
188845
813004
276029
751927
765863
450938
451533
745278
960999
871821
343826
636259
459485
974214
52883
524893
852127
436829
207665
765842
353325
680272
66795
896000
852150
214547
151894
444304
132348
357367
658724
835397
684575
934752
587324
964643
899894
38857
224126
375098
424883
567951
525562
398572
542165
578444
923464
908497
15273
645334
674339
882802
325606
255338
778802
177756
469884
444900
136264
602232
802267
309192
951833
1047
758148
539157
965689
658043
92219
189815
33141
31306
271970
72907
944081
814135
651350
867546
722632
180828
512880
911175
63630
838485
166513
356636
530446
150601
315741
666709
752832
118008
975901
218870
633258
248254
272232
598948
906296
878654
302967
453642
909959
574937
526548
854040
903276
692103
235791
140113
872930
748670
565492
450764
101361
732004
321604
631806
882604
637344
812719
149642
269556
302825
882715
902814
551079
154947
15967
971579
33601
318933
425221
457764
408074
465974
826009
311350
158077
61800
451462
545211
324675
531158
510179
426035
263162
831782
572045
659971
983331
898968
323817
767091
715998
206532
669905
267077
875683
200076
752860
909283
519009
692286
367048
441287
158260
707261
752637
830540
769060
718303
375751
93735
249462
885929
33974
26828
231916
606018
201003
729451
504987
39024
496543
220985
759760
680652
2266
635443
880728
269330
58931
913941
961615
940182
355228
119875
647443
622069
950414
930708
854577
840369
24443
618243
726298
58417
159275
472419
178639
874482
201870
197830
427710
212617
933018
187470
893269
449488
337117
288202
718818
396048
716347
680433
850434
585779
314513
497878
207849
779131
942790
576630
619501
967232
709077
860003
539853
868351
332422
718492
257038
48497
916321
684748
261113
849340
872217
668586
298828
723539
470992
17646
633791
701543
212284
484225
287323
526796
496307
9376
305927
439097
586005
439632
920534
295082
299636
460387
677637
146262
178879
448880
194758
609405
133628
970075
972949
520049
152866
271777
243588
138063
803627
877378
839605
530115
875808
126928
571115
886319
136303
391246
839621
722307
830878
760155
531593
130514
220542
723435
276775
913625
172315
985737
37235
820146
955812
10184
340195
622882
796164
97988
760944
113996
489570
600550
644110
365378
727477
215225
765902
863780
606471
605523
100292
951553
365678
146090
82067
100424
383729
873045
528253
556043
858782
565487
376189
814594
575670
230588
437477
886039
328575
712625
35
818145
313175
158350
697727
554857
887778
463629
932841
494249
583356
33133
445802
949033
693426
42073
49458
77155
915118
577710
288105
657402
37795
102700
747276
268383
54381
633315
111162
281210
147555
443511
594385
305904
655443
149242
193682
633276
82083
202136
216633
629419
162142
165666
322846
204215
729327
914204
633537
821242
575811
921641
478644
613605
538545
225920
396192
107130
859235
21559
388340
6790
465069
982724
826897
120512
646170
20579
753788
242457
222714
484625
871875
384856
650290
708925
103275
379618
137335
251016
200860
713145
172657
193708
840954
225407
419627
237147
332536
793066
258705
720875
314060
237978
217804
140957
872694
378178
161536
140687
620634
898453
625311
6715
797513
275601
715639
414992
169423
367178
666007
884486
80323
838664
78194
921277
64071
12026
672628
910810
805091
445537
631686
119152
683514
363694
260108
70413
741872
935847
211099
876710
834301
836409
883424
146019
626215
113269
561011
309842
480446
227018
194329
74974
579886
786726
510455
643956
798751
697287
554767
118048
142824
700657
237199
340542
578555
11511
410955
320427
947358
622053
711342
295864
972667
594766
441882
598882
708034
517097
422928
702685
744115
131461
291863
838205
918187
802317
996366
231143
499604
65338
863394
156632
765994
100593
497173
858753
626308
908127
693385
573666
44386
404727
383734
17053
999492
339820
130139
221732
856917
553066
438621
115237
684527
730483
467646
116919
47005
464012
862265
60813
529349
725660
217444
809547
340457
714616
668301
966764
136949
361686
54635
695538
766412
438368
226795
280109
292393
356933
16045
663514
424203
454665
778750
622934
699352
246396
254057
746356
224613
630527
807168
753961
356187
538816
563509
210848
253433
231810
691817
904585
593495
746451
600123
874111
699024
826917
154220
991416
698054
170265
654930
636461
139134
947884
773600
838486
708484
27657
584842
933096
172388
906215
687058
42779
445031
764771
253627
212668
996580
945443
631457
104280
206099
231580
492595
905122
572701
161019
410743
784959
331283
579877
935625
984621
527761
709225
823107
750450
251086
922153
683546
423474
342573
884808
466252
787604
649579
719878
514476
160364
179526
145934
264643
385625
891717
271442
804951
978623
432461
729899
277787
763743
309776
213412
262569
837537
922636
85676
587987
173723
522034
785737
597196
864606
670546
63448
166415
320125
297531
195096
480489
477056
341029
259336
376885
746950
530778
696041
725573
963238
425940
3361
241186
735715
503755
87457
653613
103635
189648
827335
139873
975385
938735
4480
160136
516387
685098
994464
813917
880193
989157
805178
735426
248494
696267
482377
293476
392308
722154
770918
818247
239719
526308
68168
970695
544267
155624
624308
647902
859476
965847
787774
834861
418787
306458
509201
935173
991556
503665
263296
385954
492823
68474
121381
255521
764740
117962
63201
671253
840115
834118
489500
594039
360426
557667
564734
904693
227496
703246
66800
86972
183298
368778
436037
602084
675236
945237
51462
180997
963106
314757
566950
970133
383230
202535
225654
662175
320496
803058
333428
674816
637176
337132
268855
511807
409004
347793
930704
150704
565243
511708
237675
748540
880485
187916
864828
69926
647357
430494
765126
610463
745251
846281
94802
642685
834659
819064
369312
637718
152492
44128
789098
3829
827186
815109
412832
174979
745813
563535
254426
771725
315414
2966
652211
17534
381998
236341
664890
326696
1468
789557
71947
361953
884358
410768
719018
47901
294284
870940
714597
852615
660038
718425
679801
475148
645461
368984
735165
723200
623409
506891
38614
140579
673306
56147
36781
423851
235241
363477
939522
24798
435423
301475
423361
664259
712243
656583
226365
520731
527523
940961
373347
701765
173591
567352
691117
819051
936336
426283
56456
559745
447378
95069
700324
120684
665419
251309
58739
614785
998261
439661
50209
299736
377226
228672
526183
33809
969240
561119
75536
424406
934465
777301
597996
501817
468418
931251
952357
894700
987706
512103
856282
596979
726631
491170
776602
977939
549909
191466
106930
548170
631127
157138
362110
8353
900013
402498
556366
869254
963616
631901
293660
898081
409202
405861
914102
391825
337112
866460
286525
839023
892767
657012
950206
133603
148182
726809
625746
698090
732675
246260
63606
404017
122575
586163
304031
525072
142529
687489
488688
288634
495353
900973
697836
901213
329280
89661
752530
709944
890389
105758
116916
547401
55964
250518
695583
782772
390469
907877
215252
123144
668342
278857
527161
790916
865019
345396
830192
7548
547089
833084
296182
556646
734057
508222
972064
577541
112087
238799
287486
516680
344556
404401
64082
914723
169124
273869
697496
559592
181746
912747
196940
850087
705808
238305
155208
570828
97905
985399
92580
644993
818483
902965
201640
66745
411187
173704
644286
37478
412502
445976
554158
271262
850376
132444
185985
533704
406312
397685
93296
102262
290236
952349
530445
528540
621761
615477
626445
607161
708056
785642
425644
611022
987281
492389
536413
675189
650879
88096
601895
96855
642253
387361
947230
774696
573346
480935
485235
88435
797473
309872
892874
264027
354521
421415
885788
969997
562064
7154
192258
347706
432797
317484
849192
439390
368102
38586
