39
1771
3127
3763
4400
4547
8388
8656
8804
9050
9411
9650
10178
11096
11506
11581
15018
15477
16285
17186
18465
18917
20958
22596
22892
24253
24636
25386
25750
28465
30018
30507
30619
30840
31970
34564
35030
36314
36504
36588
37605
38336
43278
43432
44409
44539
45889
45996
46141
48858
49151
50793
51204
53930
54509
55070
55671
55869
57191
57334
57833
58357
58503
59650
61942
61957
64587
65118
66216
66285
66779
68829
69252
70029
75291
75476
75829
75978
76376
78012
78305
79037
80912
82555
82795
83042
84793
85602
85931
86882
87739
91213
91548
92066
92966
94413
97002
97107
97545
98734
99017
100440
101674
104260
104817
104844
105551
105809
106984
107998
108209
110527
110540
111492
112654
113178
113184
113350
114024
114449
115703
115744
116333
117116
117423
117464
118158
119071
119870
120193
120370
120751
121157
122965
125982
126430
126825
127641
127992
129944
130005
134315
136008
136068
136668
137344
138170
138210
139822
140718
142690
142907
143565
143969
145018
145084
145755
146599
148255
149156
149162
149405
149935
151074
151603
153923
154269
154404
154624
155048
155229
155359
156199
156352
156971
158663
160101
160490
161622
161812
162726
162918
169689
171997
174564
177893
180476
181834
182737
184300
184442
184531
184697
184967
186115
186488
186797
188966
189241
190614
194510
194873
195649
195829
198329
198360
200674
201407
201768
207247
210928
211035
211103
211760
212733
213296
213576
214290
217661
219500
221563
221618
222381
224036
224319
225223
225387
227742
227814
228557
228799
229322
236610
238443
239476
239962
241591
241856
241996
243743
244860
245212
247101
247198
248065
248432
249018
249150
250292
251248
252318
252968
254828
254943
256384
256897
257272
257694
258074
259600
259746
259993
260329
262120
262718
263321
263993
265036
265432
266309
266727
267860
268410
268739
269076
271442
271453
272363
272773
273550
274383
274408
276049
276200
277766
277845
278890
279397
280249
280568
281023
284962
285477
285795
286062
286905
287915
289408
289543
290666
291725
292598
293043
294190
294364
294485
299246
299924
300017
300233
302553
302717
302881
303129
305914
306295
306374
307590
307836
310028
310180
311301
314568
315050
315131
316293
318624
318778
319276
319737
325067
325200
326039
326393
327100
328028
330261
331365
331594
333391
333979
334551
334930
336437
336791
339223
339477
339559
343770
345797
345947
346727
347756
348792
348854
348997
350591
350978
353068
353579
354064
355321
355630
356765
356790
360423
361978
364370
367670
369065
371165
372099
372180
372417
372978
374026
374863
375918
376099
376490
376932
380004
380081
380185
382642
384105
385017
385744
387937
388769
390263
390930
391167
392120
393435
394177
394341
394802
394832
394938
396112
398332
398623
398921
399864
399883
400803
401154
402243
402913
404827
404831
405860
407624
407806
408975
411410
414360
414550
416710
417610
418186
419484
420160
422485
423782
423793
423845
424006
425200
425706
426017
427008
428167
428233
428315
429395
430558
432895
433916
434307
434631
435547
437039
437102
437162
438612
439033
439712
440446
440804
441950
442441
442829
443062
445374
445739
446272
447914
448251
449308
454322
455525
455787
456049
456275
459639
460016
460417
461449
461600
461928
465001
465128
466266
466754
467046
467451
467511
469552
469729
472518
472740
474160
474682
474874
475107
475333
476637
476958
477124
477625
477942
478353
481555
481745
483308
483923
484081
484953
485094
485437
485507
486125
486349
486531
487960
488572
488625
488965
489555
493395
495203
495543
496061
498583
499949
501416
501772
502904
504662
504824
509277
511650
512092
512629
513718
515024
515051
515851
517448
518412
518646
518800
519301
520154
520358
520488
520707
520989
521508
522164
525879
526744
527303
529460
529886
530142
531266
531498
532817
533138
533555
534342
534736
535084
536112
537493
538369
540544
541838
542202
542301
542958
543124
544060
544453
544630
546233
547425
549073
550246
550297
551214
551378
551916
552219
554207
556747
556868
558879
559333
560181
561116
561481
563013
563754
564142
565596
566359
567140
568982
571754
573070
573090
574960
575422
578464
578930
580134
581513
581773
584149
584406
586475
586519
587270
587990
588228
591192
591521
591834
592201
592445
593854
594831
595072
596265
596725
598559
599330
599342
600382
600681
600931
601114
602325
603743
605705
606385
609267
611213
611450
611722
614448
614619
615464
617548
617587
617682
623549
625584
625608
625913
626836
629028
630469
630844
632386
632636
635025
635280
638830
639480
642190
642313
643971
644352
645113
647298
648498
648777
649683
651951
652308
652845
653092
653216
653933
656162
657013
657218
657246
660622
664718
666930
668942
671214
671352
671647
672297
672792
673093
673534
673658
674683
674964
677358
678346
678470
678504
679379
679538
680060
680230
681246
681853
682868
685563
685659
686171
691295
692396
694117
694375
696030
697365
697377
697898
698511
698809
699465
699467
699506
699924
700524
701870
702717
702844
703895
704082
705241
705300
706549
706823
708483
709412
710183
711852
712024
712188
713195
714560
716039
717080
717257
718073
718359
719261
719361
719498
721153
722336
725361
725445
725510
728245
728692
731879
734700
734893
735674
736289
737820
740383
742542
745249
745534
746692
746893
749401
749911
751107
751739
752950
754917
755006
755294
755746
755773
755972
756300
756465
757408
757591
758211
758703
761198
763241
763346
768699
770884
772025
772356
775996
776018
778447
779473
779686
780317
780673
781234
782434
783877
784436
785221
788439
788565
791536
792161
797095
798900
800466
801465
801697
804038
804214
804915
805327
805891
806570
806742
807489
808065
808115
810956
811044
811887
814662
818301
818721
821458
825086
825119
825272
825619
825697
826044
826174
828543
828667
832764
832942
833111
833488
834061
834667
837937
838124
838386
841010
841110
841311
841672
842535
842629
846251
846707
848927
850189
850926
850952
851290
852729
855370
857142
860489
861477
862187
864794
865081
865245
865648
865695
865826
868134
868309
869250
870470
872762
874856
874941
875322
875418
875765
877818
877955
879871
880543
884173
886422
886940
887250
887288
889440
890975
891007
895202
895222
895241
895550
896886
899889
903785
903965
904554
905638
905829
907137
908643
909350
910143
910159
910798
910799
912402
912631
914457
915103
915894
917163
917242
917374
917862
917904
918436
918620
919309
919433
919861
920079
922949
924312
925060
925080
925660
927839
930862
931561
931726
933722
935372
936124
936507
938534
938912
939040
939310
939363
939925
941127
941187
943314
943866
945478
945793
946831
952064
952337
952493
953942
954420
957138
957393
958388
958976
960093
960889
962130
962601
963607
964475
965535
966541
966617
968461
969785
971222
975792
975907
975983
977696
978507
979210
979935
979989
980065
980854
981063
982043
984251
984321
984561
984928
985064
985554
986480
987402
988850
988886
990437
991615
993533
994218
994641
994683
997818
998449
998704
999852
