3014
3852
5787
6464
6895
7612
9220
9336
9945
12164
12450
15007
15297
15961
18449
18458
18535
18571
19175
19180
19284
20061
21745
23339
26055
26556
27073
27738
27956
29586
30187
30705
31233
31464
32350
34880
35786
36476
38095
38915
40577
40696
41773
42649
44918
49376
53259
56725
57557
59083
59706
59709
60875
60984
61684
61808
61907
61921
63268
66039
66098
66368
66960
67796
70246
70370
71516
71800
72688
72722
73803
73835
73839
75649
75724
77404
77494
78434
78473
80834
81392
82092
83572
84360
85301
86863
87198
88577
89038
89430
93333
93997
95995
97072
97983
98494
99001
102689
105264
109953
110302
110585
111885
112346
112571
112996
113126
116310
118602
119248
119461
120932
121998
123114
123464
124879
125161
125654
127841
128301
129506
131749
134688
135445
136015
137236
138157
138858
139242
139682
140167
140481
141374
141697
142837
144007
144178
144661
145921
146214
147905
148101
148774
148844
149135
150975
151505
152802
153466
153626
153883
155264
155798
157374
158610
159774
159931
160245
160777
164372
167319
168559
169569
170699
171111
171469
173031
176211
176409
181867
182614
183786
186168
186545
186723
188163
188237
189891
190264
190610
190742
191052
191946
192148
192815
194332
194500
197302
197803
198758
198886
199511
200190
201240
201623
201832
202015
202073
202405
203740
204601
205436
206059
206952
207632
209254
212968
213218
215884
217663
219061
219892
222723
222941
224840
225739
227930
229495
230944
231024
231959
232641
233264
233337
233775
235091
235674
235729
236217
237292
237408
237592
238078
238300
238448
238886
240814
240996
242174
242233
245908
246114
246627
247474
249835
253278
253415
255699
255939
258785
259634
260427
260658
260811
260897
263211
263619
265504
267323
267532
268358
269448
269719
274496
275908
276408
276618
277480
279283
279895
280832
280892
281348
281438
282670
287098
287571
288091
288979
289051
289812
290449
290478
290751
291477
291517
291652
293281
293308
294623
295807
297271
299867
302479
302797
304646
305445
305655
305660
306055
308139
310634
310808
312792
314937
315277
315419
317306
319561
320248
320887
321785
322133
322669
322736
324087
325061
326435
326720
330309
330647
331431
333432
336358
336764
337436
339394
342670
343004
346889
348055
348250
349041
349804
350387
350614
350676
351398
353073
353698
354602
355164
355538
356989
358149
358926
359914
360102
360267
360350
361748
362957
364789
366354
366867
366881
366886
368900
370690
371973
372535
372954
373018
374497
374769
375174
376277
379673
380351
381732
382154
387491
393686
394439
396321
396500
397435
398165
398264
398901
399349
400796
401058
401247
402050
403753
403768
403986
404904
406439
406545
410437
411922
412492
412598
414390
414530
414667
414736
416421
416594
418590
419415
419503
420877
421938
422444
422682
423018
423703
424509
424702
426152
426709
427062
427658
428369
429747
431559
432146
433171
433218
434787
436377
438356
438470
439277
439797
442232
442545
443150
445970
447401
447435
447479
447707
448036
448558
448622
448743
450175
452091
453349
455440
456000
456652
457252
457755
458018
458200
458281
458610
462578
463689
464295
464301
464939
467667
467795
470482
470509
471659
472054
473441
473549
473690
474098
477764
480742
480924
482097
482273
482416
484240
484955
485257
485507
485510
486654
487507
487657
487736
488962
488978
493279
493714
495001
498464
499124
499645
500338
500485
501155
501244
501553
507393
507592
507958
508042
514635
516867
516923
516947
517066
517992
518898
520886
522593
522992
523516
523737
523820
524253
524584
525486
525894
525918
526748
527113
527964
530450
530684
531422
531674
533292
536590
538749
539610
541069
541640
541950
542114
544382
545843
547279
547486
549720
550389
552124
553267
554888
555443
562248
564217
564842
564991
565280
565972
566835
569065
570668
571474
571837
572479
572969
573990
575420
579506
579673
579778
580257
580299
580476
581704
581770
582401
583179
583481
584544
585143
586579
588036
592717
593736
596166
596375
596455
596487
596514
596689
597377
597611
597649
597671
601026
601449
601822
602001
602872
604026
604245
606877
607269
609011
609327
610039
610240
611290
612014
612250
613796
613799
614776
616692
617521
619144
619478
619634
621222
622810
623108
623430
624680
625427
626741
626779
630148
630201
631845
632372
633090
634366
634970
635128
636579
636647
637222
637735
638225
639516
641347
641614
642436
642605
643075
645014
645349
645778
646406
646824
648812
649349
649721
654817
654967
655804
656850
657059
657648
660208
662502
667784
667804
668581
669557
670050
671042
671712
672056
672771
673590
674275
674864
675421
677184
677415
678594
678646
679638
679916
681804
682520
683209
683322
684313
685301
685750
686083
687875
688155
688357
689587
689724
691143
692135
693628
694536
695154
695383
695808
697413
697731
699653
700517
701775
701803
703686
705301
705548
707660
708021
708074
710837
711369
714248
714702
714997
715859
715863
715907
718164
718777
719028
722115
722182
722473
723033
723686
727903
728839
729495
730485
731650
732019
732672
733011
733079
733625
734074
734425
735776
737335
737742
741422
741757
742270
742365
743024
745383
745985
750017
750186
750306
752742
753802
753938
754908
756791
757525
758474
759089
759185
760073
760633
761349
762054
763209
765601
765819
767543
767779
771437
773148
774773
775177
775232
775342
775708
776909
779227
780448
783636
783707
784913
786957
787877
788862
788975
789017
789099
789964
790092
790917
791047
791897
794339
794426
794909
795824
796126
796343
796533
802236
802363
803152
803461
803786
804117
804610
804977
805411
805494
806037
807028
807756
810089
810230
810499
812012
813002
813983
815662
816381
817643
818189
818212
820138
820403
820505
821046
822646
823389
823396
824913
825598
825945
828490
828842
829086
831384
833409
834022
834319
834928
835306
835709
837139
839513
841350
841791
842102
842245
842292
842579
842789
844438
844928
845546
845880
849474
849684
852550
852784
852912
853009
853887
854053
854254
856042
856583
858712
859642
860934
861131
862060
862649
862833
863846
864813
865743
866802
868556
870834
872278
872938
874444
874448
875890
876055
876350
877086
877684
879632
880196
880690
883938
885255
885287
887183
889364
889955
892715
897516
897881
900103
900559
901796
902922
902941
903471
904954
905495
907116
907228
907813
908216
908715
914311
915395
916434
917561
917625
917964
918412
919616
921204
921290
922320
922919
923092
924272
927753
928729
931839
931972
932767
932836
933205
933223
935978
937118
937282
937304
937385
937664
938947
939567
940032
942268
942538
943095
943787
944718
945933
945943
946655
946850
947152
947642
949166
949573
949748
950158
951676
952878
954842
955195
956348
959114
960649
961209
962146
964391
966389
968130
968717
969360
969607
971832
972066
974392
975010
975313
976831
977764
978510
978994
979427
979735
980052
980368
980876
981189
981209
981475
985439
985824
985873
985927
987254
987380
988639
990878
992259
993353
993458
993572
995559
997013
998804
