73
188
193
325
345
561
658
660
705
816
889
1110
1259
1685
1759
1763
1915
1983
1998
2051
2077
2083
2322
2370
2409
2460
2702
2755
2972
3086
3093
3285
3474
3688
3717
3865
3927
3950
4113
4114
4149
4409
4605
4633
4763
5018
5187
5203
5334
5379
5447
5779
5787
5818
5928
6034
6110
6202
6203
6292
6542
6587
6671
6873
6894
6966
7070
7096
7113
7154
7230
7300
7313
7602
7610
7655
8082
8101
8232
8277
8416
8481
8496
8497
8528
8626
8790
9102
9348
9554
9580
9599
9631
9639
9694
9788
9810
9925
9965
9972
10011
10199
10212
10427
10471
10606
10728
10899
11085
11145
11481
11569
11595
11700
11708
11980
12015
12184
12218
12306
12365
12571
12641
13041
13166
13231
13330
13372
13453
13597
13631
13641
13769
14009
14345
14579
14751
14890
14914
14962
15013
15063
15077
15274
15331
15451
15623
15686
15819
15951
16035
16120
16152
16259
16311
16367
16371
16494
16612
16626
16738
16816
16838
16847
16887
16938
17015
17122
17162
17307
17311
17319
17354
17386
17631
17858
17878
17965
17969
17977
18068
18188
18446
18654
18711
18801
18863
19045
19187
19237
19249
19254
19296
19439
19617
19748
20040
20076
20137
20194
20423
20429
20435
20584
20605
20650
20723
20740
21006
21029
21032
21480
21631
21676
21879
21907
21977
22116
22215
22333
22437
22733
22736
22844
22894
22955
22958
23047
23069
23265
23348
23405
23463
23467
23496
23526
23588
23653
24085
24116
24373
24447
24531
24561
24702
24719
24727
24795
24876
24950
25016
25074
25098
25111
25196
25197
25198
25655
25849
25868
25930
25959
26039
26097
26297
26502
26517
26631
26798
26813
26819
26881
26904
26979
27109
27155
27166
27462
27487
27523
27670
27796
28053
28077
28280
28281
28409
28499
28534
28550
28576
28587
28593
28642
28698
28868
28889
29252
29369
29451
29524
29573
29618
29637
29695
29919
29945
29957
30158
30238
30239
30592
30659
30790
30968
31072
31099
31169
31186
31211
31330
31332
31344
31346
31721
31774
31844
31918
31931
32099
32152
32153
32345
32419
32433
32447
32521
32533
32590
32763
33148
33167
33223
33353
33398
33614
33671
33819
33921
34095
34111
34280
34498
34646
34671
34698
34928
35141
35179
35190
35264
35304
35306
35344
35438
35517
35834
35988
36102
36178
36407
36578
36584
36716
36751
36855
36944
36987
37337
37377
37393
37486
37510
37527
37574
37670
37704
37982
38034
38166
38198
38363
38436
38557
38710
38804
38891
38932
39054
39294
39483
39629
39752
39862
40201
40322
40536
40590
40704
40758
40888
41017
41154
41258
41273
41651
41654
41953
42150
42223
42239
42584
42642
42660
42941
43315
43460
43616
43648
43728
44051
44102
44118
44239
44241
44245
44483
44624
44627
44633
44641
44643
44777
44988
45003
45062
45294
45367
45553
45644
45747
45845
45861
45913
46038
46044
46295
46353
46374
46514
46787
46816
46862
46897
46913
46923
47161
47219
47444
47511
47524
47624
47772
47835
47926
47941
48008
48053
48131
48235
48270
48284
48287
48439
48523
48654
48736
48847
48872
48984
48990
49121
49205
49271
49363
49391
49509
49734
49845
49852
49910
49973
50024
50079
50165
50475
50549
50650
50676
51009
51021
51029
51043
51134
51135
51189
51283
51335
51392
51403
51498
51529
51845
51965
51969
52261
52486
52512
52671
52806
52899
52928
52968
53123
53155
53434
53507
53530
53609
53615
53673
53807
54069
54130
54135
54219
54232
54356
54451
54699
54750
54771
54871
54893
54956
55140
55857
55883
55909
55953
56065
56136
56162
56190
56218
56466
57011
57027
57136
57150
57213
57359
58394
58484
58489
58617
58674
59032
59238
59261
59276
59474
59566
59810
59841
59883
60072
60091
60203
60249
60315
60372
60404
60500
60601
60925
60978
60983
61054
61253
61478
61506
61700
61732
61882
61987
61993
62035
62113
62210
62232
62500
62503
62508
62661
63052
63142
63160
63166
63302
63381
63403
63449
63620
63845
63851
63911
64005
64028
64067
64167
64294
64321
64381
64663
64682
64805
64999
65009
65021
65044
65066
65431
65502
65731
65895
65985
66235
66246
66306
66441
66535
66907
67024
67131
67153
67183
67409
67604
67941
68001
68072
68128
68182
68412
68526
68566
68567
68589
68776
68874
68959
68989
69112
69113
69367
69381
69659
69666
69862
69888
69922
69939
70004
70170
70287
70474
70676
70938
70999
71049
71105
71326
71483
71502
71558
71710
71859
72314
72386
72533
72735
72816
72836
72874
72984
72992
73013
73805
73996
74171
74348
74462
74515
74620
74679
74750
74753
74834
74890
74999
75009
75092
75159
75219
75234
75252
75256
75447
75570
75799
76079
76095
76204
76352
76401
76445
76448
76456
76568
76752
76768
76803
76894
76950
77028
77166
77324
77345
77352
77378
77400
77445
77898
77910
78257
78415
78521
78588
78608
78621
78727
78969
79099
79144
79230
79300
79380
79390
79592
79614
79830
79910
80001
80045
80134
80190
80236
80273
80447
80506
80514
80563
80668
80879
81104
81259
81581
81717
81887
82397
82404
82468
82515
82644
82646
82689
82734
82842
82934
82943
83101
83158
83506
83588
83719
83737
83750
83827
83897
84094
84380
84391
84421
84423
84441
84460
84681
84770
84918
84984
85094
85199
85263
85278
85345
85600
85691
85886
85902
86069
86201
86257
86285
86353
86762
86813
86897
86962
87037
87163
87199
87218
87359
87395
87569
87720
87735
87744
87826
87865
87882
87996
88036
88182
88460
88710
88785
88894
89023
89066
89165
89186
89225
89473
89520
89571
89576
89619
89652
89706
90008
90408
90497
90581
90681
90833
90939
91019
91237
91309
91320
91565
91653
91661
91805
91906
92002
92040
92049
92136
92449
92459
92654
92805
92911
93025
93190
93329
93557
93635
93842
94016
94247
94262
94294
94353
94389
94579
94724
94907
94956
95028
95105
95215
95227
95244
95367
95541
95544
95650
95694
95798
95818
95915
95982
96221
96422
96543
96578
96765
97120
97229
97244
97359
97494
97511
97656
97697
97894
97918
97964
97970
98047
98054
98154
98228
98390
98439
98440
98600
98603
98651
98698
98721
98731
98885
98967
99045
99208
99282
99480
99498
99621
99630
100107
100429
101125
101205
101243
101316
101467
101792
101857
101999
102265
102350
102351
102612
102623
102669
102715
102812
102816
102820
102841
102881
102995
103094
103154
103348
103431
103456
103653
103670
103970
103990
104031
104057
104066
104080
104102
104129
104141
104168
104202
104311
104550
104738
104742
105287
105531
105705
105742
105812
105941
106021
106244
106278
106352
106428
106546
106841
106858
106935
106949
107019
107177
107214
107220
107499
107640
107743
107875
107878
107899
108110
108454
108526
108993
109036
109135
109373
109376
109485
109656
109713
109774
109866
109927
110422
110565
110587
110631
110684
110758
110876
110977
111116
111206
111283
111288
111301
111343
111584
111628
111725
111738
111756
111791
111836
111841
112000
112076
112507
112543
112550
112596
112607
112899
112990
113021
113048
113074
113110
113280
113510
113573
113727
113773
113814
113881
113886
113956
113994
114008
114009
114025
114077
114183
114440
114472
114700
114756
114940
115018
115200
115224
115378
115446
115809
115819
115903
115956
116108
116125
116167
116457
116499
116559
116763
117028
117041
117079
117173
117325
117538
117605
117789
117795
117883
117951
118266
118371
118597
118854
118885
118918
119094
119106
119159
119166
119169
119297
119298
119764
119925
120004
120065
120078
120142
120260
120346
120370
120484
120532
120583
120682
120922
120934
120951
121294
121297
121321
121480
121639
121914
122001
122038
122080
122129
122167
122191
122206
122401
122417
122421
122430
122434
122521
122525
122570
122717
122816
122851
122982
123009
123040
123140
123291
123341
123354
123376
123409
123511
123610
123677
123746
124166
124261
124311
124391
124624
124650
124683
124691
124786
124790
125127
125194
125271
125402
125510
125521
125807
125873
125960
125973
126032
126073
126090
126119
126437
126498
126563
126701
126721
126794
126966
126975
127144
127183
127318
127448
127567
127641
127652
127779
127817
127838
128000
128040
128084
128213
128257
128577
128628
128696
128716
128752
128799
129004
129133
129225
129247
129368
129458
129484
129491
129549
129599
129734
129895
130025
130076
130321
130327
130347
130382
130399
130478
130507
130609
130617
130739
130745
130780
130891
131322
131325
131417
131424
131428
131471
131494
131511
131564
131643
131917
131969
132163
132443
132558
132924
133055
133126
133228
133393
133405
133488
133553
133596
133597
133635
133688
133704
133861
133870
133880
133944
134276
134456
134539
134555
134774
134874
134878
135137
135138
135254
135422
135426
135433
135447
135480
135787
135818
135826
135864
136207
136237
136266
136340
136445
136508
136559
136771
136790
136793
136845
136851
137059
137196
137257
137259
137510
137535
137758
138023
138160
138182
138226
138255
138336
138350
138488
138537
138608
138647
138730
138848
139022
139280
139304
139343
139411
139453
139462
139516
139615
139762
140174
140246
140281
140289
140365
140807
140839
140895
140987
141087
141092
141332
141440
141543
141621
141622
141636
141705
141733
141794
141822
141856
141989
142016
142108
142323
142447
142555
142868
142924
142966
143005
143009
143177
143194
143316
143450
143691
143743
143752
143765
143800
144051
144077
144084
144090
144165
144168
144197
144343
144683
144774
144807
144815
144953
145013
145061
145136
145256
145385
145553
145817
145826
145860
145863
145894
145917
145918
146100
146135
146254
146275
146349
146418
146557
146705
146848
147112
147149
147334
147379
147483
147526
147537
147663
147734
147791
147817
147935
148116
148129
148131
148362
148508
148528
148697
148798
148916
148954
149037
149164
149260
149273
149479
149482
149555
149629
149764
149905
149979
150067
150148
150221
150358
150494
150583
150631
150697
150741
150919
151308
151584
151649
151709
151730
151782
151824
151900
152051
152081
152183
152199
152268
152717
152746
152830
152973
153027
153165
153185
153195
153232
153334
153360
153512
153632
153671
153688
153729
153825
154080
154150
154205
154419
154503
154553
154632
154688
155609
155625
155661
155804
155836
155841
155935
156111
156132
156311
156333
156477
156507
156871
156924
157073
157074
157101
157103
157129
157165
157406
157474
157722
157743
157832
157954
157972
158002
158135
158155
158172
158183
158311
158381
158555
158624
158683
158715
158752
158957
159296
159331
159412
159534
159885
160047
160073
160149
160226
160317
160372
160466
160500
160586
160607
160621
160723
160778
160909
160985
161025
161480
161524
161567
161651
161845
161866
161899
161975
161978
162045
162049
162139
162531
162613
162785
162903
162911
162946
163022
163176
163371
163379
163516
163557
163678
163947
164114
164152
164172
164195
164241
164353
164557
164717
164735
164956
165048
165157
165302
165418
165492
165532
165811
165885
165950
165952
166080
166353
166418
166441
166503
166812
166960
167004
167205
167258
167449
167564
167672
167708
167884
168158
168297
168379
168560
168644
168803
168939
168940
168975
169004
169148
169220
169335
169407
169564
169768
170046
170094
170388
170535
170554
170567
170623
170633
170686
170687
170761
170827
170928
170938
170948
171083
171145
171240
171324
171403
171533
171626
171659
171691
171980
172233
172247
172429
172660
172929
172930
173109
173143
173310
173344
173490
173655
173709
173729
173847
174033
174062
174193
174273
174348
174363
174419
174482
174587
174786
174787
174800
174982
175139
175153
175176
175182
175225
175380
175419
175630
175734
175845
175879
175941
176006
176020
176038
176184
176218
176232
176243
176320
176322
176416
176577
176673
176901
177006
177011
177045
177059
177066
177171
177248
177375
177437
177460
177470
177632
177960
177999
178018
178194
178316
178420
178428
178467
178499
178640
178672
178780
178840
178860
178925
179143
179160
179170
179189
179202
179219
179223
179254
179324
179498
179620
179624
179731
179883
179891
179896
179924
180051
180108
180190
180193
180254
180674
180775
181076
181111
181362
181728
181805
181865
182087
182182
182433
182667
182745
183055
183076
183183
183435
183499
183576
183668
183692
183693
183839
184081
184163
184178
184192
184248
184280
184316
184518
184660
184792
184965
185083
185119
185128
185290
185323
185326
185420
185626
185810
185981
186024
186081
186330
186506
186567
186677
186747
186874
186884
186947
186956
187092
187099
187118
187175
187444
187489
187522
187915
187925
187969
187995
188182
188210
188236
188249
188372
188376
188559
188757
188907
188909
188967
189058
189059
189090
189118
189122
189244
189308
189488
189493
189854
190100
190130
190177
190246
190265
190460
190503
190570
190576
190602
190668
190718
190792
190862
191082
191272
191654
191719
192031
192042
192180
192507
192561
192610
192693
192735
192991
192996
193184
193264
193295
193360
193364
194177
194245
194356
194409
194420
194848
194868
194980
195038
195237
195270
195283
195296
195452
195547
195769
195922
195926
195968
196206
196305
196424
196448
196800
196923
196970
197117
197251
197465
197746
197864
198035
198146
198362
198462
198494
198564
198657
198812
198837
198850
199048
199063
199264
199527
199588
199613
199694
199847
199922
200223
200326
200335
200341
200423
200449
200512
200564
200567
200805
200870
201037
201139
201294
201408
201544
201546
201599
201673
201677
201743
201773
201809
201896
202133
202154
202216
202229
202238
202255
202373
202534
202637
202710
202738
202743
202769
202811
202946
203062
203285
203325
203529
203615
203648
203802
203966
203972
203983
203999
204018
204102
204285
204333
204453
204490
204526
204732
204777
204816
204827
204999
205262
205424
205607
205720
206067
206160
206241
206498
206514
206615
206689
206793
206891
206940
206969
206998
207115
207257
207306
207340
207346
207380
207523
207528
207665
207724
207847
208088
208189
208260
208261
208355
208409
208431
208710
208720
209010
209097
209140
209148
209199
209362
209560
209566
209650
209652
209876
210090
210247
210345
210352
210376
210508
210746
210916
210935
210993
211019
211269
211279
211409
211423
211465
211545
211664
211687
211703
211789
211806
211841
211852
212058
212183
212318
212442
212571
212636
212711
212728
212823
212830
212963
213170
213190
213250
213785
213789
213850
213905
214080
214371
214462
214614
214624
214758
214804
214926
214957
215186
215411
215436
215453
215499
215556
215596
215625
215658
215688
215725
215772
215813
215886
216000
216113
216135
216613
216650
216848
217179
217357
217413
217419
217690
218073
218461
218513
218548
218630
218637
218675
218682
218864
218962
219173
219200
219226
219377
219473
219532
219556
219597
219812
219821
219887
220000
220004
220052
220304
220454
220469
220591
220721
220832
220859
221068
221088
221332
221395
221416
221457
221603
221676
221999
222300
222318
222379
222459
222661
222698
223153
223224
223436
223597
223636
223707
223747
224091
224178
224246
224307
224759
224886
225086
225110
225165
225188
225319
225333
225350
225476
225567
225613
225744
225801
226102
226151
226370
226715
226874
226967
227332
227348
227387
227428
227511
227865
227877
227960
228008
228046
228303
228406
228871
229004
229110
229227
229309
229313
229331
229383
229512
229543
229681
229980
230113
230182
230588
230821
231050
231230
231359
231386
231435
231526
231630
231660
231704
231767
231939
232119
232127
232184
232213
232293
232330
232411
232420
232454
232547
232572
232621
232692
232717
232720
232739
232756
232857
233080
233116
233264
233324
233506
233625
233650
233817
233917
233997
234059
234073
234077
234239
234271
234385
234530
234565
234629
234847
234856
234902
235039
235051
235132
235233
235346
235570
235669
235705
235860
235877
236027
236089
236117
236140
236201
236212
236213
236255
236343
236491
236524
236527
236541
236660
236864
236927
236951
236962
237022
237462
237521
237547
237669
237959
238175
238541
238858
239132
239165
239171
239201
239239
239611
239713
239737
239782
240032
240033
240038
240118
240231
240308
240610
240790
241009
241011
241066
241093
241323
241332
241636
241666
241778
241802
242040
242123
242124
242197
242282
242369
242485
242527
242603
242621
242915
242936
243084
243105
243149
243156
243308
243381
243400
243477
243680
243888
243991
244014
244124
244208
244262
244364
244487
244519
244558
244591
244613
244681
244796
244833
244969
245004
245217
245507
245607
245611
245695
245699
245811
245870
245985
246087
246177
246198
246252
246338
246384
246401
246445
246471
246535
246801
246888
246900
246904
246982
247073
247519
247658
247761
247856
247930
248087
248244
248412
248473
248629
248990
248996
249144
249215
249303
249335
249377
249384
249408
249509
249715
249810
249899
250026
250111
250115
250385
250428
250592
250686
250800
250803
251055
251198
251203
251259
251546
251724
251771
251796
251804
251884
251919
251942
251971
252244
252252
252362
252472
252636
252658
252685
252845
252883
252914
252940
252975
253003
253090
253099
253224
253326
253413
253419
253463
253640
253901
253924
253954
253988
254061
254096
254171
254285
254399
254448
254516
254727
254793
254876
255031
255100
255156
255166
255515
255648
255728
255897
256053
256135
256149
256210
256233
256247
256279
256322
256434
256453
256466
256548
256602
256612
256629
256785
256868
257133
257158
257322
257339
257386
257411
257438
257466
257486
257497
257510
257600
257687
257704
257754
257811
257833
257852
258006
258051
258088
258252
258455
258667
258725
258740
258758
258920
258984
259017
259216
259319
259340
259366
259384
259474
259519
259574
259701
259778
259954
260018
260046
260081
260262
260419
260472
260638
260771
260821
260956
261037
261287
261404
261468
261501
261520
261567
261699
261748
261758
261932
261942
262014
262052
262058
262062
262340
262347
262368
262472
262570
262596
262986
263011
263044
263066
263198
263221
263378
263382
263442
263548
263682
263905
263960
263990
264041
264157
264231
264244
264251
264283
264470
264962
264999
265009
265048
265301
265399
265425
265591
265631
265698
265801
265881
265931
266059
266178
266208
266259
266376
266408
266411
266442
266610
266899
266923
266981
267146
267278
267285
267341
267441
267442
267594
267633
267737
267762
267810
267820
267832
267906
267920
267921
267967
268147
268296
268326
268631
269068
269304
269358
269468
269715
269849
270191
270206
270278
270305
270384
270421
270450
270458
270473
270736
270760
270786
270888
271041
271132
271134
271182
271272
271291
271370
271449
271501
271586
272264
272331
272431
272467
272576
272598
272700
272739
272765
272786
272807
272908
272943
272949
273019
273028
273222
273233
273238
273315
273430
273469
273488
273490
273528
273529
273583
273683
273764
273953
274005
274107
274120
274157
274414
274576
274726
274781
274992
275123
275138
275189
275385
275648
275766
275801
275955
275973
276106
276191
276631
276850
276968
276996
277220
277240
277464
277481
277511
277562
277596
277599
277630
277788
277795
277840
277918
278091
278112
278165
278283
278430
278658
278764
278775
278804
278882
278913
279055
279151
279347
279449
279569
279584
279588
279645
279667
279745
280241
280330
280482
280581
280693
280694
280764
280913
281060
281182
281322
281455
281525
281576
281662
281780
281834
281894
282185
282300
282524
282583
282605
282845
282971
283341
283990
284059
284077
284181
284332
284527
284614
284644
284795
284959
285285
285287
285437
285535
285602
285672
285690
286056
286094
286152
286192
286240
286253
286389
286420
286520
286710
286730
286872
287086
287648
287807
287849
287860
287941
288041
288099
288273
288513
288530
288643
288732
288993
289048
289068
289112
289277
289464
289481
289493
289583
289598
289616
289970
289974
290149
290248
290283
290335
290424
290477
290500
290539
290596
290869
290943
290968
290990
291004
291222
291244
291325
291367
291376
291518
291546
291628
291726
291731
291875
291918
292121
292458
292470
292695
292785
292813
293114
293230
293241
293279
293714
293742
293791
293892
293912
293917
293991
294132
294134
294167
294259
294326
294377
294407
294603
294645
294855
294914
294963
294975
294997
295245
295679
295705
295838
295868
295915
295997
296024
296089
296159
296226
296241
296301
296404
296863
297069
297357
297428
297506
297509
297583
297700
297789
297937
297963
298078
298132
298141
298259
298402
298486
298548
298763
299073
299112
299157
299184
299300
299346
299670
299730
299922
299936
300054
300142
300183
300317
300442
300598
300670
300721
300897
300931
300934
300936
300937
301281
301393
301573
301585
301697
301915
301950
302071
302136
302278
302365
302373
302413
302433
302606
302829
302913
302960
303303
303361
303432
303507
303568
303629
303756
303870
303874
303906
303967
304158
304210
304445
304500
304627
304733
304748
304800
304934
305167
305303
305321
305420
305468
305900
305904
305934
306156
306187
306324
306357
306502
306589
306614
306700
306851
306879
306933
307197
307223
307268
307546
307657
307972
308087
308179
308230
308348
308446
308556
308590
308872
308875
308942
309322
309579
309757
309869
309876
309932
310020
310079
310186
310189
310215
310359
310397
310563
310739
310767
310779
310889
310896
310921
310923
311048
311112
311287
311322
311421
311474
311522
311580
311635
311802
311830
311909
312122
312130
312230
312636
312684
312705
312795
313020
313208
313383
313458
313619
313623
313658
313696
313794
313897
313934
313993
314114
314273
314296
314536
314544
314857
315040
315221
315392
315646
315886
315966
316087
316242
316252
316276
316521
316676
316749
317034
317045
317178
317189
317266
317337
317622
317753
317755
318004
318187
318411
318452
318488
318566
318663
318798
318956
318976
319022
319101
319135
319197
319325
319394
319493
319571
319823
319886
319972
319979
320022
320173
320185
320316
320359
320500
320542
320796
320967
320974
321001
321228
321483
321629
321638
321740
321891
322498
322579
322601
322611
322650
322709
323036
323245
323254
323275
323301
323644
323839
323883
324030
324042
324044
324112
324258
324318
324632
324801
324802
324876
324994
325096
325180
325287
325931
326017
326149
326188
326287
326293
326317
326338
326363
326403
326452
326476
326483
326601
326841
326845
327418
327657
327722
327914
327940
327961
328128
328146
328236
328241
328340
328561
328716
328771
328836
328871
328909
328978
329156
329172
329201
329252
329331
329334
329577
329666
329721
329840
329843
329882
329964
330037
330068
330276
330420
330491
330526
330546
330547
330571
330685
330765
330851
331146
331180
331662
331709
331740
331748
331786
331916
332242
332381
332390
332406
332671
332685
332710
332812
333295
333299
333420
333528
333555
333621
333761
333851
333865
333963
334018
334040
334174
334309
334609
334614
334749
334944
334979
335002
335066
335082
335124
335153
335383
335391
335430
335469
335626
335719
335770
335781
335790
335867
335880
335896
335955
336102
336104
336128
336151
336206
336220
336313
336391
336603
336720
336967
336992
337073
337102
337247
337398
337758
337922
338058
338183
338251
338265
338302
338407
338445
338497
338874
338911
338945
338959
339099
339416
339622
339688
339896
339920
340091
340321
340458
340625
340722
340935
340943
341080
341209
341261
341368
341565
341724
341795
341995
342049
342111
342151
342321
342386
342567
342693
342698
342705
342749
342754
342897
342971
343169
343229
343391
343536
343580
343917
343998
344034
344069
344151
344179
344323
344386
344494
344557
344568
344596
344645
344648
344966
345048
345160
345206
345208
345331
345452
345457
345624
345626
345650
345698
345744
345751
345956
345965
345997
346286
346384
346433
346455
346471
346554
346557
346742
346775
346787
346880
346892
346936
347057
347078
347369
347698
347751
347758
347799
347968
348159
348236
348408
348684
348714
348739
348743
348755
348919
348997
349216
349299
349331
349560
349597
350322
350498
350510
350511
350573
350786
350838
351023
351049
351108
351139
351186
351228
351246
351256
351291
351296
351701
351752
351976
351994
352070
352150
352227
352339
352399
352657
352860
352973
353029
353052
353254
353361
353502
353663
353668
353729
354144
354417
354652
354660
354700
354904
354947
355000
355080
355341
355346
355483
355525
355759
355775
355948
356065
356272
356412
356564
356662
356721
356875
356926
356952
356994
357016
357125
357164
357466
357643
357653
357720
357734
357756
357825
358115
358180
358278
358327
358358
358479
358724
358857
358868
359157
359274
359346
359382
359672
359714
359776
359866
359872
360076
360405
360421
360524
360532
361011
361056
361068
361491
361682
361689
361700
361747
361770
361847
361866
361939
361986
362114
362238
362366
362393
362475
362521
362640
362693
362841
362873
362936
363015
363126
363136
363160
363332
363388
363392
363541
363784
363821
364006
364029
364040
364075
364275
364300
364401
364411
364517
364555
364630
364635
364739
364758
364798
364918
365014
365080
365150
365341
365368
365393
365609
365629
365652
365671
365829
365923
365977
366016
366057
366316
366326
366426
366706
366908
367295
367304
367602
367642
367704
367717
368165
368371
368428
368434
368698
368712
368878
368918
369096
369475
369518
369669
369675
369695
369910
370169
370183
370316
370351
370364
370482
370628
370761
370862
371196
371197
371254
371289
371294
371327
371454
371464
371513
371574
371592
371785
371866
371931
371953
372010
372073
372103
372233
372420
372613
372626
372689
372788
372836
372874
372912
373283
373331
373376
373385
373449
373487
373699
373726
373834
373845
373913
373958
374178
374233
374301
374384
374439
374456
374626
374675
374696
374733
375242
375281
375381
375498
375511
375560
375662
375754
375791
375874
376114
376293
376361
376525
376690
376747
376775
376806
376831
376834
376911
377009
377067
377300
377332
377403
377438
377498
377610
377621
377726
377747
378075
378083
378280
378366
378459
378934
378945
379010
379054
379102
379329
379484
379587
379633
379688
379757
379769
379871
379897
379923
379927
380007
380043
380070
380127
380175
380193
380351
380455
380478
380575
380656
380657
380689
380712
380869
380930
380935
381054
381056
381189
381286
381361
381375
381485
381756
381815
381947
382094
382095
382130
382196
382339
382490
382520
382661
382731
382760
382817
382853
382865
383256
383816
383975
384079
384107
384272
384307
384358
384372
384494
384532
384624
384912
384918
385187
385399
385408
385443
385480
385580
385620
385675
385830
385994
386034
386290
386369
386486
386658
386718
386729
386887
386916
386917
387046
387112
387228
387235
387278
387514
387610
387963
387981
388087
388094
388136
388180
388450
388463
388534
388555
388577
388608
388626
388674
388706
388929
388994
389022
389207
389209
389237
389315
389368
389479
389718
389910
390145
390307
390566
390626
390822
390989
391042
391115
391124
391154
391246
391342
391499
391545
391689
391743
391767
391804
391825
392125
392126
392193
392305
392322
392343
392369
392383
392428
392790
392981
392989
393056
393253
393258
393824
393866
393877
393908
393915
393918
393929
394322
394357
394432
394448
395286
395326
395402
395405
395841
395901
395930
396240
396427
396549
396785
396796
396845
396921
397004
397062
397080
397239
397246
397570
397647
397849
397881
397885
397889
398129
398149
398241
398268
398323
398432
398543
398594
398603
398606
398607
398711
398772
398777
398954
398997
399060
399074
399139
399157
399166
399291
399292
399310
399509
399761
399820
400021
400058
400133
400135
400219
400320
400385
400517
400546
400582
400725
400816
400900
401003
401051
401102
401211
401284
401338
401352
401650
401914
401964
401969
401970
402263
402452
402486
402591
402721
402906
402984
402997
403026
403155
403204
403263
403488
403518
403530
403852
403886
403891
403943
404016
404213
404252
404295
404354
404510
404567
404626
404630
404643
404792
404964
404978
405075
405125
405330
405332
405457
405470
405556
405618
405624
405694
405791
405845
405869
405902
405908
405940
405973
406014
406247
406258
406417
406457
406476
406517
406521
406593
406828
406870
406963
406989
406992
406993
407098
407225
407241
407408
407490
407553
407642
407872
407881
407909
407984
407987
408083
408097
408101
408125
408428
408514
408550
408651
408759
409117
409130
409167
409228
409242
409345
409381
409436
409470
409492
409541
409638
409784
410029
410126
410132
410140
410218
410363
410488
410501
410553
410568
410663
410744
410789
411285
411299
411744
411883
411891
412010
412059
412081
412371
412551
412604
412734
412808
412831
413269
413389
413566
413705
413806
413860
413861
413872
413940
414064
414086
414287
414500
414872
414893
414925
414996
415144
415203
415346
415362
415672
415754
415797
415891
416308
416309
416327
416360
416630
416749
417062
417249
417341
417403
417424
417511
417615
417887
417889
418157
418309
418330
418356
418586
418644
418788
419097
419201
419266
419451
419478
419500
419605
419646
419653
419747
419755
419802
419806
419828
420119
420252
420632
420672
420734
420766
420781
420860
420875
421033
421158
421214
421367
421598
421603
421698
421756
421901
421935
421943
421954
422075
422163
422205
422532
422533
422553
422601
422666
422790
423043
423097
423179
423298
423385
423450
423644
423909
423991
424102
424103
424112
424300
424383
424406
424463
424652
424720
424728
424798
424889
424935
425093
425116
425126
425158
425181
425334
425410
425600
425658
425706
425709
425758
425877
425942
426145
426149
426449
426572
426598
426638
426657
426678
426741
426747
426784
426806
426809
427021
427106
427158
427164
427242
427409
427499
427666
427784
427905
427929
427942
427968
428024
428133
428225
428256
428306
428463
428472
428518
428732
428827
429450
429528
429544
429681
429726
429811
429975
430143
430186
430311
430404
430434
430496
430787
430900
431113
431152
431537
431557
431620
431643
431720
431746
431750
431840
431852
432250
432252
432267
432386
432534
432605
432691
432889
432970
432998
433051
433054
433087
433108
433130
433231
433344
433644
433682
433733
433756
433914
434147
434313
434340
434387
434683
434917
435023
435198
435269
435290
435319
435452
435493
435525
435598
435627
435657
435989
435993
436194
436357
436387
436399
436490
436514
436768
436855
437184
437267
437295
437415
437439
437487
437547
437580
437656
437744
437760
437797
438590
438698
438706
438711
438717
438731
438748
438824
438835
438951
439151
439241
439431
439439
439664
439673
439839
440157
440244
440713
440982
441266
441299
441331
441506
441522
441636
441661
441681
441689
441816
441900
442000
442008
442010
442091
442397
442442
442809
443057
443077
443204
443369
443457
443553
443579
443699
443754
443889
443976
444016
444022
444101
444105
444194
444208
444214
444279
444390
444448
444481
444761
445174
445461
445491
445544
445588
445749
445768
445903
446195
446271
446312
446395
446525
446624
446632
446756
446782
446974
447195
447229
447252
447357
447493
447699
447782
448090
448175
448218
448246
448333
448419
448435
448442
448518
448598
448616
448822
448842
448852
448934
449033
449174
449185
449250
449415
449574
449661
449699
449832
449979
450041
450071
450149
450238
450425
450591
450653
450670
450902
450962
450969
451025
451124
451175
451178
451195
451276
451304
451484
451770
451928
451967
451999
452005
452124
452432
452610
452877
452986
453012
453143
453270
453385
453401
453571
453626
453756
453775
453802
453843
453854
453860
454016
454139
454255
454433
454531
454574
454620
454738
454863
454866
455038
455092
455148
455218
455398
455407
455462
455495
455537
455584
455617
455872
455994
456109
456351
456496
456742
456849
456852
456967
457054
457080
457150
457188
457268
457316
457526
457570
457581
457626
457643
457720
457727
458146
458706
458725
458750
458755
458819
459090
459336
459375
459554
459590
459809
459908
460023
460030
460104
460126
460163
460200
460246
460248
460413
460605
460655
460672
460841
460968
461171
461230
461276
461280
461704
461843
461914
461950
462039
462115
462373
462392
462506
462662
462691
462766
462800
463292
463325
463522
463584
463606
463651
463919
464047
464162
464216
464706
464884
464939
464973
465067
465143
465252
465282
465516
465778
465792
466000
466013
466072
466132
466246
466407
466480
466503
466508
466541
466831
466875
467016
467161
467562
467590
467668
467689
467767
467819
467929
467932
467959
468072
468100
468171
468257
468444
468502
468513
468515
468609
468623
468918
469042
469058
469061
469080
469161
469163
469175
469180
469297
469337
469466
469551
469714
469729
469907
469965
470250
470254
470302
470437
470486
470536
470664
470676
470719
470816
470826
470889
470929
470948
470958
471004
471032
471047
471067
471164
471224
471344
471406
471517
471599
471641
471881
472024
472089
472222
472249
472279
472350
472399
472450
472492
472556
472689
472830
473008
473031
473328
473350
473483
473504
473505
473632
473745
473881
473995
474056
474094
474146
474304
474312
474317
474436
474501
474616
474648
474693
475064
475156
475321
475324
475370
475469
475571
475642
475805
475884
475989
476146
476320
476540
476652
476796
477062
477089
477222
477466
477719
478082
478130
478175
478200
478210
478227
478294
478400
478476
478499
478517
478551
478585
478714
478860
478967
478987
479042
479088
479264
479462
479620
479656
479671
479679
479707
480170
480309
480353
480369
480432
480631
480760
480864
481032
481051
481131
481169
481215
481224
481268
481306
481423
481460
481767
481836
481932
482078
482294
482625
482626
482646
482816
482827
482875
482915
482946
482972
483194
483341
483414
483464
483592
483644
483669
483784
483789
484084
484152
484236
484329
484339
484434
484470
484516
484523
484524
484597
485014
485018
485033
485070
485203
485372
485388
485541
485542
485584
485758
485867
486011
486197
486203
486246
486250
486283
486333
486404
486692
486769
486795
486840
486853
486907
487027
487127
487130
487135
487176
487189
487272
487452
487456
487688
487757
487901
488058
488166
488231
488338
488339
488438
488584
488699
488907
489177
489201
489246
489311
489348
489359
489556
489638
489659
489938
489954
490076
490200
490343
490379
490433
490519
490558
490611
490617
490670
490673
490748
490788
490860
490873
490990
491085
491357
491584
491710
491861
491893
492158
492369
492423
492443
492471
492565
492830
493085
493136
493255
493314
493414
493511
493612
493615
493670
493703
493766
493811
493880
493978
494038
494078
494087
494101
494229
494281
494302
494443
494474
494508
494645
494789
494808
495006
495249
495444
495594
495628
495679
495809
495850
495949
495985
496127
496210
496257
496290
496391
496611
496660
496749
496801
496910
496997
497107
497123
497552
497642
497704
497714
497797
497927
498070
498316
498459
498501
498516
498564
498597
498649
498714
499009
499132
499139
499427
499431
499751
499810
499946
500021
500165
500255
500263
500444
500460
500667
500786
500944
501068
501080
501131
501228
501351
501420
501430
501511
501589
501710
501728
501833
501863
501904
501912
501922
502076
502108
502502
502988
503034
503109
503188
503229
503246
503525
503534
503583
503634
503638
503665
503834
503962
504488
504510
504693
504787
504842
504866
504947
504985
505040
505061
505101
505381
505417
505452
505553
505927
506257
506332
506388
506515
506862
506953
507019
507074
507125
507216
507281
507353
507358
507523
507528
507534
507549
507636
507766
507949
507965
508205
508689
509105
509120
509163
509206
509221
509237
509288
509481
509642
509689
509706
509947
510500
510656
510920
511183
511220
511408
511414
511762
511997
512196
512282
512287
512343
512558
512622
512648
512769
512983
513085
513250
513298
513462
513548
513563
513635
513766
513781
514138
514262
514276
514338
514515
514525
514672
514714
515056
515407
515442
515509
515754
515770
515877
516086
516301
516472
516718
516773
516815
516875
516967
517269
517350
517554
517562
517580
517589
518118
518162
518175
518213
518320
518374
518403
518482
518484
518601
518633
518936
519012
519224
519333
519594
519655
519902
519930
520049
520123
520420
520673
520679
520915
520938
520984
521143
521159
521277
521280
521344
521365
521398
521638
521756
521810
521998
522195
522361
522426
522445
522661
522726
522814
522865
522980
523051
523160
523349
523501
523727
523990
524159
524229
524276
524377
524494
524640
524762
524791
525007
525385
525393
525572
525576
525582
525656
525676
525746
525995
526283
526311
526406
526525
526849
526877
526890
526962
527046
527108
527178
527374
527505
527544
527573
527606
527641
527683
527745
527781
527840
527872
527905
527922
528049
528111
528158
528518
528630
528728
528786
528877
528989
529081
529168
529214
529408
529687
529729
529740
529857
529875
529912
530027
530066
530080
530101
530186
530409
530634
530726
530747
530910
531251
531397
531425
531476
531556
531606
531666
532028
532242
532303
532481
532574
532791
532829
532929
532938
533003
533011
533196
533238
533369
533394
533461
533517
533565
533815
534155
534275
534437
534579
534795
534833
534918
535026
535141
535254
535380
535718
535881
535900
536037
536133
536160
536255
536295
536342
536490
536602
536603
536616
536683
536687
536745
536770
536789
536943
536965
536968
536974
537248
537338
537360
537483
537507
537683
537773
538537
538538
538611
538717
538839
539346
539380
539452
539513
539606
539678
540041
540217
540622
540970
541085
541114
541321
541352
541461
541683
541883
542044
542180
542252
542285
542306
542706
542720
542875
542939
542942
542995
543042
543049
543080
543183
543361
543444
543453
543472
543567
543578
543932
543974
543979
544025
544055
544125
544266
544283
544319
544531
544632
544692
544775
544779
545043
545276
545302
545594
545694
545765
545937
546131
546249
546351
546394
546409
546416
546792
546854
547022
547103
547110
547174
547209
547287
547450
547467
547552
547623
547628
547876
547966
547970
547987
548016
548043
548060
548118
548498
548584
549044
549053
549220
549229
549305
549398
549494
549711
549871
550124
550174
550230
550328
550386
550390
550433
550604
550705
550714
550734
550869
550975
550988
551065
551112
551222
551247
551325
551336
551404
551486
551914
551925
552100
552155
552434
552436
552518
552583
552627
552718
552940
553003
553040
553048
553139
553193
553350
553665
553666
553706
553792
553794
553815
553881
553982
554432
554433
554457
554462
554617
554703
554723
554778
555109
555465
555664
555753
555789
555921
556072
556107
556208
556264
556269
556344
556364
556376
556527
556560
556574
556603
556632
556636
556919
556952
557089
557092
557181
557239
557467
557554
557622
557658
557840
557974
558049
558062
558075
558219
558247
558396
558455
558504
558550
558744
558801
558814
558829
558850
558999
559249
559340
559360
559391
559503
559595
559600
559866
560087
560096
560116
560421
560455
560655
560784
560823
561230
561711
561745
561926
562034
562109
562156
562417
562496
562499
562502
562558
562653
562661
562707
562742
562792
562821
562844
562855
562984
563177
563278
563337
563372
563482
563597
563673
563694
563716
563738
563755
563879
563896
563913
563937
564056
564078
564172
564214
564216
564286
564380
564414
564565
564604
564683
564741
564797
564860
565145
565282
565347
565427
565456
565726
565789
566063
566148
566379
566488
566575
566603
566744
566748
567036
567072
567089
567219
567328
567341
567373
567383
567406
567605
567642
567646
567657
567684
567718
567806
567842
567890
567909
567926
567989
568117
568141
568164
568339
568421
568455
568468
568492
568598
568656
568776
568793
568916
569000
569170
569175
569456
569478
569544
569550
569665
569673
569772
569961
570008
570098
570194
570361
570370
570436
570521
570542
570572
570645
570902
570904
570940
570982
571163
571326
571633
571934
572109
572150
572153
572215
572386
572448
572493
572494
572511
572518
572564
572757
572802
573069
573344
573586
573624
573685
573781
573785
573794
573925
574110
574232
574287
574297
574331
574341
574996
575213
575347
575351
575531
575619
575722
575834
576049
576109
576205
576299
576356
576359
576400
576445
576522
576539
576698
577352
577380
577633
577655
577659
577661
577691
578080
578338
578589
578674
578688
578961
579210
579281
579456
579710
579781
579787
579818
580060
580346
580425
580545
580586
580930
581117
581359
581378
581559
581720
581756
581796
581834
581907
582093
582188
582213
582297
582424
582440
582596
582670
582710
582777
582842
582948
582988
583132
583177
583219
583334
583346
583347
583444
583569
583630
583685
583794
583900
583953
583973
584007
584074
584081
584105
584212
584219
584570
584666
584754
584769
584802
584872
585171
585239
585261
585356
585381
585603
585675
585721
585764
585832
585834
586175
586200
586243
586504
586561
586752
586867
586875
586951
587055
587081
587118
587137
587418
587436
587499
587502
587533
587541
587638
587689
587891
587939
587990
588048
588141
588219
588272
588275
588348
588375
588408
588447
588753
588823
589001
589088
589138
589236
589325
589405
589445
589477
589515
589661
589691
589793
589835
589845
589907
590070
590075
590162
590237
590283
590350
590505
590548
590591
590610
590779
590860
590889
590957
590975
590981
591130
591189
591197
591201
591259
591484
591698
591733
591937
591994
592031
592094
592218
592255
592309
592323
592409
592439
592458
592874
592897
593288
593304
593331
593339
593346
593613
593628
593642
593746
593779
593894
593914
594180
594419
594438
594517
594753
595204
595301
595311
595351
595435
595455
595596
595672
595690
595888
595924
595979
596043
596065
596127
596131
596263
596467
596692
596770
597067
597133
597195
597233
597316
597477
597796
597862
598025
598060
598117
598138
598152
598252
598361
598444
598477
598741
598888
599201
599341
599427
599593
600243
600260
600461
600470
600606
600754
600867
600965
601039
601109
601136
601141
601231
601271
601485
601570
601576
601872
602051
602061
602166
602316
602372
602529
602760
602769
602808
602825
602886
602938
603025
603068
603194
603286
603349
603396
603407
603531
603539
603630
603643
603846
603870
603964
603983
604001
604072
604149
604183
604200
604351
604560
604608
604640
604749
604853
605022
605101
605123
605683
605706
605769
605853
606003
606184
606301
606385
606637
606706
606929
607070
607369
607380
607395
607550
607584
607665
607994
608022
608105
608234
608242
608313
608334
608510
608556
608589
608662
608858
608981
608990
609001
609190
609220
609304
609385
609545
609748
609857
610079
610108
610432
610473
610551
610813
611352
611372
611469
611512
611581
611590
611696
611766
611791
611931
611973
612063
612105
612225
612238
612249
612476
612537
612610
612772
612796
612934
612935
612950
613088
613159
613314
613351
613368
613398
613455
613527
613785
613821
614001
614072
614294
614471
614502
614533
614595
614659
614703
614717
614805
615137
615419
615672
615782
615870
616044
616056
616109
616171
616184
616219
616230
616460
616507
616634
616671
616835
616939
616944
616999
617017
617156
617337
617443
617688
617827
617872
617878
617887
618227
618231
618400
618414
618418
618604
618655
618815
618827
618894
618957
619038
619078
619125
619202
619326
619341
619580
619677
619778
619845
619886
619906
619982
619999
620224
620317
620323
620366
620436
620481
620521
620714
620805
620847
620875
620897
620909
621017
621073
621315
621320
621366
621382
621408
621529
621553
621732
621894
622051
622149
622496
622638
622872
622928
622977
623023
623079
623289
623361
623446
623448
623626
623704
623791
623960
624013
624072
624127
624405
624435
624543
624702
624760
624763
624781
624874
624943
624955
624971
624974
625052
625163
625406
625456
625466
625493
625511
625565
625790
625870
625919
625933
625981
626009
626024
626269
626609
626628
626641
626705
626721
626861
626907
626977
627055
627112
627274
627293
627420
627703
627754
627823
627930
628069
628227
628333
628370
628372
628391
628403
628485
628948
628973
629045
629358
629455
629473
629492
629512
629664
629685
629723
629863
629913
629998
630065
630140
630210
630218
630239
630268
630291
630442
630451
630481
630526
630582
630763
630788
630910
630930
631245
631294
631471
631550
631679
631867
632027
632028
632230
632430
632564
632635
633074
633324
633418
633429
633598
634076
634114
634263
634364
634389
634485
634817
635133
635235
635311
635324
635421
635486
635775
635822
635962
635993
636057
636232
636399
636663
636701
636781
636906
637033
637086
637168
637268
637391
637482
637536
637576
637721
637830
637870
637946
637999
638040
638049
638205
638230
638279
638331
638798
638816
638848
638883
638899
639201
639214
639243
639318
639350
640062
640166
640487
640737
640743
640749
640807
640932
640959
641048
641148
641152
641219
641366
641407
641574
641684
641773
641788
641818
641848
641889
642091
642164
642346
642559
642633
642642
642947
642959
643130
643341
643446
643612
643693
643779
643841
644387
644441
644474
644510
644608
644615
644710
644741
644833
644882
644899
644948
644989
645051
645160
645167
645176
645212
645293
645301
645680
645824
645859
645951
645997
646157
646433
646547
646816
646840
646935
647127
647161
647481
647498
647505
647517
647604
647660
647809
647876
648009
648024
648072
648359
648431
648650
648853
648984
649581
649737
649793
649857
650154
650607
650643
650750
650885
650888
650992
651008
651096
651260
651270
651347
651649
651799
652047
652085
652162
652250
652361
652527
652530
652619
652930
653092
653152
653317
653332
653357
653585
653594
653615
653888
653932
654183
654252
654275
654355
654461
654472
654672
654715
654958
655007
655074
655095
655096
655148
655153
655208
655255
655258
655331
655463
655480
655576
655722
655751
655799
655851
655900
656084
656282
656347
656426
656510
656522
656596
656844
656926
657134
657338
657424
657469
657492
657494
657668
657716
657771
657921
657963
658045
658057
658062
658328
658392
658437
658461
658470
658707
658713
658880
659034
659232
659317
659381
659447
659605
659869
659888
659979
660004
660005
660258
660290
660406
660566
660685
660722
660797
660843
660944
661074
661190
661198
661239
661280
661293
661571
661671
661723
661795
661996
662304
662351
662420
662454
662461
662646
662724
662887
662944
663073
663159
663214
663221
663261
663421
663425
663523
663563
663731
663801
663831
663952
664100
664186
664235
664278
664349
664375
664422
664685
665005
665035
665269
665276
665303
665345
665553
665574
665640
665750
665759
665851
666175
666313
666327
666662
666705
666788
666795
666796
666842
667012
667026
667105
667344
667350
667404
667487
667537
667709
667816
667903
668009
668209
668337
668341
668363
668537
668622
668625
668724
668804
668842
668851
668870
668985
669026
669099
669111
669158
669288
669323
669346
669445
669583
669828
669903
670028
670200
670393
670431
670443
670454
670490
670540
670545
670773
670880
670990
670994
671117
671236
671291
671338
671574
671616
671617
671794
671849
671906
672011
672031
672048
672073
672075
672249
672320
672365
672392
672503
672531
673111
673125
673241
673298
673301
673626
673740
673911
674117
674119
674197
674219
674459
674643
674651
674695
674816
674842
675064
675131
675197
675227
675293
675313
675329
675333
675625
675843
676072
676123
676268
676322
676330
676571
676728
676793
676844
677023
677077
677214
677587
677624
677628
677640
677723
677770
677818
677899
677930
677935
677950
677980
677983
678112
678120
678179
678182
678215
678310
678356
678500
678719
679021
679174
679213
679217
679326
679436
679451
679866
679867
680017
680026
680107
680193
680290
680395
680452
680504
680526
680532
680560
680689
680977
681044
681112
681134
681316
681526
681538
681609
681755
681791
681905
682112
682207
682243
682257
682283
682317
682342
682394
682415
682550
683169
683238
683295
683418
683424
683512
683702
683705
683981
684124
684470
684562
684576
684579
684646
684692
684722
684842
684933
684988
685014
685430
685487
685492
685495
685556
685579
685835
685902
685968
686036
686057
686284
686388
686651
686943
686988
687014
687022
687129
687199
687237
687324
687482
687524
687771
687918
688007
688139
688553
688683
688691
688703
688803
688980
689295
689326
689474
689549
689577
689642
689832
689838
689846
690012
690127
690160
690249
690263
690607
690750
690915
691001
691204
691225
691243
691549
691740
691751
691844
692044
692260
692283
692409
692424
692482
692826
693025
693311
693446
693451
693509
693595
693647
693684
693845
694056
694080
694185
694195
694230
694298
694647
694789
694801
694809
694907
695084
695153
695161
695262
695286
695401
695553
695653
695923
695993
696102
696294
696541
696592
696750
696823
696884
696915
696918
697033
697137
697222
697272
697276
697624
697645
697686
697951
698143
698289
698473
698537
698575
698671
698717
698802
698858
698937
699113
699165
699338
699348
699472
699650
699742
700102
700171
700257
700265
700412
700435
700494
700541
700614
700685
700698
700766
700775
700777
700819
700864
701068
701102
701218
701268
701328
701350
701499
701560
701588
701800
701829
701838
702051
702159
702167
702332
702344
702454
702540
702652
702777
703150
703272
703284
703344
703541
703557
703564
703592
703604
703667
703790
703991
704035
704090
704099
704136
704151
704258
704313
704372
704487
704581
704596
704638
704713
704720
704751
705162
705517
705602
705831
706133
706220
706510
706659
706752
706961
707185
707296
707424
707541
707628
707844
707864
707894
707955
707972
708018
708039
708060
708131
708150
708242
708381
708496
708536
708909
708962
708968
708996
708997
709210
709223
709351
709437
709512
709816
709840
709909
709996
710049
710079
710124
710157
710262
710306
710385
710458
710511
710519
710563
710742
711066
711202
711220
711221
711320
711372
711450
711516
711661
711667
711702
711754
711866
711998
712051
712247
712395
712397
712445
712454
712750
712799
712857
712907
713061
713120
713188
713326
713341
713382
713575
713768
713779
713806
713820
713869
713877
713958
714093
714097
714132
714152
714316
714435
714700
715014
715033
715104
715159
715329
715426
715696
715765
715771
715819
715854
716016
716238
716324
716404
716443
716607
716626
716627
716642
716769
716873
716948
716992
717014
717353
717453
717785
718100
718169
718304
718416
718443
718805
718807
718927
719083
719153
719372
719397
719566
719767
719816
719836
719896
720170
720493
720838
720897
721038
721054
721079
721112
721255
721484
721545
721824
721830
721976
721985
722060
722253
722477
722511
722518
722541
722585
722611
722649
722804
723276
723472
723478
723651
723680
723795
724009
724031
724201
724249
724366
724512
724617
724935
724973
725037
725271
725324
725350
725369
725497
725668
725709
725729
725850
725951
726101
726116
726132
726153
726513
726581
726624
726706
726770
727161
727198
727224
727539
727583
727840
727872
727931
727945
728314
728412
728821
728873
728881
728903
728912
728922
729006
729106
729171
729304
729314
729441
729491
729533
729628
729827
730013
730091
730137
730180
730428
730455
730989
731163
731282
731327
731427
731635
731698
731889
732253
732277
732298
732317
732407
732449
732524
732668
733291
733295
733361
733414
733458
733864
733899
733949
734054
734215
734521
734740
734741
734745
735169
735248
735326
735351
735367
735418
735449
735503
735526
735662
735754
735758
735785
735801
735821
735856
735943
736057
736344
736628
736838
737198
737503
737644
737717
737722
737723
737783
737847
737933
738192
738217
738250
738268
738663
738792
738848
739004
739076
739125
739310
739361
739436
739591
739664
739692
739695
739848
740024
740174
740198
740400
740455
740662
740666
740922
740975
741024
741335
741344
741508
741529
741593
741660
741676
741828
741872
742178
742357
742467
742662
742804
742862
742900
742987
742998
743038
743081
743144
743229
743287
743385
743439
743507
743533
743856
743986
744089
744180
744285
744349
744504
744654
744808
745015
745054
745121
745151
745165
745283
745371
745477
745678
745832
745930
745983
746016
746127
746295
746334
746395
746523
746587
746610
746744
746747
746748
746892
747190
747210
747340
747557
747696
748073
748102
748140
748145
748327
748553
748684
748811
748904
749135
749267
749463
749488
749589
749659
749761
749800
749955
750057
750108
750282
750346
750393
750509
750533
750634
750762
750851
751121
751182
751257
751439
751459
751649
752129
752201
752268
752383
752404
752491
752510
752581
752589
752648
752695
752765
752815
753075
753225
753353
753751
753841
753904
753940
754139
754156
754161
754166
754171
754211
754273
754460
754470
754580
754608
754989
755001
755308
755320
755436
755678
755785
755842
756281
756319
756342
756547
756570
756598
756605
756711
756741
756818
756934
756984
757225
757362
757388
757389
757479
757752
757847
758152
758258
758322
758348
758407
758473
758522
759063
759327
759335
759412
759581
759763
759896
759925
759934
760252
760263
760357
760500
760576
760607
760793
760943
761311
761345
761475
761519
761679
761783
761816
761914
761964
761988
762088
762382
762546
762589
762683
762833
762983
762987
762997
763095
763168
763197
763215
763284
763511
763521
763844
763853
764098
764110
764128
764448
764823
764857
764934
765129
765252
765579
765606
765614
765743
766037
766161
766190
766254
766256
766259
766309
766312
766397
766411
766587
766943
766998
767108
767197
767201
767236
767356
767365
767539
767575
767577
767682
767762
767832
767839
767905
767924
768105
768158
768257
768297
768348
768350
768401
768506
768691
768941
769004
769005
769011
769292
769358
769395
769423
769643
769772
769801
769935
770054
770140
770152
770186
770238
770281
770463
770479
770536
770542
770650
770704
770744
770766
770796
770895
770898
771003
771090
771287
771321
771667
771700
771725
771790
771969
772057
772231
772283
773255
773270
773303
773395
773436
773668
773697
773794
774016
774018
774155
774227
774229
774263
774418
774448
774590
774673
774745
774748
775101
775239
775281
775471
775492
775515
775565
775640
775722
775771
775932
775963
775978
776076
776105
776304
776373
776374
776513
776545
776569
776725
776865
776930
777109
777123
777174
777658
777715
777728
777800
777838
777841
777894
777956
778371
778378
778437
778762
778778
778904
778982
779006
779047
779096
779159
779437
779617
779675
779846
779985
780174
780222
780266
780274
780285
780335
780350
780395
780400
780450
780570
780951
780975
781002
781003
781026
781149
781173
781210
781299
781303
781689
781767
781783
781823
782028
782136
782151
782497
782548
783116
783122
783238
783406
783468
783525
783591
783611
783686
783806
783913
784068
784274
784729
784816
785173
785174
785257
785264
785716
785721
785757
785779
785841
785857
786064
786204
786272
786494
786496
786749
786756
786901
787095
787203
787272
787487
787684
787753
787806
787840
787952
788030
788108
788158
788221
788353
788430
788468
788569
788575
788764
788918
788930
789131
789233
789318
789575
789758
789958
790332
790399
790502
790577
790741
790990
791275
791321
791590
791796
791990
792126
792239
792457
792583
792615
792633
792944
792948
793033
793079
793383
793518
793590
793612
793686
793740
793898
794064
794091
794117
794152
794176
794216
794401
794567
794600
794610
794635
794705
794769
794782
794818
794876
794969
795186
795289
795637
795677
795948
796123
796381
796488
796494
796647
796670
796686
796699
796931
796967
796987
797038
797162
797176
797252
797336
797399
797405
797408
797599
797750
797799
797806
797854
797902
797948
797952
798164
798174
798234
798287
798306
798389
798402
798461
798694
798736
798801
798852
799114
799149
799187
799298
799434
799435
799512
799593
799614
799668
799688
799738
799803
799863
800057
800071
800158
800214
800231
800278
800433
800490
800557
800574
800589
800680
800763
800792
800822
800885
800987
801114
801152
801453
801466
801525
801552
801553
801650
802121
802132
802136
802148
802465
802555
802571
802582
802782
803077
803147
803468
803780
803854
804143
804718
804931
804932
805048
805165
805264
805276
805415
805426
805530
805532
805555
805722
805840
806057
806227
806336
806463
806581
806757
806795
806874
806937
807026
807167
807190
807405
807460
807526
807655
807657
807703
807881
807894
807924
807957
807989
808037
808224
808273
808311
808328
808372
808388
808554
808609
808613
808831
809155
809180
809193
809338
809415
809454
809525
809557
809768
809847
809905
809987
809998
810277
810310
810424
810727
810773
810873
810960
811194
811278
811505
811837
811946
811960
812364
812502
812531
812920
812925
812927
812929
812930
813012
813040
813063
813207
813236
813280
813455
813472
813511
813616
813885
813971
813983
814072
814084
814091
814095
814273
814374
814466
814477
814590
814592
814609
814660
814684
814771
814877
814888
815119
815485
815610
815633
815689
815741
815777
815796
815910
815966
816046
816051
816140
816229
816329
816423
816485
816740
816807
816834
817013
817140
817301
817321
817360
817445
817551
817606
817607
817621
817694
817707
817723
817726
817731
817836
817939
818002
818043
818057
818142
818150
818207
818306
818373
818426
818439
818562
818599
818646
818876
818923
819093
819159
819441
819561
819581
819652
819741
819764
819827
820121
820566
820617
820647
820686
820796
820816
820846
821237
821392
821393
821503
821696
822037
822213
822257
822293
822345
822487
822507
822568
822671
822676
822765
822857
822978
823186
823252
823370
823435
823472
823541
823770
823936
824348
824354
824597
824613
824755
824902
824990
825164
825195
825285
825288
825392
825433
825556
825572
825616
825660
825742
825749
825905
825969
826111
826523
826791
826805
826823
826880
826911
827002
827154
827231
827239
827257
827370
827410
827528
827750
827790
828075
828087
828166
828240
828391
828437
828466
828540
828566
828688
828781
828793
828819
828828
828926
828994
829096
829136
829186
829255
829389
829459
829841
829891
830059
830151
830256
830319
830532
830681
830750
830963
830982
831098
831452
831569
831679
831800
831820
831845
832139
832232
832392
832426
832475
832505
832748
832872
832873
833036
833087
833088
833127
833128
833136
833303
833387
833436
833481
833520
833756
833819
834142
834320
834370
834566
834579
834618
834652
834657
834666
834720
834722
835024
835095
835096
835144
835168
835199
835206
835308
835601
835634
835944
835960
836034
836106
836132
836250
836414
836437
836452
836569
836694
836808
836997
837172
837190
837280
837323
837412
837530
837878
837891
837944
838012
838074
838110
838111
838312
838322
838419
838482
838583
838676
838918
839030
839182
839439
839463
839466
839558
839591
839724
839929
840057
840280
840350
840536
840680
840797
840948
840962
840964
840993
841019
841061
841246
841322
841344
841779
841933
841949
841984
842043
842057
842450
842598
842644
842708
842709
842730
842771
842784
842933
843104
843154
843226
843337
843388
843445
843518
843553
843567
843585
843631
843634
843720
843890
844081
844124
844192
844216
844301
844309
844319
844328
844382
844390
844426
844851
845060
845064
845202
845338
845467
845706
845739
845776
845815
845842
845895
846165
846236
846368
846389
846429
846433
846491
846516
846588
846613
846615
846727
846728
846765
847026
847352
847407
847466
847484
847938
848072
848231
848273
848328
848465
848496
848500
848585
848646
848889
848961
849058
849170
849231
849366
849406
849417
849467
849626
849628
849712
849714
849800
850217
850268
850405
850516
850530
850655
850658
850666
850696
850807
850866
851224
851228
851309
851326
851461
851590
851721
851723
851736
851780
851795
851948
852010
852027
852119
852121
852237
852444
852507
852651
852702
852710
852737
852919
852953
853054
853112
853117
853189
853242
853284
853338
853358
853401
853501
853522
853841
853894
853904
853958
853995
853999
854096
854102
854245
854272
854344
854399
854408
854477
854537
854621
854711
854718
854720
854851
854863
855134
855219
855282
855433
855462
855565
855570
855668
855681
855686
855866
855880
855929
855980
856097
856107
856213
856338
856444
856463
856532
856583
856728
856752
856806
856838
856864
857165
857504
857741
857867
857935
858031
858132
858248
858290
858295
858462
858478
858494
858634
858651
858841
858891
858981
859047
859254
859260
859305
859361
859606
859699
860095
860119
860145
860352
860408
860500
860621
860637
860669
860908
860968
861016
861210
861364
861392
861625
861850
861868
861895
861898
861899
861956
861974
862535
862539
862586
862642
862648
862816
862872
863020
863103
863425
863439
863610
863731
863863
864078
864091
864192
864211
864452
864547
864716
864922
865078
865109
865175
865367
865489
865565
865577
865777
865941
866001
866078
866172
866179
866281
866303
866620
866694
866738
866812
867007
867198
867219
867229
867271
867283
867360
867556
867636
868118
868126
868360
868363
868393
868559
868765
868841
868852
868934
869367
869500
869562
869564
869728
869816
869894
869900
869919
869920
869925
869972
870087
870339
870351
870363
870367
870451
870500
870797
870917
871366
871477
871518
871547
871565
871588
871979
872161
872251
872258
872364
872434
872565
872598
872667
872677
872916
872946
873036
873112
873274
873349
873354
873412
873428
873557
873603
873663
873694
873811
873816
873840
873903
873972
873974
874153
874171
874194
874482
874484
874678
874698
874710
874725
874761
874786
874842
875081
875146
875184
875236
875255
875643
875781
875851
876051
876159
876246
876279
876386
876422
876452
876644
876660
876676
876703
876807
876818
876851
876923
877137
877183
877209
877388
877495
877545
877771
877775
877838
877896
878058
878400
878798
879248
879334
879381
879712
879854
880095
880223
880230
880254
880256
880517
880548
880830
881151
881162
881341
881410
881740
881782
881948
882125
882148
882389
882466
882519
882661
882709
882830
882835
882977
883094
883226
883229
883259
883275
883310
883551
883562
883571
883612
883736
883782
883955
884107
884150
884168
884209
884259
884292
884349
884354
884494
884521
884634
884712
884718
884841
884874
884922
884927
884944
884965
884976
884979
885051
885088
885172
885190
885270
885423
885587
885591
885754
886068
886196
886229
886254
886261
886283
886464
886541
886687
886715
886954
886958
886967
886985
887014
887130
887187
887298
887334
887492
888076
888501
888680
888712
888735
888756
888853
889170
889177
889193
889272
889365
889419
889519
889617
889740
889772
889833
890302
890529
890561
890621
890776
890970
891031
891145
891294
891398
891401
891410
891432
891551
891597
892022
892130
892299
892512
892783
892801
892926
892977
893031
893224
893226
893252
893365
893389
893665
893767
893866
893920
894171
894203
894220
894373
894483
894663
894693
894790
894916
894942
895045
895175
895260
895277
895345
895406
895492
895521
895812
895960
895964
895968
896313
896444
896534
896580
896676
896715
896731
896740
896807
896837
897008
897071
897213
897393
897412
897435
897655
897853
897855
897892
898016
898049
898075
898304
898387
898440
898840
898859
898889
899202
899211
899480
899622
899623
899804
899856
899876
899879
899916
899988
900124
900127
900346
900381
900440
900493
900606
900671
900990
901070
901096
901118
901211
901379
901421
901502
901629
901673
901800
901861
901943
901964
902021
902023
902131
902184
902223
902303
902309
902406
902426
902559
902741
902866
902895
902915
903136
903205
903238
903248
903263
903316
903551
903586
903603
903654
903694
903825
903907
903930
904369
904451
904464
904486
904521
904589
904610
904876
905093
905119
905161
905232
905356
905457
905473
905487
905581
905838
905900
905995
906217
906244
906283
906299
906347
906351
906446
906699
906768
906830
906843
906849
906904
906905
906983
907050
907311
907360
907421
907766
907771
907804
907809
907813
907840
907887
908015
908047
908073
908125
908146
908173
908430
908496
908530
908597
908831
908987
909023
909201
909417
909435
909530
909732
909794
909832
909849
909870
909960
910015
910141
910192
910228
910396
910417
910445
910585
910711
910738
911023
911037
911101
911186
911193
911205
911226
911393
911434
911470
911547
911740
911779
911783
911849
912051
912151
912214
912337
912367
912431
912471
912662
912758
912783
912914
912997
913001
913071
913122
913126
913196
913256
913284
913309
913329
913458
913619
913681
913739
913740
913935
913963
914064
914083
914113
914263
914451
914726
914735
914878
914907
914974
915012
915026
915165
915534
915546
915671
915734
915736
915796
915948
915998
916022
916094
916163
916193
916217
916304
916487
916530
916583
916638
916699
916704
916826
916988
917061
917066
917190
917192
917221
917575
917585
917742
917746
917770
917901
917932
918110
918467
918648
918726
918761
918919
918944
918984
919002
919076
919155
919231
919274
919277
919338
919578
919634
919886
919924
919938
920144
920173
920355
920362
920444
920463
920537
920679
920698
920745
920999
921308
921493
921561
921801
921943
921966
921982
922027
922029
922149
922325
922334
922365
922388
922675
922765
922769
922844
922866
923059
923085
923116
923305
923474
923848
924000
924365
924370
924830
924839
924963
925001
925057
925405
925416
926151
926226
926303
926427
926480
926598
926781
926808
926873
926931
926940
926969
926970
926971
927184
927212
927526
927527
927604
927722
927810
927883
927928
928161
928310
928384
928622
928753
928778
928838
929059
929126
929179
929265
929307
929479
929586
929678
929896
930178
930193
930315
930440
930445
930601
931055
931154
931316
931418
931494
931576
931603
931699
931865
932130
932199
932313
932424
932448
932619
932631
932861
932902
933013
933107
933130
933158
933263
933305
933379
933443
933562
933912
934000
934210
934251
934299
934584
934715
934888
934910
935024
935026
935086
935134
935229
935328
935345
935398
935409
935490
935510
935551
935597
935687
935739
935819
935937
936044
936330
936413
936478
936507
936525
936766
936784
936840
936951
937193
937292
937320
937386
937415
937427
937439
937489
937496
937536
937648
937665
937690
937712
937789
937916
937969
938022
938026
938224
938334
938453
938537
938753
938802
938923
938972
938973
938979
939032
939094
939138
939160
939172
939311
939603
939670
939713
939731
939744
939925
940010
940103
940104
940151
940213
940235
940400
940410
940534
940716
940891
941009
941048
941216
941217
941327
941626
941719
941766
941882
941928
941938
941952
941974
942392
942426
942548
942619
942657
942659
942726
942762
942817
942837
942874
942927
942931
943073
943219
943254
943274
943287
943395
943589
943651
943656
943661
943693
943710
943919
943943
943969
943989
944143
944145
944192
944248
944363
944389
944400
944566
944577
944633
944663
944709
945026
945140
945308
945532
945543
945714
945798
945833
945973
945983
946262
946287
946343
946391
946509
946572
946626
946688
946735
946942
947171
947322
947324
947372
947468
947597
947604
947657
947790
947892
947896
947899
947952
948028
948087
948099
948123
948141
948230
948311
948362
948404
948445
948677
948865
948932
949008
949408
949457
949625
949828
949879
949939
950070
950154
950415
950519
950710
951117
951209
951289
951314
951334
951345
951363
951375
951413
951449
951518
951585
951654
951706
951800
951932
951952
952179
952308
952438
952445
952625
952673
952754
952934
952992
953236
953291
953696
953715
953841
954038
954200
954622
954667
954689
954759
955063
955217
955286
955351
955408
955571
955619
955678
955776
955903
955924
955925
956013
956168
956289
956298
956343
956495
956496
956769
956829
957052
957327
957340
957378
957469
957513
957625
957667
957686
957813
957984
958011
958107
958144
958201
958255
958544
958581
958727
958772
958863
958912
958925
959161
959174
959182
959191
959444
959499
959637
959663
959691
959716
959767
959873
959936
959963
960072
960074
960156
960165
960213
960234
960258
960307
960344
960626
960686
960807
960842
960855
960930
961016
961047
961159
961231
961237
961424
961606
961641
961767
961778
961921
962001
962116
962239
962284
962302
962351
962467
962564
962587
962600
962726
962730
962744
962819
963339
963368
963379
963380
963461
963834
963873
963938
964012
964175
964186
964273
964290
964356
964391
964429
964560
964654
964848
965006
965212
965357
965395
965629
965768
965812
965846
965849
966022
966080
966236
966314
966579
966607
966910
967041
967172
967207
967233
967314
967325
967366
967434
967569
967828
967903
968110
968191
968193
968370
968572
968590
968599
968623
968742
968801
969074
969106
969126
969207
969331
969360
969371
969387
969497
969579
969636
969662
969826
969900
969926
969964
969966
970031
970037
970604
970680
970687
970699
970707
970820
970957
971017
971201
971244
971323
971345
971452
971556
971593
971696
971829
971847
972007
972189
972246
972319
972477
972652
972725
973149
973368
973391
973770
973772
973799
973825
974180
974209
974261
974298
974386
974453
974563
974652
974719
974759
974782
974811
974930
974953
975253
975507
975697
975738
975750
975868
976062
976091
976115
976125
976279
976615
976675
976866
976949
977125
977145
977426
977578
977635
977805
977850
978002
978059
978243
978407
978431
978503
978569
978771
978820
978913
978914
979030
979393
979424
979591
979672
979743
979767
979978
979989
980061
980140
980200
980244
980246
980258
980363
980403
980440
980483
980646
980649
980761
980847
980868
980978
981185
981247
981283
981377
981386
981437
981494
981690
981922
982132
982330
982454
982619
982717
982844
982862
982870
982930
982949
983051
983123
983136
983215
983373
983403
983590
983655
983796
983972
984097
984210
984378
984430
984469
984498
984559
984657
984689
984720
984849
984862
984900
984957
985049
985054
985066
985086
985225
985274
985315
985444
985463
985637
985668
985868
985881
985899
986283
986294
986382
986633
986722
986909
986920
986926
987053
987206
987211
987517
987610
987655
987771
987887
987953
988153
988347
988350
988510
988519
988578
988768
988908
988934
989323
989453
989558
989609
989641
989740
989755
989800
989805
989851
989960
990088
990143
990378
990480
990572
990613
990801
990889
990979
991067
991330
991545
991611
991636
991820
991835
991868
991932
992005
992083
992209
992212
992513
992556
992607
992699
992780
992818
992896
992989
992995
993094
993098
993103
993119
993384
993430
993475
993772
993786
993800
993907
994062
994281
994288
994338
994486
994703
994811
994852
994900
994948
995022
995075
995288
995385
995554
995574
995672
995679
995833
995985
996108
996469
996524
996527
996638
996662
996855
997016
997029
997405
997465
997471
997551
997556
997964
998030
998031
998085
998112
998412
998414
998419
998435
998482
998513
998728
998894
998970
998982
999158
999418
999426
999512
999626
999784
999795
999800
999889
999890
999920
