2340
3910
5792
13477
13593
13810
15426
17012
18019
18117
18273
19316
19811
19877
22000
22390
23622
23989
24915
25739
26187
29381
30633
30655
31482
31684
32262
34104
35636
36169
37951
38354
38690
39122
39891
40589
41290
44242
45528
46159
47915
51098
51792
52869
53308
54831
55336
55714
57353
58922
59364
59968
59996
60786
60921
61773
61876
64640
64907
65085
65223
65362
66149
67484
69175
70791
71051
71981
72696
78212
79161
79457
79779
82018
82151
82282
86309
86606
88470
88918
89610
89968
90311
90777
92150
92583
92759
93054
94401
94860
95911
95922
96185
97263
98618
99261
99287
99310
100628
102983
103272
103374
103462
103502
104920
105393
107537
107852
107979
108168
110601
112450
112452
113191
117299
117717
118457
119379
120373
121662
121680
121789
122690
123049
125759
127501
128031
128521
128614
128956
130232
130464
132363
132541
132699
132810
135220
137422
137935
141411
141910
142213
142939
143331
143836
144342
145042
148062
150082
151902
152748
153827
154111
156078
157114
158147
158222
159815
160709
163551
163676
165049
165865
167438
168068
168583
169426
171001
171714
171715
173762
174312
174410
174431
174624
174673
175213
175243
177785
177903
179347
180447
182930
182965
183276
185457
186041
186616
187792
187872
187917
187940
188131
188251
188495
189759
190714
192479
193765
193793
194374
194454
197994
198658
198889
199190
200239
200966
201245
201376
203644
203781
204229
204805
204824
205708
206473
208391
208640
209364
210246
211656
212646
213665
213836
215448
216717
216835
217074
217340
217668
218226
218832
219185
219559
221294
222548
222863
222867
223918
224748
224877
224994
225133
225507
228557
228834
228918
230480
231911
233812
235217
236358
236785
237575
237775
239878
240018
240268
241841
243012
243584
243634
243761
245871
246368
246603
246903
248258
248270
248686
249708
253698
254548
255960
256549
257103
257562
257977
257987
258356
258545
259152
261252
261553
264164
264631
264999
265009
265034
265187
267193
268516
268825
271085
272247
272286
272565
275231
275373
275721
275831
277231
277315
277892
279860
280875
281376
281383
281578
281773
282957
283132
283375
283926
285273
286062
286499
288497
289922
290126
292825
296016
296174
298071
298239
298979
299319
299910
299979
302358
302634
304081
307396
307765
308188
308684
309471
310237
311612
311676
312505
313004
313322
314953
315139
319145
319653
321178
321792
323655
325028
325139
325572
325695
326702
327290
329322
329648
331169
332175
332646
332663
332698
333551
334560
334642
336996
338968
340516
340633
342312
343424
346106
347457
347995
348406
349578
351694
352837
353559
354350
355094
355448
356687
358153
360867
361045
362760
365238
366790
366938
367155
367259
368475
369242
370285
371144
371215
371704
372423
374493
375957
376330
379387
379898
380184
380346
382210
384941
384978
385471
387904
388806
389543
390230
390326
391004
391225
391363
391412
392028
392862
396550
400163
400694
400762
400784
402927
403801
406478
407295
408016
411022
414913
415639
417152
417184
417548
417791
417942
417985
418533
419382
420572
421212
421857
422648
424192
424364
424556
424853
425329
425618
425907
426183
430764
432849
433259
433519
436324
440216
441819
442171
442299
442676
443602
447588
447727
448438
448796
449367
451076
451403
451701
452997
453763
454051
454135
460791
461482
465427
465566
465927
468136
469476
469688
473584
473827
474075
474737
475710
476487
477311
477629
479396
479947
480992
481518
481906
483598
483932
484008
486019
486418
487015
490089
491505
491616
492159
492815
492901
493158
494794
495631
496009
496420
498700
499618
500240
500681
501357
501436
502465
502574
502935
503634
503890
503937
509141
509777
512329
513315
515146
516032
516834
516950
517483
518026
518212
518295
519052
519965
519983
520856
521062
521788
525225
526670
527019
527214
527598
527705
528555
528671
529506
529899
529981
530386
530543
531493
532247
534339
536112
536543
536876
538072
539244
540806
541126
541336
544292
545192
546601
546793
548698
549059
550088
551085
551752
552128
554117
554740
555207
555223
559281
561973
562098
563717
563863
564120
564499
564852
564928
568230
568476
568850
570506
570941
575221
576686
576703
577570
581519
583295
583511
584341
584797
587021
587341
587781
589826
589905
590102
593369
593832
594182
594433
595161
596300
596764
596773
597167
597229
597587
598414
603569
604364
605388
605588
607474
608365
608730
608857
608999
609128
609593
610972
611523
613349
614510
617423
617744
618091
618922
621142
621150
623660
627299
628447
630617
631059
636363
639241
639653
640646
641862
642180
642659
643019
643131
646439
646916
647641
649074
649873
649945
650442
651379
654116
654617
656719
657043
657430
661234
661977
662960
663607
666953
667370
670875
671346
672013
672127
672426
673018
675866
675920
676360
677140
678798
679034
679782
680575
680670
681105
681670
681686
683796
683982
685949
687510
687774
690996
692678
694564
695090
698960
699317
699548
701347
701582
701933
702446
703080
704497
704545
705366
706633
707552
709531
709992
710720
712817
713030
713331
714572
715517
715940
718179
719749
721224
721430
721644
722935
723569
724007
726200
729010
729730
730048
730389
731651
731740
732293
733750
733777
734534
734872
735886
737291
737820
738783
740002
742012
742283
743151
743534
744844
744884
745807
746169
746531
748771
752427
754838
758600
761172
761332
761965
761966
762703
763610
763737
766341
767644
769689
770838
774093
775515
777838
777885
778398
779302
780683
781251
783016
783418
786696
788005
789354
789628
790360
790636
791819
792414
792649
793129
793252
794964
795240
795927
796313
796767
797266
797286
797986
799475
799986
800436
801497
803045
803300
803930
805754
806561
806951
807203
808597
810269
810789
811253
812188
814460
815431
817123
817162
818269
818667
819108
821756
822248
822675
824023
824085
824732
825957
828879
829561
830039
831782
832761
833339
833562
835107
835902
836805
836992
837510
838201
838566
839109
839367
840550
842033
842092
842725
844095
844633
845686
847121
847368
848991
849047
852140
853159
853654
854385
854977
855344
856524
856662
856937
858781
859830
859998
860261
861237
862049
862323
862550
863158
865511
866083
868529
872292
872487
873106
874251
874899
875104
875487
878930
879695
881267
881790
881925
882621
886371
887208
888589
890440
891926
893684
893914
894620
895222
895530
895700
896910
900987
901372
902011
904127
904312
904348
905605
907191
907886
910855
910906
915358
916233
916740
917353
919616
919933
921757
923080
924703
925334
925637
926620
928059
929913
930824
930945
932015
932403
935551
935889
935936
936481
936516
936791
938096
941498
943980
945635
948932
950139
951934
953588
954064
954439
954639
955377
955556
955949
957049
957250
957873
959509
960095
960456
962458
964507
965854
972055
973627
976064
976700
979654
979751
979799
980215
982445
983868
984528
984897
985030
989530
989740
989899
990027
990079
991345
992578
993069
993397
993499
993532
996047
997108
998381
998565
998824
998889
999823
999863
