302
511
581
615
701
822
912
1009
1058
1080
1256
1324
1640
1757
2038
2104
2173
2195
2240
2272
2356
2371
2535
2853
2964
2996
3073
3090
3122
3128
3322
3347
3700
3709
3789
3922
3967
3988
4003
4113
4149
4155
4268
4303
4335
4365
4754
4862
4956
5032
5639
5698
5940
6113
6193
6206
6240
6264
6389
6537
6715
6768
6883
7066
7116
7277
7416
7479
7507
7512
7608
7807
7932
7936
8099
8258
8437
8448
8577
8679
8857
8861
9143
9148
9248
9463
9527
9598
9717
9944
9970
10012
10013
10015
10175
10263
10357
10431
10621
10738
10827
10836
10874
10974
11005
11233
11234
11550
11640
11723
11795
11824
11826
12004
12036
12139
12224
12280
12308
12350
12708
12775
12811
12908
12948
12960
12995
13008
13221
13357
13404
13448
13567
13649
13674
13716
13721
13787
13794
13824
13879
14000
14057
14059
14125
14128
14153
14205
14279
14284
14399
14507
14510
14763
14791
14844
14863
15043
15204
15292
15571
15580
15621
16013
16048
16182
16211
16340
16362
16380
16399
16603
16610
16717
16842
16916
17019
17097
17320
17376
17429
17544
17785
17975
18179
18182
18280
18365
18542
18618
18774
18867
19019
19108
19113
19424
19543
19776
19866
19966
20081
20204
20258
20286
20314
20347
20399
20400
20426
20458
20490
20549
20553
20566
20959
21057
21139
21182
21191
21279
21489
21528
21666
21947
22106
22196
22228
22292
22349
22398
22492
22556
23258
23277
23288
23343
23473
23551
23659
23719
23959
24077
24178
24272
24273
24310
24347
24383
24404
24493
24525
24592
24683
24839
24956
24981
25036
25356
25412
25418
25455
25592
25608
25996
26016
26211
26412
26424
26492
26517
26891
26964
27117
27209
27386
27568
27594
27665
27720
27731
27884
27991
28035
28163
28227
28233
28279
28476
28482
28524
28549
28552
28597
28650
28707
28739
28873
28935
28944
28967
29051
29137
29244
29315
29403
29596
29801
29827
29933
30143
30377
30505
30636
30805
30867
31058
31146
31363
31412
31596
31608
31692
31752
31758
31768
31909
32140
32570
32635
32699
32718
32744
32749
32760
32765
32773
32819
32832
32953
33112
33129
33188
33197
33202
33330
33460
33509
33591
33598
33602
33619
33665
33735
33769
33907
33932
34066
34149
34404
34426
34470
34528
34683
34746
34754
34900
34972
35127
35209
35319
35344
35384
35396
35568
35590
35651
35655
35763
36133
36297
36442
36604
36705
36810
36835
37290
37313
37321
37328
37398
37401
37411
37607
37647
37750
37977
38143
38233
38505
38506
38736
38809
38835
38859
38875
39073
39105
39252
39255
39362
39458
39657
39934
39979
40305
40361
40434
40479
40601
40720
40750
40970
41018
41359
41440
41468
41601
41644
41673
41811
41890
41976
42013
42169
42352
42388
42407
42579
42593
42685
42712
42732
42808
42891
42982
43134
43311
43320
43344
43351
43373
43451
43600
43894
44257
44314
44588
44674
44942
45089
45175
45265
45342
46050
46093
46133
46152
46210
46268
46511
46712
46729
46756
46775
46889
46895
46924
46956
46970
47096
47105
47374
47376
47470
47488
47564
47612
47628
47851
47989
48040
48197
48340
48368
48409
48424
48507
48538
48789
48864
48902
49059
49061
49066
49088
49135
49444
49449
49566
49598
49677
49901
50141
50252
50517
50742
50761
50774
50941
50982
51053
51151
51600
51649
51652
51794
51818
51824
51982
52116
52184
52409
52428
52457
52467
52492
52603
53000
53026
53043
53084
53119
53190
53480
53568
53678
53823
54197
54300
54331
54466
54499
54523
54942
55048
55053
55136
55303
55310
55322
55361
55468
55514
56023
56142
56601
56618
56623
56788
56830
56862
56967
57219
57352
57369
57373
57375
57400
57414
57476
57568
57611
57782
57959
58079
58165
58176
58275
58361
58436
58553
58597
58609
58674
58766
58769
58900
58926
59116
59205
59296
59385
59599
59690
59785
59876
59944
60060
60064
60205
60272
60337
60366
60418
60773
60808
61117
61329
61366
61393
61464
61795
61883
62123
62159
62248
62328
62339
62493
62568
62625
62795
62989
62991
63128
63312
63456
63473
63701
63780
63960
63990
64025
64241
64250
64283
64387
64597
64614
64633
64639
64836
64981
65134
65143
65220
65612
65653
65817
65896
66224
66308
66310
66355
66483
66546
66663
66706
66839
66900
66954
66960
67032
67651
68051
68107
68196
68237
68303
68407
68457
68760
68791
68870
68980
69025
69026
69097
69152
69170
69191
69252
69373
69383
69417
69451
69455
69552
69560
69593
69815
70083
70277
70382
70414
70461
70674
70736
70831
70916
70917
71008
71126
71168
71224
71245
71260
71286
71307
71680
71723
71740
71804
71940
71973
72026
72463
72499
72538
72664
72785
72800
72874
72921
72925
72997
73054
73136
73255
73265
73308
73367
73528
73546
73582
73638
73911
73912
74070
74106
74270
74322
74334
74395
74590
74644
74974
74987
75068
75101
75154
75162
75318
75446
75711
75841
75997
76020
76023
76027
76112
76164
76261
76453
76475
76517
76559
76648
76751
76775
76815
76911
76942
76943
76969
76994
77087
77281
77327
77422
77659
77711
77918
77980
78120
78307
78489
78949
79022
79084
79165
79235
79258
79293
79357
79394
79487
79630
79668
79682
79775
79844
79985
80227
80236
80341
80618
80702
80755
80856
80997
81000
81013
81017
81255
81400
81492
81559
81619
81621
81649
81720
81766
81803
81812
81990
82003
82074
82080
82106
82286
82342
82343
82676
82809
82906
82911
82994
83149
83163
83217
83281
83323
83631
83690
84194
84218
84309
84316
84338
84471
84477
84718
84766
84798
84807
85008
85071
85157
85318
85458
85468
85542
85585
85843
85992
86007
86337
86579
86607
86619
86709
86712
86736
86848
86965
87253
87263
87282
87401
87429
87560
87633
87645
87692
87697
87866
88107
88113
88120
88139
88183
88280
88315
88572
88589
88626
88985
89104
89178
89220
89241
89248
89316
89594
89786
89972
89976
90013
90110
90200
90495
90574
90626
90676
90723
90809
90868
91011
91044
91058
91079
91168
91172
91185
91256
91408
91541
91549
91615
91619
91694
91698
91727
91791
91840
91845
92051
92292
92344
92397
92485
92585
92619
92771
92846
93090
93199
93201
93310
93354
93380
93512
93516
93590
93630
93757
93773
94136
94284
94418
94434
94485
94592
94659
94782
94826
94852
94934
95081
95141
95271
95272
95484
95548
95566
95764
95766
95769
95930
96097
96215
96702
96733
96770
96800
96974
96983
97006
97080
97156
97466
97647
97868
97971
98004
98039
98057
98086
98213
98239
98242
98320
98499
98628
98638
98662
98673
98706
98864
98926
98939
98966
98980
99033
99110
99187
99220
99231
99244
99267
99314
99367
99390
99441
99638
99738
99909
99917
100347
100415
100525
100559
100599
100821
100859
101065
101069
101118
101162
101336
101368
101381
101547
101602
101612
101650
101764
101820
101919
102032
102185
102218
102529
102560
102608
102657
102689
102772
102864
102974
103052
103057
103106
103122
103139
103250
103318
103504
103511
103574
103610
103632
104007
104050
104062
104071
104139
104332
104394
104547
104622
104712
104713
104772
104777
104823
104845
104958
104990
105029
105316
105446
105461
105649
105769
105947
105954
106058
106168
106190
106193
106383
106388
106650
106726
106887
106972
106983
107139
107411
107430
107503
107606
107618
107671
107682
107718
108124
108126
108132
108276
108302
108313
108345
108441
108496
108561
108621
108681
108702
108725
108988
109018
109057
109066
109230
109306
109312
109313
109470
109477
109543
109701
109911
109955
109959
110043
110099
110241
110271
110656
110744
110745
110920
111038
111185
111317
111519
111541
111677
111694
111714
111741
111758
111831
111878
111976
112048
112053
112257
112318
112480
112559
112708
112713
112740
112800
112905
112991
113123
113337
113425
113485
113486
113661
113667
114374
114401
114418
114520
114546
114779
114873
114878
114911
114918
115285
115370
115410
115628
115643
115666
115748
115812
115958
116036
116145
116328
116650
116689
116842
117101
117115
117212
117365
117404
117782
117787
118121
118161
118439
118446
118466
118505
118507
118547
118646
118708
119035
119090
119139
119203
119252
119326
119464
119630
119691
119794
119827
119867
120025
120062
120108
120114
120233
120246
120652
120712
120796
120807
120825
120861
120952
120974
120997
121016
121188
121211
121284
121327
121338
121349
121576
121584
121709
122224
122235
122333
122364
122407
122444
122463
122485
122516
122678
122715
123149
123185
123244
123317
123477
123503
123537
123633
123673
123777
123932
123943
124020
124030
124085
124214
124231
124267
124607
124825
124907
124935
124946
125024
125082
125212
125304
125364
125546
125695
125924
126099
126191
126246
126380
126677
126821
126895
127101
127112
127158
127159
127241
127252
127306
127338
127375
127497
127753
127758
127973
128134
128144
128232
128648
128760
128856
128890
128948
129070
129110
129204
129266
129267
129381
129468
129496
129714
129990
129999
130046
130427
130466
130481
130618
130795
131037
131115
131265
131293
131368
131477
131583
131831
131836
131872
132068
132170
132260
132283
132386
132464
132578
132672
132686
132803
132824
132845
132857
132906
132944
132974
133097
133395
133412
133936
134093
134105
134537
134602
134676
134924
135050
135218
135301
135389
135610
135785
135943
136145
136186
136190
136340
136457
137113
137180
137351
137376
137584
137603
137611
137663
137715
137810
137909
138004
138132
138155
138184
138370
138499
138624
138730
138791
139003
139062
139203
139404
139471
139474
139573
139674
139823
140129
140130
140152
140322
140401
140458
140517
140546
140607
140665
140678
140734
140984
141131
141288
141320
141413
141636
141730
141972
142073
142270
142716
142808
142838
142890
142995
143074
143085
143108
143124
143645
143974
143997
144140
144154
144472
144594
144715
144717
144921
144968
144977
145025
145104
145323
145345
145665
145675
145740
145762
145986
146021
146271
146316
146536
146702
146760
146770
146849
147199
147261
147262
147398
147500
147607
147718
147773
147824
148076
148182
148197
148285
148305
148475
148545
148697
148702
148821
148904
149014
149232
149239
149543
149739
149945
150041
150115
150213
150290
150332
150390
150629
150708
150710
150786
150924
150973
151064
151332
151470
151519
151632
151647
151783
151788
151979
152012
152207
152333
152397
152779
153090
153124
153214
153251
153361
153376
153519
153704
153716
153734
153905
154121
154188
154436
154489
154691
154711
154898
154954
155052
155283
155307
155403
155602
155873
155963
155975
156009
156026
156060
156227
156318
156439
156454
156693
156724
156793
156819
156853
157621
157851
158148
158196
158213
158291
158462
158468
158498
158504
158505
158517
158831
158871
159000
159191
159209
159285
159466
159585
159637
159639
159678
159688
159763
159821
159825
159836
159884
159989
160036
160231
160247
160610
160767
160852
160900
161141
161147
161296
161557
161566
161793
161943
162138
162180
162229
162248
162297
162410
162944
163324
163576
163595
163605
163945
163958
163999
164037
164126
164347
164411
164481
164544
164729
164737
164973
164974
165042
165086
165106
165298
165328
165364
165376
165629
165702
165798
165803
165938
165957
166048
166054
166186
166192
166277
166326
166333
166473
166518
166736
166859
166920
167005
167015
167047
167153
167392
167488
167608
168071
168107
168116
168243
168454
168482
168629
168752
168756
168985
169115
169119
169141
169190
169196
169226
169351
169433
169609
169804
169866
169982
170029
170130
170158
170161
170167
170320
170495
170697
170783
170826
170828
171164
171222
171258
171364
171373
171406
171507
171518
171554
171671
171768
171884
171926
171958
172211
172242
172261
172277
172325
172414
172593
172690
172932
172939
172991
173064
173078
173084
173085
173096
173100
173204
173311
173387
173602
173751
173807
174051
174065
174357
174362
174399
174595
174614
174638
174684
174702
174782
175011
175026
175335
175353
175415
175590
175607
175744
175841
175901
176014
176443
176539
176876
177053
177135
177485
177498
177785
177790
178169
178189
178199
178302
178464
178495
178506
178535
178563
178848
178950
179012
179124
179180
179373
179564
179679
179700
179846
179853
179854
179865
179964
180102
180155
180281
180284
180446
180535
180608
180650
180666
180722
180839
180906
180974
181077
181087
181232
181455
181490
181624
181724
181906
181971
182110
182136
182462
182691
182785
182832
183482
183606
183889
183949
183955
184057
184064
184210
184258
184294
184336
184581
184582
184662
184668
184752
184952
184970
185101
185132
185245
185281
185366
185553
185593
185657
185771
185967
185991
186123
186163
186189
186286
186292
186507
186542
186616
186672
186758
186826
186998
187118
187122
187129
187171
187248
187287
187441
187615
187644
187663
187837
188114
188260
188269
188275
188276
188467
188549
188555
188792
188822
188829
188853
188947
189030
189752
189812
189944
190030
190047
190180
190226
190244
190321
190420
190589
190596
190826
190920
191078
191292
191347
191396
191402
191620
191754
191957
192102
192141
192227
192297
192372
192441
192471
192620
192621
192660
192708
192822
193034
193250
193398
193442
193465
193483
193500
193546
193591
193764
193915
193949
194113
194310
194466
194507
194885
194982
195002
195057
195168
195245
195269
195281
195300
195400
195420
195557
195788
195860
196067
196189
196495
196584
196958
197001
197005
197027
197060
197259
197394
197481
197510
197515
197567
197582
197706
197790
197897
198110
198114
198139
198296
198297
198683
198724
198745
198833
198894
198924
199013
199146
199187
199189
199201
199328
199569
199680
199838
199874
200038
200073
200074
200140
200163
200315
200401
200423
200517
200547
200557
200565
200625
200659
200716
200794
200814
200846
201095
201271
201326
201383
201547
201604
201761
201781
201802
201926
202157
202224
202244
202253
202287
202521
202535
202598
202742
202844
202929
203088
203305
203311
203312
203322
203419
203421
203443
203706
203779
203807
203962
204050
204152
204162
204182
204205
204362
204420
204455
204634
204726
204793
204832
205001
205265
205331
205405
205537
205639
205730
205902
205911
205941
206019
206087
206504
206523
206655
206749
206773
206878
206920
206928
206936
207068
207073
207074
207097
207100
207186
207241
207269
207334
207356
207714
208017
208246
208375
208487
208847
208914
209302
209377
209540
209583
209738
209902
209959
210353
210380
210460
210507
210610
210632
210705
211150
211447
211466
211776
211816
211817
211823
212013
212203
212366
212421
212462
212605
212774
212890
212892
212952
212974
213087
213256
213342
213429
213469
213528
213769
213812
214164
214291
214338
214350
214365
214397
214516
214603
214669
214760
214824
214870
214872
214892
214985
215006
215210
215231
215535
215578
215744
215783
215828
215895
215921
215931
215942
216027
216076
216259
216360
216376
216762
217053
217113
217130
217640
217686
217828
217881
217956
218068
218103
218239
218486
218531
218626
218928
218953
219005
219072
219173
219247
219285
219299
219311
219479
219504
219519
219918
220028
220111
220464
220503
220574
220663
220736
220742
220781
220946
221064
221086
221097
221137
221159
221219
221264
221847
221850
221861
221924
221944
222053
222122
222198
222414
222588
222598
222650
222937
222953
222955
223018
223028
223039
223156
223391
223412
223443
223615
223635
223711
223761
223772
223793
223879
224020
224079
224148
224394
224471
224567
224646
224722
224855
224905
224920
224985
225004
225078
225173
225222
225330
225332
225392
225461
225492
225577
225620
225681
225713
225747
225873
225892
225935
226010
226200
226336
226366
226488
226704
226745
226821
226831
226878
226884
227124
227238
227394
227405
227552
227561
227593
227603
227644
227962
228007
228483
228670
228738
228807
229035
229175
229230
229260
229411
229452
229627
229761
229768
229898
230044
230176
230357
230433
230564
230744
230847
231054
231336
231480
231501
231606
231628
231646
231658
231934
232012
232076
232228
232329
232739
232783
232866
232877
233097
233244
233343
233380
233396
233549
233606
233612
233757
233825
233849
233914
233977
234166
234167
234356
234377
234613
234761
234975
235028
235167
235183
235225
235352
235354
235395
235463
235603
235617
235902
235941
235946
236040
236343
236367
236419
236779
236785
236800
236859
237252
237270
237363
237573
237581
237582
237628
237741
237882
238045
238348
238383
238432
238921
239021
239047
239065
239166
239205
239320
239381
239476
239618
239653
239687
239835
240011
240169
240367
240411
240421
240650
241274
241497
241679
241788
241973
242059
242082
242160
242176
242236
242270
242380
242411
242479
242508
242770
242783
243202
243266
243345
243547
243656
243756
244011
244027
244048
244108
244153
244238
244722
244728
244752
245061
245131
245229
245245
245424
245486
245508
245540
245559
245566
245640
245699
245988
245990
246064
246075
246084
246144
246268
246471
246473
246589
246899
246941
246958
247055
247177
247441
247464
247478
247510
247707
247825
247996
248063
248089
248252
248524
248633
249062
249087
249094
249102
249230
249282
249414
249793
249838
249884
249907
250000
250004
250259
250292
250343
250348
250503
250505
250521
250550
250608
250634
250635
250779
250793
250814
251043
251047
251101
251114
251186
251270
251400
251426
251737
251813
252172
252462
252562
252563
252769
252816
252965
253044
253577
253598
253657
253799
253833
253848
253888
254031
254121
254196
254206
254327
254408
254504
254583
254939
255173
255202
255515
255529
255577
255654
255711
255743
255776
255817
256084
256106
256727
256789
256838
256894
256947
256968
257012
257043
257103
257305
257391
257531
257726
257846
257857
257864
257893
257960
258058
258152
258180
258183
258200
258285
258324
258336
258441
258493
258520
258578
258630
258790
259068
259104
259474
259505
259545
259603
259647
259724
259892
260015
260051
260184
260226
260535
260638
260708
260758
260913
260922
260948
261210
261527
261609
261839
261874
261876
261925
261940
261976
262162
262217
262267
262282
262297
262378
262393
262424
262673
262860
262954
262961
263089
263136
263218
263295
263342
263384
263391
263414
263542
263561
263684
263731
263753
263792
263981
263984
263992
264043
264107
264269
264560
264604
264698
264705
264708
264946
265108
265123
265163
265469
265615
265677
265712
265862
266000
266032
266251
266256
266285
266496
266514
266528
266554
266598
266756
266765
266777
266863
267174
267188
267292
267334
267394
267398
267454
267769
268098
268128
268195
268334
268337
268383
268384
268517
268604
268621
268962
269080
269129
269146
269305
269424
269439
269723
269952
270167
270180
270395
270479
270485
270487
270525
270640
270680
270699
270734
270765
270956
270959
271075
271157
271347
271424
271678
271864
271941
271988
272067
272082
272291
272307
272316
272375
272385
272500
272593
272607
272616
272916
272937
273095
273154
273174
273252
273320
273327
273421
273434
273576
273595
273647
273709
273716
273718
273766
273948
273962
274022
274107
274110
274205
274366
274614
274643
274700
274705
274841
275216
275460
275516
275708
275909
275986
276023
276079
276116
276134
276234
276260
276312
276314
276393
276412
276418
276459
276543
276574
276660
276718
276862
276900
276933
276946
277059
277143
277406
277472
277497
277536
277632
277754
277824
278001
278038
278188
278557
278658
278701
278776
278946
279086
279113
279292
279399
279409
279556
279709
280107
280219
280241
280284
280427
280538
280740
280899
281069
281128
281144
281369
281413
281427
281563
281615
281664
281665
281759
281848
281867
281952
281991
282038
282122
282156
282196
282370
282526
282666
282700
282727
282878
282911
283131
283144
283292
283376
283403
283577
283593
283964
284100
284197
284225
284398
284405
284471
284553
284595
284660
284699
284778
284786
284861
284863
284914
284944
285221
285308
285310
285393
285410
285484
285510
285602
285625
285763
285807
285865
285916
286000
286057
286087
286098
286155
286175
286191
286245
286307
286494
286607
286616
286837
287042
287045
287107
287115
287131
287141
287354
287508
287533
287864
287908
288115
288163
288212
288259
288769
288774
288816
288880
288954
288993
289125
289158
289242
289269
289405
289413
289414
289476
289581
289674
289814
289883
289885
290010
290104
290164
290199
290257
290464
290596
290806
290910
290929
291155
291179
291199
291201
291240
291355
291397
291419
291551
291774
292227
292254
292312
292427
292676
292706
292852
292978
293073
293080
293102
293153
293271
293402
293428
293524
293616
293699
293755
293784
293801
293820
293837
293976
294181
294329
294385
294535
294741
294904
294917
295122
295266
295361
295387
295407
295508
295563
295909
295940
295976
296232
296358
296644
296923
297159
297318
297333
297525
297657
297808
298011
298062
298328
298659
299063
299072
299201
299342
299411
299433
299470
299514
299700
299769
299790
299930
299944
299966
300057
300182
300258
300301
300302
300590
300595
300723
300827
300861
300875
300933
300956
301067
301090
301101
301162
301184
301281
301299
301564
301620
301625
301758
301817
301868
301888
302286
302372
302461
302522
302599
302664
302693
302785
303040
303072
303124
303132
303209
303211
303223
303382
303395
303516
303537
303586
303591
303726
303789
303904
304125
304138
304210
304224
304270
304272
304329
304340
304362
304377
304447
304582
304907
304950
304982
305039
305064
305696
305799
305830
305840
305871
305961
305971
306052
306085
306138
306214
306282
306370
306553
306758
306760
306794
306897
307109
307165
307472
307638
307717
307754
308181
308227
308272
308381
308536
308540
308842
308976
309058
309124
309166
309241
309291
309400
309476
309647
309688
309725
309854
309958
310008
310015
310037
310262
310346
310372
310411
310424
310487
310518
310587
310681
310748
310760
310794
310797
310991
311010
311022
311120
311185
311236
311253
311315
311380
311401
311532
311644
311682
311791
311792
311796
311938
311970
312015
312119
312166
312196
312205
312263
312776
312834
313245
313411
313444
313625
313674
313709
313801
313838
313948
314152
314540
314614
314658
314710
314718
314758
314955
315134
315177
315327
315383
315407
315478
315533
315694
315714
315757
315914
316275
316456
316544
316628
316847
316865
316924
317083
317153
317212
317291
317391
317425
317437
317495
317662
317837
317845
317901
318019
318073
318293
318318
318361
318386
318467
318593
318634
318653
318686
318708
318871
318978
319115
319141
319214
319224
319480
319543
319620
319679
319717
319725
319786
320141
320254
320335
320509
320535
320681
320718
321087
321279
321335
321425
321579
321753
321800
321967
321979
322057
322226
322257
322305
322598
322730
322805
322890
323029
323462
323567
324096
324148
324149
324252
324345
324353
324612
324684
325004
325160
325184
325912
325973
326036
326246
326503
326527
326592
326837
326941
326954
327056
327153
327158
327232
327541
327660
327674
327732
327749
327854
327933
328004
328097
328118
328130
328137
328145
328280
328293
328371
328379
328576
328701
328802
328970
329175
329253
329658
329770
329868
329918
329933
329975
330012
330384
330415
330516
330531
330588
330724
330747
330778
330974
330981
331210
331272
331338
331511
331557
331668
331730
331775
331827
331829
331878
331898
331914
332013
332389
332433
332606
332642
332683
332687
332793
332944
332969
332971
332992
333050
333065
333284
333321
333661
333665
333706
333718
333825
333878
333932
333934
333958
334055
334127
334185
334256
334298
334384
334385
334536
334643
334741
334750
335158
335160
335544
335578
335657
335659
335712
336119
336199
336210
336223
336234
336455
336649
336974
337006
337039
337185
337230
337235
337311
337382
337406
337833
337863
338126
338272
338273
338298
338311
338316
338501
338559
338591
338870
338932
339041
339176
339275
339609
339762
339883
340075
340082
340315
340325
340434
340467
340624
340640
340672
340694
340697
340980
340981
341035
341195
341482
341535
341936
342107
342270
342407
342530
342555
342623
342662
342999
343033
343168
343283
343460
343514
343561
343846
344264
344365
344433
344516
344641
344669
344703
344741
344775
344781
344854
344860
344906
344910
344962
345018
345098
345123
345134
345166
345205
345316
345592
345625
345656
345780
345875
345971
346101
346451
346522
346573
346665
346683
346697
346779
346796
346836
346922
347084
347157
347245
347260
347374
347470
347553
347590
347594
347605
347645
347716
347854
347871
347875
347876
347892
347906
347944
348073
348149
348225
348267
348328
348360
348428
348612
348746
348855
349002
349045
349161
349248
349255
349530
349565
349576
349602
349644
349854
349856
350082
350118
350146
350473
350582
350615
350677
350791
351212
351226
351297
351322
351325
351398
351574
351578
351920
351932
351976
352048
352161
352171
352535
352544
352922
353165
353200
353480
353488
353625
353642
353836
353871
353895
353909
353976
354030
354096
354194
354234
354271
354307
354323
354506
354714
354822
355061
355334
355407
355571
355632
355798
355989
356057
356163
356179
356217
356222
356558
356644
356903
357062
357086
357092
357233
357313
357365
357570
357657
357967
358113
358174
358215
358301
358540
358592
358845
359168
359411
359526
359560
359567
359599
359673
359908
360033
360498
360521
360533
360556
360568
360765
360815
360852
360870
360974
361177
361292
361310
361367
361496
361623
361736
362421
362430
362747
362945
362988
363234
363258
363271
363301
363311
363322
363419
363585
363610
363685
363698
363855
363877
363920
364031
364045
364216
364230
364248
364284
364411
364534
364585
364732
364806
365161
365188
365637
365680
365785
365810
365923
365960
366025
366116
366276
366494
366782
366815
366876
366920
367166
367300
367453
367504
367542
367613
367766
367829
367886
367978
368065
368091
368156
368288
368399
368542
368635
368696
368791
368892
368998
369030
369108
369165
369198
369312
369410
369526
369689
369945
369957
370168
370390
370554
370627
370651
370791
371001
371148
371163
371202
371234
371259
371476
371571
371635
371848
371921
372037
372228
372242
372409
372450
372878
372967
373130
373151
373186
373498
373538
373829
373987
373988
374011
374042
374115
374141
374167
374344
374354
374427
374630
374663
374678
374754
375076
375265
375679
375743
375954
376012
376020
376057
376167
376278
376319
376395
376501
376772
376942
377229
377231
377253
377366
377414
377523
377561
377642
377646
377710
378042
378640
378709
378721
378774
379075
379164
379290
379336
379403
379406
379644
379742
379844
379852
380084
380284
380545
380629
380701
380903
380906
381041
381049
381063
381336
381347
381426
381484
381527
381550
381587
381599
381743
381751
381753
381780
381912
381937
381998
381999
382151
382248
382283
382319
382347
382492
382652
382666
382764
382830
382864
382979
383002
383246
383379
383408
383433
383450
383535
383672
383766
383824
383957
383996
384140
384298
384301
384314
384573
384676
384691
384725
384772
384852
385017
385052
385163
385281
385383
385389
385470
385480
385636
385695
385998
386181
386318
386365
386429
386687
386699
386701
386736
386831
386935
386998
387058
387183
387233
387307
387358
387401
387522
387577
387719
387771
387897
388074
388187
388233
388371
388401
388514
388572
388656
388665
388804
388867
388869
389036
389180
389422
389499
389572
389581
389619
389644
389845
389954
389963
390025
390036
390113
390467
390589
390754
390953
391070
391189
391296
391381
391472
391496
391656
391784
391868
391881
392063
392073
392116
392296
392418
392430
392468
392477
392491
392500
392628
392650
392674
392785
392804
392846
393416
393508
393612
393799
394088
394238
394320
394402
394403
394421
394455
394471
394939
395103
395200
395230
395302
395365
395516
395722
395757
395988
396071
396078
396315
396366
396429
396446
396605
396623
396625
396732
396806
396996
397086
397093
397096
397235
397630
397680
397726
397861
398029
398286
398368
398426
398440
398487
398526
398561
398621
398670
398808
398870
399023
399095
399309
399326
399828
399971
400208
400523
400617
400712
400760
400878
400881
400927
400991
401235
401352
401400
401513
401751
401808
401844
401890
402107
402108
402168
402431
402438
402513
402704
402872
402888
402921
402989
403200
403302
403303
403408
403819
403886
403892
404025
404057
404132
404374
404426
404492
404625
404643
404707
404812
404937
404944
404952
404987
405034
405142
405355
405606
405616
405681
405707
405887
406087
406295
406325
406648
406656
406785
406813
406814
407056
407358
407514
407573
407600
407705
407745
407819
407908
408108
408125
408383
408389
408550
408725
408756
408808
408833
408968
408993
409201
409237
409260
409333
409346
409348
409543
409636
409653
410132
410175
410201
410328
410398
410420
410478
410658
410714
410797
410880
411006
411022
411027
411294
411390
411406
411408
411722
411741
411799
412303
412321
412331
412587
412663
412702
412867
412881
412902
413091
413115
413122
413180
413316
413332
413479
413507
413554
413673
413936
413985
414621
414750
414935
415302
415320
415396
415679
415718
415808
415939
415999
416421
416454
416458
416555
416586
416790
417051
417060
417140
417491
417524
417585
417589
417816
417864
417892
417954
418183
418184
418210
418254
418269
418409
418415
418439
418498
418617
418761
418901
418926
418939
418941
419044
419103
419317
419339
419570
419640
419742
419853
420058
420092
420105
420147
420294
420442
420475
420499
420520
420708
420718
420785
420918
421206
421357
421384
421390
421833
421952
422110
422187
422244
422245
422384
422432
422485
422538
422554
422580
422793
422857
423035
423094
423187
423282
423380
423457
423558
423588
423719
424001
424107
424203
424276
424300
424396
424457
424463
424543
424695
424718
424930
425000
425063
425079
425203
425223
425246
425272
425307
425418
425448
425542
425601
425624
425743
425871
425958
426035
426078
426131
426257
426324
426569
426581
426677
426757
426873
427032
427214
427230
427303
427579
427590
427724
427886
427988
428010
428037
428195
428251
428370
428407
428494
428641
428666
428815
428835
428987
429190
429210
429233
429260
429471
429479
429508
429575
429617
429685
429807
429836
429931
430114
430150
430189
430249
430337
430451
430533
430800
430874
430877
430906
431022
431133
431165
431204
431435
431517
431534
431549
431567
431636
431725
431744
431754
431757
431891
431923
431982
431985
432032
432033
432071
432088
432176
432323
432337
432578
432637
432638
432817
432859
432988
433115
433157
433375
433438
433468
433833
434105
434145
434200
434303
434321
434605
434641
434651
434794
434908
435117
435141
435207
435440
435476
435570
435587
435608
435614
435776
435836
435872
436034
436132
436177
436179
436224
436249
436305
436314
436524
436536
436614
436696
436970
437101
437157
437186
437447
437510
437916
438021
438065
438136
438178
438238
438257
438266
438488
438582
438669
438685
438701
438706
438941
439024
439051
439200
439265
439344
439500
439567
439781
439826
439856
439889
440089
440276
440457
440470
440582
440617
440670
440804
440964
440998
441036
441074
441088
441152
441181
441222
441273
441400
441583
441623
441781
441860
441938
442174
442381
442397
442417
442448
442453
442479
442568
442770
442886
442915
443020
443071
443119
443172
443192
443210
443212
443232
443270
443412
443433
443711
443952
444102
444157
444294
444802
444866
445015
445046
445242
445479
445519
445643
445693
445786
445914
445938
446028
446076
446218
446332
446339
446421
446427
446479
446494
446616
446657
446884
446988
447145
447224
447331
447441
447549
447570
447678
447805
447936
448014
448121
448199
448234
448292
448323
448442
448448
448474
448572
448583
448657
448665
448680
448694
448792
448952
449030
449034
449059
449110
449139
449144
449170
449362
449593
449619
449888
450002
450056
450431
450436
450464
450491
450724
450758
450778
450880
450967
451025
451214
451244
451301
451436
451437
451438
451616
451702
451835
452036
452067
452161
452355
452493
452541
452571
452573
452737
452951
453441
453521
453543
453895
454189
454210
454275
454338
454400
454471
454530
454559
454685
454748
454882
455140
455249
455422
455573
455607
455710
456035
456156
456221
456224
456292
456315
456605
456721
456802
456837
456870
456884
456943
456972
457020
457091
457144
457214
457253
457349
457415
457425
457554
457594
457643
457748
457800
457871
457882
457930
457965
458037
458104
458124
458330
458331
458347
458413
458450
458484
458621
458639
458752
458905
458913
458918
458978
459141
459156
459196
459702
459707
459751
459953
460147
460177
460303
460362
460450
460559
460618
460624
460705
460731
460971
461211
461213
461533
461550
461592
461998
462105
462110
462135
462369
462548
462722
463016
463168
463270
463557
463723
463739
463802
463979
464106
464121
464410
464496
464915
465013
465098
465336
465366
465609
465649
465877
465916
466074
466424
466527
466597
466603
466755
466992
467094
467204
467228
467678
467738
467870
467939
468213
468249
468258
468374
468465
468514
468900
468956
469036
469105
469123
469190
469387
469405
469433
469504
469537
469730
469762
469794
469961
470043
470270
470336
470374
470620
470753
470919
471185
471276
471333
471418
471501
471516
471816
471864
471874
471890
472255
472296
472332
472421
472479
472480
472503
472628
472654
472734
472901
472946
473029
473344
473382
473675
473879
473903
473954
474027
474059
474163
474165
474217
474244
474372
474443
474713
474768
474769
474979
475074
475182
475314
475412
475485
475580
475795
475958
476030
476056
476153
476212
476232
476709
476718
476728
476742
476816
476871
476926
477006
477023
477105
477264
477281
477326
477436
477694
477816
477879
477892
478046
478473
478718
478747
478993
479031
479282
479333
479381
479389
479502
479602
479828
479858
479952
479968
480087
480426
480448
480525
480543
480674
480687
480731
481047
481136
481145
481156
481160
481204
481286
481719
481748
481861
481928
482125
482205
482362
482392
482432
482692
482810
482847
482865
482912
483014
483224
483233
483253
483315
483352
483407
483454
483510
483529
483538
483546
483833
484002
484170
484198
484269
484366
484475
484557
484848
484963
484967
485074
485078
485094
485134
485236
485390
485641
485752
485893
485969
486006
486089
486357
486558
486933
486958
487054
487241
487271
487276
487317
487329
487351
487366
487488
487516
487587
487635
487645
487776
487902
487927
487978
487993
488014
488023
488098
488135
488421
488520
488627
488779
488801
488905
489055
489080
489280
489719
489791
490098
490154
490255
490278
490310
490451
490577
490590
490611
490775
490816
490832
490963
491011
491025
491057
491144
491262
491298
491372
491417
491427
491535
491662
491670
491725
491769
491801
491935
491949
492205
492212
492403
492409
492636
492664
492718
492796
492916
492932
492939
493006
493059
493107
493278
493652
493866
493887
493926
493958
493984
494001
494134
494217
494221
494244
494318
494709
495012
495074
495147
495183
495243
495473
495670
495671
495730
495989
496058
496097
496143
496177
496203
496210
496216
496227
496237
496241
496245
496316
496408
496448
496484
496527
496710
496742
496821
496833
496893
496902
497057
497145
497299
497397
497413
497442
497558
497647
497829
497931
497950
498085
498213
498282
498931
499103
499181
499437
499453
499456
499484
499603
499854
499985
499986
500084
500098
500443
500468
500584
500648
500650
500684
500726
500824
500944
501168
501223
501317
501330
501580
501624
501673
501682
501836
501864
501942
501972
501983
502079
502172
502457
502697
502742
502856
502875
503106
503142
503193
503331
503334
503400
503406
503665
503791
503874
503935
504015
504096
504331
504454
504500
504694
504953
505019
505024
505234
505291
505367
505462
505567
505652
505915
505919
505939
506088
506106
506138
506427
506435
506437
506489
506567
506586
506652
506776
506821
506826
506873
507172
507419
507521
507665
507679
507846
507911
507984
508029
508129
508148
508157
508411
508494
508520
508667
509119
509123
509149
509252
509358
509425
509578
509688
509883
509909
509974
510017
510122
510305
510568
510659
510675
510777
511046
511130
511166
511314
511404
511660
511779
511865
512083
512101
512106
512425
512561
512892
513076
513337
513361
513557
513754
513952
514115
514167
514282
514366
514377
514688
514795
514905
514936
515030
515092
515191
515301
515400
515556
515689
515720
515758
515877
516007
516035
516086
516087
516172
516190
516198
516289
516389
516462
516758
516809
516828
516854
516897
516913
517022
517236
517254
517300
517345
517436
517479
517617
517813
517814
517836
517850
517947
517951
518279
518283
518395
518713
518806
518995
519150
519194
519410
519442
519486
519500
519592
519914
519931
520001
520237
520278
520298
520362
520679
520924
520978
521151
521243
522065
522106
522501
522754
522770
522838
522842
522864
522884
522897
522949
522993
523017
523239
523406
523560
523709
523731
523747
523791
523794
524145
524297
524350
524363
524413
524768
524802
524952
525093
525188
525254
525334
525397
525419
525613
525759
525780
525866
525878
526117
526233
526241
526395
526539
526700
526762
526769
526814
526885
526963
526992
527066
527070
527097
527130
527160
527270
527404
527427
527636
527705
527774
527851
527870
527872
528044
528137
528160
528327
528372
528461
528538
528545
528629
528634
528673
529511
529519
529543
529571
529647
529662
529743
529811
529830
529855
529858
529992
530167
530181
530297
530352
530371
530402
530594
530606
530989
531065
531249
531550
531785
531827
531855
531986
532126
532225
532343
532431
532495
532511
532666
532744
532789
532925
533092
533107
533110
533136
533146
533150
533231
533317
533570
533682
533842
533843
533969
534225
534285
534804
534845
534852
535330
535344
535352
535412
535414
535430
535433
535498
535568
535701
535720
535740
535829
536076
536087
536252
536290
536365
536542
536562
536584
536887
536955
536964
537187
537189
537228
537247
537330
537358
537573
537583
537712
538149
538161
538374
538421
538599
539253
539342
539373
539421
539423
539576
539775
539811
539986
540050
540252
540314
540340
540348
540434
540458
540478
540482
540560
541004
541189
541231
541346
541457
542180
542186
542250
542296
542317
542449
542610
542674
542760
542948
542990
543115
543249
543325
543434
543455
543490
543654
543717
543725
543786
543915
543974
544127
544292
544296
544394
544440
544651
544670
544886
545091
545094
545150
545170
545194
545263
545391
545565
545815
545946
545997
546026
546106
546337
546343
546493
546549
546628
546719
546776
546957
546959
547148
547477
547504
547627
547724
547745
547947
548008
548151
548191
548329
548368
548371
548621
548732
548921
548924
549147
549166
549518
549704
549722
549746
549758
549965
550049
550062
550075
550103
550237
550275
550286
550331
550346
550481
550485
550535
550677
550699
550831
550928
551067
551308
551542
551717
551874
551891
551899
551940
551950
552113
552178
552238
552300
552386
552490
552556
552625
552660
553258
553635
553846
553862
553887
554145
554160
554207
554212
554229
554255
554290
554370
554382
554489
554548
554562
554770
554933
554997
555159
555222
555303
555352
555359
555367
555371
555438
555446
555865
555952
555962
555972
556216
556285
556376
556487
556499
556587
556629
556817
556869
556908
557047
557096
557235
557541
557607
557740
557770
557880
558024
558035
558157
558443
558445
558578
558600
558697
558806
558917
558978
558986
559169
559269
559409
559530
559536
559552
559633
559692
559756
559822
559868
559916
559919
559986
560050
560081
560137
560219
560251
560439
560444
560464
560506
560512
560528
560534
560546
560548
560793
560813
561035
561391
561419
561485
561764
561932
561942
562041
562152
562266
562373
562374
562375
562792
563078
563138
563193
563212
563361
563427
563537
563539
563550
563781
563832
563834
564186
564200
564213
564219
564254
564478
564652
564681
564702
564720
564829
564857
564893
564946
565241
565291
565391
565395
565497
565623
565702
565822
565868
566040
566049
566082
566112
566284
566616
566705
566733
566749
566781
566914
566966
567104
567185
567306
567497
567500
567540
567573
567605
567638
567840
567894
568167
568170
568228
568232
568330
568345
568449
568477
568527
568587
568658
568678
568808
568900
568933
569078
569079
569143
569197
569210
569346
569368
569373
569488
569566
569750
569827
570172
570469
570541
570600
570628
570657
570677
570707
570718
570803
570938
570954
570992
570998
571013
571046
571351
571370
571557
571608
571627
571665
571676
571771
571832
571894
572024
572268
572304
572496
572647
572722
572727
572744
573097
573284
573437
573466
573511
573650
573770
573826
573862
573889
573976
574092
574106
574129
574238
574289
574426
574510
574842
574943
575006
575071
575287
575410
575481
575582
575728
575734
575999
576138
576257
576393
576490
576577
576580
576795
576809
576864
577087
577277
577345
577379
577387
577503
577637
577658
577725
577773
577786
577871
577954
578015
578160
578223
578226
578343
578345
578442
578582
578595
578675
578766
578768
578892
578918
578926
578971
579090
579365
579562
579590
579645
579743
579788
579819
580029
580208
580390
580397
580482
580548
580655
580673
581030
581042
581098
581346
581363
581476
581477
581621
581696
581784
581868
581943
582069
582095
582218
582230
582266
582316
582383
582404
582716
582939
582989
583362
583370
583435
583536
583740
583877
583882
584040
584207
584344
584386
584449
584534
584816
584931
585132
585167
585219
585221
585469
585614
585890
586110
586116
586262
586334
586405
586472
586615
586747
586870
586911
587054
587059
587080
587095
587169
587252
587332
587345
587408
587569
588110
588140
588166
588192
588245
588263
588273
588285
588300
588422
588806
588830
588897
588911
588963
589038
589079
589138
589169
589214
589392
589590
589637
589742
589747
589983
590011
590260
590264
590473
590585
590587
590629
590702
590734
590826
590869
590919
590936
591110
591153
591627
591670
591750
591821
591976
591992
592028
592106
592269
592300
592812
593017
593050
593084
593093
593107
593340
593445
593503
593572
593855
593895
594261
594323
594339
594347
594497
594616
594673
594689
594708
594715
594770
594792
594861
595064
595284
595333
595353
595555
595652
595661
595678
595697
595712
596086
596163
596251
596372
596400
596432
596451
596542
596554
596652
596682
597006
597078
597099
597239
597351
597383
597493
597529
597792
597890
598117
598199
598241
598356
598534
598552
598601
598680
598709
598741
598869
598892
598915
599078
599134
599139
599444
599754
599896
599915
599942
600275
600293
600766
600806
600864
600916
601013
601200
601250
601801
601820
601858
601972
602069
602124
602344
602490
602735
602818
602866
602974
602977
602995
603062
603074
603137
603271
603347
603352
603541
603595
603734
603844
603849
603880
603991
604126
604237
604620
604655
604720
604788
604827
605027
605062
605091
605229
605254
605374
605422
605709
605712
605786
605913
606090
606216
606268
606441
606648
606676
606725
607014
607093
607137
607287
607453
607526
607672
607681
607898
608010
608457
608488
608532
608534
608540
608565
608754
608780
608920
608966
609012
609117
609197
609201
609253
609265
609353
609487
609498
609681
609782
609784
609901
610505
610659
610679
610701
610721
610838
610884
610982
610995
611062
611083
611292
611295
611317
611802
611871
611971
611980
612015
612074
612166
612245
612413
612418
612430
612512
612880
612897
613097
613132
613268
613474
613648
613873
614004
614012
614179
614346
614408
614611
614649
614693
614723
614744
614785
614909
614967
614980
615035
615061
615272
615592
615730
615773
615850
615895
616515
616519
616674
616807
617050
617098
617141
617155
617189
617266
617642
617755
617777
617851
617856
617876
617964
618044
618112
618199
618477
618678
618782
618815
618907
618972
619011
619063
619157
619254
619417
619469
619623
619737
619768
619841
619879
619982
620076
620273
620317
620327
620332
620405
620749
620768
620836
620908
620988
621095
621176
621340
621343
621364
621506
621520
621750
621796
621870
621911
622131
622135
622218
622310
622343
622397
622576
622855
622908
623040
623119
623169
623225
623442
623515
623568
623571
623628
623722
623785
623880
623901
623990
624084
624272
624407
624613
624815
624893
625012
625342
625441
625450
625590
625657
625953
626018
626120
626192
626363
626505
626522
626535
626621
626676
626774
626927
627092
627205
627285
627382
627395
627484
627614
627646
627665
627747
627921
628076
628238
628249
628252
628353
628443
628815
628834
628879
628884
628925
628983
629168
629236
629315
629483
629528
629590
629618
629724
629929
629968
630045
630049
630224
630334
630367
630439
630511
630588
630670
630671
630713
630795
630991
630993
631010
631069
631408
631861
631970
632594
632655
632935
632999
633000
633023
633117
633135
633212
633214
633339
633397
633403
633473
633659
633718
633765
633994
634128
634272
634292
634309
634318
634323
634468
634479
634615
635016
635023
635047
635113
635275
635287
635385
635432
635448
635538
635644
635649
635683
635684
635888
636092
636138
636202
636224
636414
636495
636578
636705
636707
636735
636816
636844
636939
637128
637319
637323
637360
637409
637870
638110
638338
638386
638492
638706
638862
638953
638957
639049
639197
639448
639486
639515
639552
639650
639889
640045
640151
640166
640196
640259
640395
640635
640738
640739
640806
640852
640853
641084
641254
641268
641300
641379
641461
641471
641637
641645
641746
641912
642136
642257
642598
642800
643024
643050
643130
643322
643416
643436
643455
643686
643743
643778
644017
644241
644390
644402
644421
644557
644580
644646
644681
644874
644906
644980
645043
645082
645154
645374
645386
645419
645519
645602
645612
645759
645788
645959
646022
646099
646142
646175
646259
646323
646357
646366
646387
646463
646525
646612
646865
646932
647039
647090
647167
647380
647512
647545
647576
647690
647934
647991
648042
648139
648198
648244
648247
648272
648370
648515
648560
648655
648859
649107
649146
649197
649338
649378
649473
649506
649888
649975
649986
650004
650098
650514
650580
650617
650695
650759
650790
650934
651039
651128
651232
651274
651364
651385
651530
651578
651583
651682
651723
651748
651822
651880
651990
652024
652085
652386
652652
652874
652910
653036
653049
653118
653268
653276
653473
653549
653702
653772
653774
653809
653854
653876
653944
654204
654289
654623
654805
654810
654878
654944
654985
655047
655184
655223
655288
655440
655445
655449
655522
655743
655776
655962
656099
656117
656249
656342
656374
656377
656543
656734
656735
656769
656815
656858
657143
657185
657214
657488
657504
657551
657582
657845
657981
658248
658400
658610
658711
658755
659128
659353
659477
659507
659607
659772
659790
659859
659878
660023
660077
660088
660119
660350
660357
660392
660646
660738
660775
660942
661121
662088
662150
662292
662466
662791
662830
662901
662927
662971
663006
663057
663185
663322
663436
663437
663511
663756
663823
663910
664000
664077
664349
664356
664478
664570
664683
664731
664775
664954
664957
665120
665213
665280
665306
665798
665847
665884
666059
666109
666192
666241
666244
666269
666410
666535
666570
666699
666700
666821
666990
667043
667127
667368
667539
667870
667943
668023
668142
668305
668361
668401
668497
668617
668664
668847
669029
669101
669103
669120
669217
669262
669433
669517
669520
669536
669660
669801
669834
669980
670170
670173
670181
670267
670559
670706
670918
671052
671085
671150
671238
671276
671475
671531
671801
671881
671991
672474
672490
672860
672930
673174
673296
673315
673417
673546
673567
673593
673677
673964
674012
674265
674467
674600
674655
674686
674720
674794
674805
674867
674909
674936
674948
674996
675011
675076
675264
675277
675498
675866
676048
676173
676549
676586
676693
676744
677015
677038
677057
677394
677416
677530
677571
677652
677862
677922
677974
678073
678222
678251
678387
678389
678574
678781
678801
679023
679129
679332
679419
679429
679539
679587
679600
679648
679959
680078
680332
680365
680387
680569
680595
680634
681104
681148
681184
681353
681380
681393
681455
681520
681750
681798
681918
681970
682228
682263
682343
682349
682542
682758
682947
682986
683053
683058
683125
683153
683242
683387
683549
683569
683654
683684
683732
683870
683995
684044
684093
684107
684253
684321
684407
684456
684539
684652
684720
684734
685141
685604
685765
685815
685920
686052
686070
686211
686288
686326
686793
686806
686875
686921
686962
686969
687248
687382
687440
687505
687544
687665
687891
688014
688348
688357
688595
688775
688881
688927
689008
689132
689342
689426
689431
689491
689530
689660
689702
689790
689857
690034
690102
690114
690155
690168
690184
690248
690300
690355
690468
690506
690627
690700
690803
690828
690913
690955
691299
691360
691424
691429
691531
691665
691761
691909
692214
692372
692581
692598
692689
692842
692919
692995
693115
693257
693263
693285
693472
693532
693539
693684
693790
693857
693883
693915
694002
694015
694032
694127
694286
694304
694482
694686
694718
694740
694801
694937
695133
695188
695202
695327
695351
695403
695469
695474
695625
695695
695740
695785
696040
696287
696499
696596
696742
696925
697055
697187
697288
697386
697440
697588
697646
698018
698111
698212
698395
698628
698868
698952
699370
699542
699554
699580
699649
700063
700297
700400
700468
700565
700763
700965
700975
701123
701347
701650
701654
701930
701951
702097
702106
702120
702178
702180
702525
702785
702787
702795
702831
702912
703224
703405
703473
703563
703597
703883
703910
704132
704167
704305
704430
704438
704517
704622
704646
704684
704802
704839
704880
704910
705009
705102
705219
705247
705334
705345
705379
705430
705755
705776
705844
706349
706522
706562
706732
706777
707059
707119
707311
707427
707581
707910
708209
708318
708495
708716
708989
709155
709169
709188
709306
709489
709496
709553
709696
709993
710056
710380
710470
710499
710504
710505
710628
710678
710778
710828
710842
711201
711223
711247
711341
711359
711471
711484
711620
711650
711937
712120
712141
712175
712220
712260
712370
712479
712496
712518
712571
712582
712683
712699
712818
712867
713146
713155
713241
713266
713306
713493
713719
713777
713785
714231
714450
714465
714702
714895
714994
715069
715316
715481
715491
715584
715659
715736
715754
715818
715846
715985
715998
716026
716086
716200
716206
716388
716405
716410
716456
716494
716638
716669
716764
716766
717032
717048
717136
717242
717260
717395
717579
717600
717837
717979
718044
718114
718373
718407
718414
718477
718584
718652
718827
719040
719045
719114
719303
719332
719529
719719
719748
719759
719793
719825
719851
719918
720199
720291
720318
720725
720768
720774
720924
721007
721020
721061
721069
721189
721244
721299
721331
721402
721572
721750
721767
721819
721899
722088
722179
722209
722334
722481
722588
722689
722709
722871
722908
723120
723202
723289
723368
723435
723436
723566
723619
723652
723683
723697
723698
723704
723731
723765
723833
723861
723876
724001
724155
724203
724293
724463
724635
724671
724714
724741
724768
725104
725582
725660
725691
726031
726121
726281
726284
726307
726659
726768
726793
726879
727177
727220
727402
727423
727663
727718
727720
727828
727994
728058
728192
728248
728285
728310
728402
728430
728507
728542
728613
728886
729024
729043
729201
729439
729520
729525
729982
730025
730100
730136
730307
730407
730745
730775
730803
730809
731153
731186
731197
731207
731257
731365
731896
732070
732088
732194
732209
732378
732453
732568
732571
732657
732698
732713
732851
733235
733283
733324
733527
733675
733726
733860
733863
734289
734323
734407
734428
734505
734596
735071
735097
735108
735137
735138
735145
735168
735301
735342
735479
735636
735796
735821
735965
736232
736296
736388
736441
736506
736516
736668
736719
736921
736974
737040
737189
737268
737419
737459
737489
737656
737780
737935
738288
738369
738492
738677
738710
738791
738803
738824
738840
738882
739031
739111
739163
739188
739306
739416
739449
739468
739483
739551
739623
739876
739953
740060
740297
740418
740461
740531
740623
740648
740793
740873
741145
741180
741329
741447
741475
741742
741795
741949
742071
742077
742103
742110
742260
742326
742606
742700
742774
742858
742951
743310
743379
743451
743508
743537
743585
743799
743863
743994
744233
744360
744370
744386
744470
744532
744573
744583
744591
744694
744709
744794
744797
744819
744884
744894
745203
745415
745431
745707
745880
746133
746181
746239
746242
746252
746461
746464
746523
746600
746614
746698
746722
746729
746817
746883
746906
746994
747036
747050
747143
747172
747188
747207
747248
747260
747380
747507
747574
747586
747697
747713
747891
747965
748009
748248
748433
748614
748632
748714
748746
748769
748817
748975
749177
749198
749293
749301
749416
749465
749467
749478
749603
749760
749911
749931
750007
750064
750081
750346
750347
750519
750543
750619
750627
750670
750703
750727
750834
750935
750984
751043
751073
751410
751426
751559
751581
751704
751714
752066
752322
752518
752596
752646
752729
752984
753026
753068
753346
753489
753634
753720
753794
754108
754155
754192
754270
754315
754410
754443
754547
754561
754641
754816
754820
754974
754975
755084
755164
755270
755342
755443
755595
755678
755688
755743
755782
755789
755833
755890
755978
756013
756083
756561
756619
756640
756693
756889
756938
756960
756977
757026
757137
757224
757365
757519
757649
757704
757737
757976
758540
758762
758838
759008
759095
759259
759273
759316
759339
759387
759443
760259
760420
760714
760872
760957
761022
761145
761381
761432
761593
761648
761678
761848
761964
761994
762096
762158
762173
762185
762279
762381
762471
762507
762554
762566
762702
762803
762867
762889
762977
763059
763166
763331
763378
763443
763738
763946
764091
764284
764353
764595
764732
764782
764900
764932
764957
765361
765437
765527
765553
765575
765595
765705
765886
765923
765965
765981
766218
766258
766331
766334
766438
766472
766526
766550
766573
766958
766971
766981
767062
767065
767223
767493
767534
767916
767919
768009
768231
768293
768440
768445
768522
768568
768596
768748
768759
768924
768944
768957
769248
769468
769523
769770
769865
769898
770031
770138
770410
770440
770771
770839
770862
770886
771003
771028
771076
771125
771166
771295
771614
771616
771746
772029
772230
772402
772435
772528
772688
773029
773315
773397
773460
773558
773567
773639
773783
773847
773903
773978
773986
774164
774270
774336
774361
774386
774437
774622
774699
774716
774828
774866
775407
775408
775722
775731
775733
775860
775896
775908
775958
775994
776015
776099
776568
776589
776622
776664
776840
776978
777240
777281
777456
777463
777479
777514
777967
778129
778191
778201
778219
778636
778702
778753
778770
778809
778895
778906
779013
779037
779105
779691
779723
779798
779845
779963
780173
780214
780264
780433
780590
780787
780814
780836
780924
781211
781310
781398
781469
781701
781724
781954
782151
782161
782202
782265
782517
782647
782762
782937
782999
783095
783112
783156
783164
783414
783741
783788
783807
783879
783935
783988
784056
784325
784352
784387
784399
784618
784721
784756
784809
784901
784969
784999
785214
785250
785623
785634
785688
786069
786334
786423
786507
786512
786544
786606
786830
786918
787335
787355
787438
787492
787732
787749
787750
787916
788035
788181
788186
788288
788503
788560
788659
788684
788691
788885
789048
789153
789175
789301
789659
789857
789972
790096
790291
790299
790304
790347
790476
790590
790697
790715
790824
790870
790883
790902
790975
791103
791190
791230
791239
791276
791341
791395
791418
791708
792138
792356
792447
792450
792953
793010
793115
793340
793391
793398
793413
793580
793614
793729
793730
793828
793847
793999
794134
794280
794482
794528
794952
795308
795491
795530
795549
795597
795798
795838
795871
795975
796155
796327
796448
796450
796466
796529
796574
796889
797163
797172
797298
797405
797435
797534
797628
797703
797840
797973
798079
798316
798405
798552
798723
798812
798989
799134
799139
799204
799266
799333
799350
799660
799719
799812
799877
799926
800091
800135
800171
800251
800369
800476
800497
800503
800515
800545
800733
800837
800849
800854
800879
800886
800938
801065
801113
801205
801368
801399
801516
801910
802273
802304
802332
802361
802377
802431
802453
802482
802517
802592
802695
802700
802703
802729
802730
802749
802889
802973
802985
803251
803386
803462
803746
803833
804130
804369
804383
804390
804397
804404
804556
804627
804809
804810
804904
804916
804946
805363
805367
805389
805802
805816
805861
805993
806284
806359
806363
806373
806395
806428
806521
806544
806580
806807
807330
807408
807435
807464
807506
807563
807722
807872
807873
807990
808005
808075
808106
808260
808532
808609
808664
808677
809294
809342
809502
809748
809832
810035
810152
810196
810434
810540
810590
810707
810735
810788
810794
810827
810986
811210
811369
811392
811400
811409
811491
811547
811559
811645
811727
811772
811882
812078
812090
812125
812264
812383
812419
812502
812572
812587
812808
812936
812942
813029
813168
813176
813202
813449
813637
813662
813667
813679
813759
813860
813879
813888
814008
814096
814235
814363
814371
814374
814959
815029
815040
815342
815467
815655
815724
815770
815794
815863
815890
815963
816044
816083
816096
816141
816219
816225
816365
816425
816483
816505
816541
816924
816989
817136
817235
817306
817483
817691
817744
817748
817800
817838
818059
818074
818174
818197
818659
818725
818733
818805
818839
819132
819179
819227
819237
819412
819504
819528
819665
819686
819695
819829
819962
819982
820069
820264
820351
820381
820590
820617
820655
820842
820960
821066
821193
821197
821362
821522
821832
821842
821848
821920
821968
822094
822160
822166
822317
822736
822887
823030
823081
823415
823601
823729
823923
824070
824113
824176
824184
824705
824768
824782
824950
825009
825061
825466
825585
825620
825671
825775
825836
825859
825937
825952
825982
826120
826211
826241
826333
826442
826457
826458
826487
826499
826744
826826
826832
827075
827162
827213
827256
827298
827406
827484
827511
827577
827751
827782
827808
827839
827851
828339
828358
828451
828461
828516
828530
828633
828677
828761
829096
829198
829209
829237
829273
829684
829767
829782
829907
829998
830028
830066
830072
830129
830186
830196
830226
830346
830404
830431
830484
830502
830561
830753
830827
830865
831139
831456
831805
831819
831960
832041
832066
832183
832410
832427
832464
832481
832854
832874
832927
832933
833045
833275
833279
833389
833419
833457
833530
833887
833989
834070
834139
834289
834350
834436
834643
834701
834789
835116
835143
835283
835387
835464
835648
836034
836154
836234
836249
836279
836470
836607
836610
836612
836711
837041
837093
837130
837373
837421
837454
837469
837572
837749
837802
837935
837978
838070
838329
838494
838526
838552
839368
839499
839517
839524
839628
839805
840009
840228
840244
840280
840548
840570
840625
841109
841142
841161
841210
841405
841634
841773
841819
841844
841919
841934
842016
842110
842250
842293
842323
842383
842709
843047
843125
843154
843258
843419
843452
843506
843514
843528
843530
843588
843708
843822
844036
844105
844233
844465
844642
844643
844735
844796
844807
844899
844942
844993
845015
845051
845123
845279
845291
845408
845465
845573
845594
845626
845640
845661
845795
846055
846079
846308
846507
846742
846820
846890
847117
847120
847515
847540
847982
847986
848128
848299
848312
848735
848927
849193
849306
849341
849446
849728
849936
849956
850023
850050
850086
850130
850137
850151
850203
850353
850483
850568
850702
850799
850881
850995
850998
851049
851064
851110
851118
851234
851280
851385
851441
851515
851550
851734
851756
852031
852035
852309
852497
852514
852517
852571
852580
852737
852763
852778
852911
852920
852997
853323
853390
853433
853449
853495
853595
853608
853729
853783
853797
853887
853967
854001
854064
854113
854554
854667
854854
854939
855026
855227
855288
855309
855471
855680
855723
856128
856206
856257
856309
856464
856555
856624
856742
856853
856961
856977
857018
857019
857091
857149
857197
857279
857286
857294
857304
857573
857605
857686
857729
857788
857819
857893
858052
858203
858231
858274
858519
858538
858602
858671
858777
859047
859069
859241
859305
859329
859639
859709
859994
860062
860089
860133
860228
860258
860322
860339
860363
860501
860552
860624
860626
860661
860681
860784
861159
861327
861540
861580
861581
861900
861985
862040
862065
862368
862445
862752
862758
862778
862791
862895
863141
863508
863745
863807
863815
863868
863896
863918
863940
863953
864077
864107
864119
864249
864446
864972
865049
865104
865176
865187
865206
865305
865802
865840
865934
866208
866285
866390
866421
866522
866618
866658
866825
866876
867092
867107
867361
867514
867652
867932
867955
868001
868005
868062
868069
868115
868147
868167
868204
868414
868478
868535
868547
868575
868662
868707
868763
868899
869084
869217
869341
869414
869448
869639
869851
869987
870167
870195
870342
870474
870492
870596
870633
870679
870994
871065
871241
871336
871371
871442
871495
871517
871676
871755
872113
872152
872154
872493
872792
872859
872936
872941
873004
873090
873135
873185
873196
873202
873286
873349
873475
873733
873892
874069
874083
874132
874177
874212
874229
874345
874364
874428
874450
874467
874513
874521
874678
874902
875310
875358
875377
875440
875744
875862
875919
875984
876156
876280
876333
876764
876937
877056
877277
877358
877360
877564
877695
877836
877883
877905
877916
878036
878158
878371
878619
878622
878797
878799
878854
878893
879002
879077
879150
879263
879623
879701
879724
879967
880087
880136
880234
880274
880329
880476
880565
880591
880746
880798
880816
880869
880897
881027
881085
881246
881256
881395
881403
881506
881518
881531
881538
881540
881697
881712
881878
881882
881999
882225
882332
882437
882644
882647
882783
882810
883010
883111
883134
883237
883242
883297
883391
883410
883708
883721
883779
884004
884030
884084
884094
884206
884328
884335
884389
884395
884479
884498
885152
885353
885547
885627
885774
885863
885907
885962
886061
886196
886268
886325
886474
886596
886647
886652
886779
887042
887092
887116
887133
887218
887302
887319
887378
887464
887507
887687
888316
888332
888358
888405
888573
888574
888618
888639
888816
888849
889020
889339
889398
889419
889576
889885
889887
890197
890484
890486
890623
890792
890827
891038
891146
891187
891326
891335
891466
891533
891654
891669
891712
891742
892038
892204
892323
892421
892492
892499
892518
892528
892747
892761
892813
892828
892979
893041
893070
893145
893197
893205
893212
893336
893669
893897
893994
894036
894234
894524
894717
894722
895031
895065
895068
895272
895284
895291
895372
895732
895869
895872
895877
895879
895887
895918
896192
896263
896277
896316
896344
896424
896471
896524
896542
896594
896622
896730
896876
896879
897026
897056
897156
897522
897537
897639
897676
897791
897847
897985
898004
898054
898148
898185
898227
898481
898485
898547
898679
898688
898755
898853
898865
898883
899006
899144
899389
899587
899607
899727
899744
899749
899997
900227
900333
900383
900504
900523
900653
900945
901281
901333
901339
901360
901463
901465
901496
901555
901765
901867
901960
902034
902119
902275
902596
902598
902769
902897
902929
903039
903088
903191
903297
903456
903457
903463
903465
903625
903811
903964
904156
904174
904415
904429
904621
904626
904705
904862
904952
905217
905232
905397
905427
905530
905665
905700
905762
905779
905895
906062
906202
906296
906420
906616
906719
906949
907114
907160
907202
907274
907351
907375
907679
907974
908018
908175
908347
908401
908456
908519
908639
908667
908769
908834
908855
908888
908952
908965
909203
909272
909297
909356
909523
909564
909726
909764
909770
909813
909855
909887
910071
910206
910505
910571
910595
910612
910925
911196
911439
911493
911580
911584
911635
911710
911829
911898
912127
912136
912163
912275
912302
912303
912332
912673
912727
912819
912985
913068
913092
913123
913256
913355
913460
913466
913473
913481
913820
913940
913944
913951
913969
914029
914132
914189
914221
914321
914418
914619
914627
915230
915401
915567
915692
915697
915786
915816
916066
916105
916109
916152
916314
916407
916463
916538
916757
916847
916896
916910
917058
917100
917110
917160
917299
917496
917523
917545
917554
917726
917741
917749
917751
917758
917796
918035
918036
918087
918143
918165
918199
918277
918459
918502
918590
918591
918618
918697
918888
918967
918976
919035
919092
919101
919177
919272
919286
919294
919563
919592
919689
920073
920241
920361
920402
920475
920819
921075
921188
921279
921379
921403
921439
921698
921752
921818
921838
921845
921903
921953
922074
922082
922099
922179
922345
922375
922398
922547
922602
922626
922740
922760
922833
922925
923137
923385
923627
923689
923721
923937
923954
924066
924075
924128
924211
924225
924668
924718
924770
924791
924922
924926
924945
925084
925555
925640
925688
925843
925987
926011
926065
926183
926230
926311
926401
926456
926717
926760
926936
927114
927178
927189
927238
927274
927295
927534
927734
927781
927804
928020
928228
928233
928236
928292
928555
928625
928641
928955
928966
929083
929095
929316
929449
929478
929618
929699
929826
929837
929882
930203
930245
930257
930316
930373
930424
930457
930466
930559
930917
930987
931450
931506
931518
931582
931692
931713
931720
931760
931788
931867
931882
931902
931926
932090
932129
932151
932226
932385
932388
932464
932507
932621
932689
932752
932840
932954
933123
933219
933275
933356
933528
933576
933577
933651
933655
933776
933931
934029
934081
934083
934143
934287
934378
934402
934523
934565
934669
934813
934838
934851
934885
934917
934968
935152
935366
935389
935681
935922
935936
935977
936292
936300
936308
936534
936841
936922
937007
937137
937176
937327
937344
937711
937748
937782
937926
937955
938112
938138
938320
938373
938404
938638
938704
938839
938944
939305
939353
939477
939737
939995
940005
940018
940068
940199
940329
940358
940655
940787
941194
941250
941303
941333
941341
941706
941770
942190
942211
942234
942247
942354
942423
942539
942714
942724
942923
943097
943148
943174
943249
943372
943518
943846
943872
944170
944355
944411
944426
944429
944447
944623
944764
944791
944793
945022
945048
945147
945217
945218
945354
945569
945585
945613
945615
945624
945922
945994
946001
946035
946207
946284
946298
946349
946390
946615
946710
946737
946878
947097
947106
947108
947116
947308
947524
947542
947614
947629
947645
947668
947729
947817
947916
947954
947996
948038
948109
948213
948259
948265
948323
948408
948419
948927
949028
949051
949139
949183
949192
949255
949262
949371
949676
949677
949693
949867
949990
950106
950154
950233
950253
950464
950524
950535
950851
950988
951043
951202
951306
951368
951526
951572
951694
951960
952247
952561
952615
952638
952805
953328
953466
953593
953797
953935
954057
954096
954107
954225
954318
954680
954935
955216
955231
955262
955430
955506
955508
955530
955718
955805
955865
955953
956121
956167
956186
956263
956361
956363
956694
956790
956828
957065
957153
957157
957252
957308
957366
957475
957494
957808
957849
957970
958045
958093
958153
958266
958427
958524
958554
958611
958634
958666
958963
958967
959012
959474
959623
959781
959937
959961
960169
960210
960211
960313
960469
960477
960532
960567
960745
960992
961099
961134
961233
961306
961400
961457
961481
961524
961576
961734
961920
962004
962082
962477
962743
962832
962855
963110
963146
963281
963341
963520
963670
963708
963815
964004
964011
964063
964218
964275
964284
964425
964501
964536
964561
964765
964908
964909
964961
964981
965055
965324
965348
965373
965448
965466
965722
965811
965817
965930
965969
965971
965993
966127
966185
966221
966691
966713
966714
966759
966786
966809
966913
967152
967159
967162
967419
967540
967582
967801
967820
968049
968124
968256
968262
968511
968527
968560
968608
968932
969071
969088
969282
969580
969687
969910
970302
970306
970327
970406
970419
970835
970969
970991
971204
971261
971490
971522
971533
971649
971722
971928
971963
972120
972148
972152
972160
972312
972362
972395
972453
972549
972672
972875
972928
973010
973098
973203
973239
973243
973250
973269
973286
973297
973400
973509
973628
973777
973793
973809
973901
974017
974090
974206
974417
974495
974536
974595
974647
974648
974653
974903
974972
974984
975093
975114
975166
975264
975295
975364
975370
975459
975554
975577
975602
975664
975670
975738
975845
975889
975898
975988
976109
976155
976240
976386
976431
976556
976601
976608
976858
976902
976996
976997
977065
977222
977254
977274
977399
977413
977445
977446
977489
977563
977579
978093
978198
978285
978343
978367
978433
978494
978502
978570
978677
978846
978866
978948
979124
979214
979271
979318
979470
979501
979584
979664
979746
979834
979938
980007
980148
980260
980430
980683
980801
980983
981094
981180
981298
981306
981337
981427
981518
981536
981629
981706
981778
981858
981952
982100
982404
982572
982612
982619
982630
982709
982909
983116
983131
983153
983278
983353
983374
983605
983699
983945
983958
984024
984095
984125
984488
984528
984553
984558
984591
984764
984835
984841
985105
985440
985501
985595
985955
986177
986262
986267
986317
986328
986336
986337
986348
986395
986424
986441
986447
986564
986614
986621
986627
986658
987128
987138
987279
987337
987390
987398
987551
987874
988383
988413
988423
988558
988684
988690
988800
988801
988879
988923
988928
988987
988994
989041
989050
989094
989208
989274
989287
989346
989375
989426
989526
989571
989831
989871
989882
990010
990326
990352
990357
990413
990429
990450
990563
990604
990676
991156
991183
991438
991491
991494
991534
991590
991600
991628
991648
991729
991831
991955
991967
991969
992043
992055
992056
992064
992145
992163
992286
992359
992427
992454
992542
992582
992648
992656
992677
992681
992753
992790
992795
992994
993036
993058
993092
993134
993152
993159
993316
993453
993500
993502
993570
993634
993785
993863
993943
994235
994365
994545
994656
994827
995011
995154
995258
995424
995438
995542
995574
995596
995649
995715
995758
995772
995779
995850
995899
995951
995970
995977
995996
996127
996156
996293
996521
996693
996715
996718
996843
996873
996937
997107
997246
997521
997767
997906
998173
998239
998309
998372
998398
998499
998583
998631
998806
998866
998898
998996
999001
999009
999196
999324
999349
999386
999499
999636
999922
