39
295
475
538
603
841
863
890
899
1067
1153
1467
1536
1596
1771
1863
1953
2066
2239
2279
2291
2337
2340
2342
2407
2459
2515
2657
2732
2828
3014
3053
3127
3205
3391
3440
3585
3738
3748
3763
3852
3896
3910
4077
4400
4533
4547
4638
4739
4920
5159
5221
5340
5410
5514
5532
5787
5792
5819
5860
5869
5873
5946
6045
6095
6109
6183
6335
6394
6464
6762
6895
6921
7209
7263
7382
7411
7454
7612
7797
7810
8144
8145
8288
8388
8430
8484
8656
8664
8727
8733
8804
8967
9050
9067
9111
9157
9220
9336
9411
9471
9550
9558
9650
9680
9773
9883
9945
10178
10194
10579
10589
10691
10780
10892
10935
10988
11096
11320
11376
11506
11560
11569
11581
11592
11842
12164
12295
12450
12621
12900
12907
12921
13023
13096
13177
13460
13477
13482
13583
13593
13616
13810
14005
14227
14266
14466
14572
14858
14920
15007
15018
15253
15272
15297
15426
15477
15840
15961
16220
16285
16403
16442
16601
16669
16783
16835
16890
16999
17012
17186
17300
17448
17696
17889
18019
18117
18227
18249
18273
18424
18438
18449
18453
18458
18465
18489
18535
18571
18580
18917
18921
19112
19175
19180
19284
19300
19316
19327
19672
19740
19811
19830
19860
19877
19959
19997
20061
20236
20239
20291
20384
20501
20549
20682
20803
20887
20896
20932
20933
20958
21181
21279
21682
21745
21777
21779
21804
21918
22000
22170
22296
22390
22449
22588
22596
22681
22769
22892
22949
23082
23135
23280
23339
23349
23545
23622
23843
23878
23989
24034
24253
24302
24636
24727
24740
24915
25057
25386
25428
25441
25589
25594
25611
25739
25750
25781
25792
26055
26187
26229
26236
26535
26556
26622
26737
26804
26871
27063
27073
27177
27316
27534
27571
27608
27736
27738
27956
28010
28230
28465
28635
28677
28885
28959
28971
28999
29037
29113
29140
29215
29232
29381
29522
29586
29672
29691
29828
29902
29917
29996
30017
30018
30019
30187
30314
30507
30619
30633
30655
30705
30717
30749
30840
30878
30958
31054
31233
31382
31464
31482
31511
31552
31661
31678
31684
31970
32262
32315
32344
32350
32585
32730
33064
33266
33972
34013
34104
34336
34368
34417
34505
34564
34619
34633
34677
34730
34741
34800
34835
34880
34915
34917
35030
35114
35159
35175
35188
35424
35490
35502
35636
35786
35790
35808
35816
35946
35976
36169
36299
36300
36314
36356
36476
36504
36588
36647
36877
36889
36990
37109
37183
37218
37459
37605
37768
37786
37807
37815
37951
38013
38066
38095
38138
38187
38275
38309
38336
38354
38397
38689
38690
38817
38842
38915
39122
39142
39245
39314
39497
39661
39674
39891
39925
39982
40185
40248
40577
40589
40696
40758
40797
40810
41290
41608
41758
41773
42143
42400
42513
42649
42732
42739
42837
43046
43048
43121
43278
43432
43662
43863
43899
44170
44191
44234
44242
44288
44409
44412
44477
44539
44549
44621
44748
44918
45098
45283
45289
45338
45528
45618
45889
45996
46000
46021
46110
46141
46159
46404
46549
46751
46766
46827
47038
47066
47104
47240
47559
47579
47644
47857
47915
48105
48184
48563
48637
48858
49007
49077
49151
49242
49376
49577
49922
50083
50692
50763
50793
50814
50932
51098
51204
51221
51265
51303
51792
51966
52660
52864
52869
52904
53070
53095
53259
53308
53496
53654
53825
53930
53982
54092
54327
54385
54407
54475
54498
54509
54650
54664
54665
54801
54831
55070
55103
55240
55336
55346
55380
55523
55653
55671
55714
55843
55869
55889
55909
55944
56263
56491
56655
56725
56806
56932
56945
56949
56955
57030
57191
57334
57339
57353
57427
57546
57547
57557
57691
57791
57833
57863
57937
58104
58140
58228
58357
58503
58730
58775
58836
58922
59005
59083
59134
59136
59364
59594
59650
59661
59706
59709
59968
59996
60052
60786
60875
60921
60984
60985
61152
61524
61568
61684
61734
61773
61787
61797
61808
61876
61907
61921
61942
61957
61959
62162
62188
62269
62454
62618
62932
62974
63142
63255
63268
63507
63572
63918
64137
64166
64225
64343
64587
64606
64640
64806
64848
64873
64907
65085
65118
65120
65218
65223
65321
65345
65362
65478
65487
65535
65710
66039
66098
66149
66216
66285
66368
66380
66711
66779
66800
66826
66960
67136
67176
67208
67484
67690
67696
67796
67875
68014
68064
68112
68369
68665
68781
68808
68828
68829
69127
69175
69245
69252
69315
69471
69877
69976
69985
70029
70056
70246
70370
70467
70530
70554
70619
70791
70943
71051
71213
71355
71403
71449
71467
71516
71562
71566
71648
71703
71730
71800
71903
71962
71981
72112
72187
72209
72290
72688
72696
72722
72783
73187
73236
73531
73594
73698
73803
73835
73839
74385
74830
75037
75131
75250
75291
75345
75476
75649
75690
75696
75724
75829
75847
75978
76027
76050
76119
76127
76277
76319
76376
76385
76403
76665
76743
77245
77377
77404
77494
77526
77658
78012
78075
78212
78305
78352
78429
78434
78473
78509
78654
78694
78760
78774
79037
79161
79193
79256
79301
79342
79370
79457
79519
79521
79563
79630
79651
79764
79779
79812
79843
79969
80044
80289
80484
80494
80532
80536
80545
80569
80689
80834
80861
80912
81311
81392
81504
81746
81781
82018
82092
82151
82181
82282
82555
82615
82795
83042
83137
83160
83572
83594
83710
83754
83993
84139
84280
84360
84478
84542
84604
84632
84793
84806
84849
84941
85301
85402
85447
85472
85602
85884
85931
85961
86088
86279
86309
86606
86863
86868
86882
86914
87198
87301
87656
87707
87710
87739
87976
88027
88268
88470
88550
88577
88715
88803
88918
89038
89423
89430
89478
89595
89610
89724
89959
89968
90090
90126
90210
90232
90311
90530
90613
90739
90752
90777
90937
90960
91024
91075
91213
91526
91548
91937
91943
92031
92066
92150
92392
92549
92583
92691
92759
92778
92813
92919
92966
92973
93054
93102
93275
93333
93738
93849
93905
93952
93997
94010
94035
94115
94133
94173
94349
94401
94413
94506
94546
94738
94860
94966
95046
95249
95299
95361
95397
95441
95550
95560
95595
95754
95755
95884
95911
95922
95995
96021
96185
96318
96407
96417
96533
96710
97002
97072
97107
97184
97208
97244
97263
97495
97545
97688
97945
97974
97978
97983
98052
98141
98147
98208
98270
98415
98494
98618
98706
98734
98780
98781
98921
98950
99001
99017
99113
99261
99287
99310
99317
99520
99565
99590
99673
99761
99762
99827
99965
100313
100433
100440
100628
100779
100873
100882
100897
100982
101050
101091
101120
101258
101441
101473
101593
101674
101829
101953
101997
102062
102252
102469
102490
102684
102689
102936
102983
103040
103191
103272
103374
103462
103502
103881
104151
104176
104260
104416
104441
104527
104817
104844
104920
104949
104994
105079
105264
105393
105501
105551
105809
105827
105845
105909
105963
106033
106150
106219
106477
106793
106850
106946
106984
107021
107125
107182
107192
107292
107306
107513
107537
107583
107591
107644
107657
107701
107711
107744
107852
107979
107998
108015
108168
108209
108395
108582
108780
109293
109333
109363
109380
109472
109497
109581
109593
109697
109953
109957
110012
110297
110302
110527
110540
110585
110601
110772
110799
110810
110831
110875
110925
110967
110986
111026
111054
111316
111492
111885
112101
112137
112147
112233
112346
112450
112452
112461
112571
112654
112877
112996
113032
113126
113178
113182
113184
113191
113350
113602
113722
113953
113997
114024
114039
114167
114269
114449
114727
115155
115242
115252
115391
115396
115505
115631
115703
115744
115792
116270
116310
116333
116370
116546
116963
117018
117025
117116
117298
117299
117309
117423
117464
117558
117717
117832
118045
118158
118435
118457
118475
118602
118923
119040
119071
119248
119314
119379
119399
119425
119461
119601
119626
119647
119666
119687
119702
119708
119790
119791
119870
119898
119923
120117
120132
120193
120370
120373
120388
120596
120615
120729
120751
120898
120932
120961
120976
121011
121157
121181
121457
121478
121503
121662
121680
121682
121683
121718
121789
121998
122101
122319
122666
122690
122965
123049
123114
123464
123507
123610
123613
123800
123921
123996
124072
124324
124354
124477
124879
124904
124953
125133
125161
125255
125339
125351
125405
125416
125483
125635
125654
125744
125759
125892
125982
126049
126129
126216
126308
126371
126430
126632
126825
126987
127019
127201
127501
127506
127531
127641
127805
127841
127992
128031
128301
128359
128486
128497
128521
128561
128604
128614
128710
128821
128882
128902
128938
128956
128990
129191
129299
129471
129492
129506
129820
129935
129944
130005
130015
130203
130232
130270
130334
130361
130464
131036
131327
131470
131520
131581
131607
131709
131749
131983
132081
132363
132446
132541
132677
132699
132810
132904
132908
133175
133351
133399
133402
133755
133936
134123
134315
134318
134456
134589
134688
134713
135030
135185
135187
135220
135445
135464
135576
135796
136008
136015
136068
136089
136143
136213
136231
136384
136551
136658
136668
136976
137046
137204
137236
137344
137422
137541
137764
137935
138103
138157
138170
138210
138373
138719
138737
138858
139062
139118
139242
139504
139514
139668
139682
139693
139713
139757
139789
139822
139844
139897
139987
139998
140057
140098
140167
140203
140367
140481
140627
140718
140830
140837
141153
141374
141411
141540
141643
141697
141757
141762
141910
142117
142213
142321
142409
142690
142825
142837
142893
142907
142933
142939
143193
143202
143235
143331
143440
143463
143565
143678
143836
143899
143969
144007
144039
144178
144342
144467
144471
144554
144661
144790
145018
145042
145084
145230
145310
145755
145758
145787
145888
145921
146214
146599
146811
146953
147009
147167
147239
147704
147905
148058
148062
148072
148101
148145
148255
148387
148448
148464
148670
148774
148844
149011
149135
149156
149162
149340
149405
149596
149615
149935
149937
150082
150659
150706
150736
150927
150947
150975
151074
151128
151192
151218
151437
151490
151505
151564
151601
151603
151683
151902
151968
152073
152235
152313
152459
152481
152695
152748
152802
152807
153267
153466
153626
153638
153762
153827
153883
153908
153923
154105
154111
154221
154235
154269
154310
154313
154344
154404
154410
154589
154624
154804
155048
155168
155229
155264
155359
155483
155504
155583
155716
155777
155791
155798
156070
156078
156166
156199
156261
156352
156360
156728
156933
156967
156971
157114
157374
157467
157622
157877
157975
158147
158222
158601
158610
158663
158693
158703
158732
158767
158935
158970
159065
159378
159398
159634
159688
159690
159747
159774
159815
159891
159931
160025
160101
160207
160245
160411
160440
160490
160556
160611
160655
160709
160761
160777
161024
161033
161055
161074
161161
161254
161274
161530
161597
161622
161812
161955
161972
162052
162287
162546
162720
162726
162918
162938
163040
163081
163107
163380
163551
163595
163632
163669
163676
163951
164221
164313
164372
164378
164589
164620
164644
164679
164766
164847
164849
165049
165082
165161
165276
165651
165742
165748
165821
165828
165865
165908
166012
166019
166327
166444
166448
166625
166829
166887
166944
167145
167224
167311
167319
167438
167560
167562
167845
167990
168056
168068
168104
168126
168136
168149
168212
168357
168559
168583
168584
168995
169224
169407
169426
169569
169689
169724
169785
170494
170578
170699
171001
171090
171111
171296
171409
171469
171552
171677
171714
171715
171789
171997
172081
172205
172415
172580
172583
172607
172685
172876
172946
173029
173031
173090
173126
173192
173257
173323
173724
173760
173762
173810
174312
174410
174431
174564
174624
174647
174662
174673
174759
174852
175090
175213
175243
175291
175582
176211
176297
176409
176527
176620
177201
177203
177228
177502
177702
177785
177811
177893
177903
177972
178168
178523
178562
178657
178822
178846
178982
179098
179109
179137
179336
179347
179444
179563
179627
179800
179828
179888
180115
180198
180363
180442
180447
180476
180580
180666
180770
181042
181685
181834
181840
181853
181867
182124
182177
182614
182737
182930
182965
183005
183112
183276
183290
183301
183350
183355
183368
183483
183488
183565
183587
183625
183786
183799
184263
184300
184442
184502
184531
184533
184697
184942
184967
185038
185385
185457
185462
185490
185664
185787
185822
185871
186041
186046
186115
186121
186150
186168
186213
186242
186405
186446
186488
186545
186616
186679
186723
186797
186846
186852
186940
186950
187347
187357
187542
187792
187803
187820
187872
187917
187940
187946
187982
187991
188131
188163
188237
188251
188495
188928
188966
189241
189325
189611
189681
189722
189759
189855
189891
189919
189989
190264
190430
190466
190610
190614
190714
190742
190938
190957
191036
191052
191429
191837
191914
191946
192114
192146
192148
192479
192579
192815
192863
193044
193123
193171
193328
193372
193455
193516
193539
193583
193593
193765
193793
194096
194273
194332
194359
194374
194402
194427
194454
194500
194510
194570
194842
194873
194889
194931
195102
195195
195386
195415
195649
195820
195826
195829
196115
196124
196252
196265
196341
196391
196591
196680
196731
196773
197124
197302
197361
197536
197537
197727
197746
197766
197803
197818
197978
197994
198100
198115
198316
198329
198360
198560
198567
198601
198658
198758
198832
198836
198886
198889
199190
199222
199322
199357
199457
199511
199595
199808
199817
199851
200114
200190
200239
200618
200674
200966
201102
201155
201240
201245
201345
201376
201407
201623
201699
201768
201832
202015
202025
202028
202073
202080
202405
202505
202664
202696
203288
203435
203644
203740
203781
203945
204229
204404
204468
204584
204601
204805
204824
205051
205254
205302
205370
205391
205397
205436
205488
205672
205708
205868
205906
205953
206059
206331
206473
206565
206682
206891
206952
206979
207114
207175
207246
207247
207354
207366
207632
208223
208337
208390
208391
208571
208640
208806
208920
208941
209094
209231
209254
209264
209364
209367
209593
209663
209924
209969
210080
210127
210143
210155
210238
210246
210568
210575
210645
210665
210707
210928
210929
210962
210976
211029
211035
211079
211103
211323
211540
211656
211760
211786
211844
211951
212075
212303
212377
212441
212516
212646
212713
212733
212742
212855
212947
212968
213218
213259
213296
213497
213576
213665
213801
213836
213847
213953
214183
214290
214307
214695
214878
214899
214920
214937
215196
215393
215448
215524
215667
215679
215735
215840
215884
215910
216211
216276
216318
216455
216717
216832
216835
216923
217074
217340
217616
217630
217661
217663
217668
217725
217814
217960
218029
218188
218226
218439
218568
218581
218601
218827
218832
219061
219185
219208
219249
219435
219444
219500
219559
219745
219847
219892
219926
220111
220451
221000
221180
221193
221201
221277
221294
221517
221563
221618
221634
221889
222043
222381
222478
222548
222723
222863
222867
222915
222941
222991
223058
223131
223211
223292
223447
223494
223541
223567
223700
223722
223918
223934
224025
224036
224114
224130
224136
224250
224319
224335
224385
224506
224507
224513
224573
224748
224840
224877
224994
225133
225223
225224
225248
225306
225387
225428
225507
225586
225665
225673
225710
225739
225943
225971
226058
226197
226413
226490
227483
227537
227615
227652
227742
227814
227907
227930
228009
228185
228266
228485
228524
228557
228628
228799
228834
228918
228978
229300
229322
229329
229495
229498
229602
229613
229673
229725
229741
230040
230126
230231
230251
230321
230480
230944
231024
231100
231291
231466
231471
231541
231548
231751
231896
231911
231959
232065
232435
232641
232677
232846
233246
233264
233337
233599
233716
233775
233786
233812
233814
233864
233890
234111
234339
234346
234449
234456
234740
234785
234798
234938
235067
235091
235105
235133
235217
235586
235658
235674
235685
235729
235806
235891
235947
236066
236136
236217
236244
236358
236573
236610
236676
236716
236780
236785
236920
236926
236960
236994
237004
237035
237092
237103
237206
237243
237289
237292
237408
237516
237575
237592
237726
237772
237775
237791
238078
238176
238300
238311
238336
238391
238443
238448
238738
238807
238839
238886
239141
239198
239462
239476
239655
239878
239962
240018
240253
240268
240321
240332
240565
240814
240996
241047
241149
241170
241186
241358
241376
241401
241591
241721
241841
241856
241957
241968
241996
242034
242040
242045
242174
242233
242260
242310
242460
242908
242961
242962
243012
243031
243086
243584
243597
243634
243743
243761
243869
243922
244313
244362
244608
244860
244995
245212
245230
245276
245649
245823
245871
245908
246026
246040
246114
246279
246368
246420
246507
246603
246627
246646
246687
246818
246899
246903
246930
246952
247024
247050
247101
247198
247325
247356
247458
247474
247613
248065
248258
248270
248293
248432
248500
248597
248686
248811
248815
249018
249102
249150
249288
249468
249708
249835
249869
250099
250248
250292
250636
250861
250973
251085
251144
251248
251362
251430
251586
251614
251855
251858
251971
252079
252175
252318
252351
252512
252540
252542
252818
252881
252893
252896
252968
253070
253087
253239
253278
253307
253415
253456
253698
253707
253953
254113
254369
254480
254542
254548
254662
254745
254828
254943
255250
255473
255551
255552
255686
255699
255767
255918
255939
255960
256053
256118
256128
256369
256384
256532
256549
256808
256862
256897
257103
257272
257340
257449
257562
257599
257694
257751
257880
257977
257987
258030
258074
258090
258255
258260
258356
258499
258545
258602
258785
258876
258882
258895
258931
258984
259152
259471
259588
259600
259607
259634
259746
259993
260314
260317
260329
260380
260427
260439
260632
260658
260754
260770
260811
260897
261042
261067
261096
261129
261214
261252
261404
261441
261486
261548
261553
261634
261956
262103
262120
262205
262414
262500
262635
262710
262718
262867
263097
263211
263321
263537
263612
263619
263675
263731
263742
263947
263993
264053
264096
264137
264164
264232
264362
264379
264453
264473
264526
264631
264656
264999
265009
265034
265036
265144
265171
265187
265234
265237
265432
265485
265504
265512
265679
265962
266044
266062
266090
266110
266163
266309
266492
266727
266784
266921
266957
266958
267071
267127
267148
267193
267237
267322
267323
267404
267532
267570
267612
267791
267860
267867
267870
268276
268302
268358
268410
268486
268509
268516
268739
268825
269076
269077
269256
269448
269496
269719
269861
269882
269934
270154
270320
270723
270808
270841
270860
270902
271004
271085
271094
271131
271168
271245
271269
271356
271442
271453
271457
271672
271781
271851
272247
272286
272310
272363
272366
272403
272485
272515
272565
272773
272922
273147
273298
273441
273513
273550
273601
274086
274172
274383
274384
274407
274408
274496
274499
274512
274564
274688
274995
275231
275349
275373
275405
275595
275721
275831
275908
275961
276049
276196
276200
276209
276408
276618
276796
276835
276949
277143
277231
277315
277321
277336
277480
277569
277655
277726
277766
277774
277845
277857
277892
277936
278196
278479
278785
278856
278890
278986
279073
279180
279225
279283
279397
279860
279895
279956
280003
280040
280249
280394
280562
280568
280729
280740
280781
280832
280875
280892
281023
281193
281348
281355
281376
281383
281438
281578
281659
281773
281821
282034
282221
282545
282565
282611
282628
282670
282777
282957
282981
283132
283214
283224
283317
283346
283375
283500
283750
283813
283907
283912
283926
283954
284139
284248
284312
284416
284478
284645
284702
284829
284962
285048
285273
285354
285407
285422
285477
285561
285795
285872
285935
285966
286042
286062
286090
286296
286499
286723
286847
286905
287098
287207
287260
287366
287532
287571
287655
287656
287670
287915
288010
288091
288100
288497
288625
288686
288690
288714
288759
288807
288979
289001
289010
289051
289176
289408
289513
289543
289554
289793
289812
289922
290028
290126
290199
290213
290307
290360
290379
290449
290478
290522
290595
290666
290705
290751
290834
290889
290890
290952
291016
291035
291041
291468
291477
291517
291652
291663
291684
291725
291742
291784
291881
291882
292297
292462
292491
292520
292598
292669
292752
292825
293043
293058
293179
293216
293281
293290
293308
293430
293489
293717
293883
293908
293962
293978
294171
294190
294364
294485
294623
294624
294732
294764
294904
295062
295387
295485
295533
295704
295794
295807
295970
296016
296061
296127
296132
296174
296301
296590
296746
296836
296877
296999
297271
297347
297412
297566
297593
297623
297655
298051
298071
298159
298239
298803
298979
299191
299234
299246
299289
299319
299607
299719
299867
299910
299921
299924
299979
300017
300173
300233
300426
300482
300513
300639
300756
300897
300907
301163
301189
301434
301471
301480
301833
301862
301921
302154
302223
302358
302466
302479
302553
302564
302634
302665
302717
302797
302881
302973
303021
303129
303361
303423
303514
303567
303851
303861
303873
303926
303972
303985
304081
304121
304147
304170
304269
304646
304663
304858
304895
305262
305404
305445
305564
305570
305655
305660
305722
305743
305787
305790
305914
306042
306055
306114
306183
306295
306320
306374
306413
306502
306797
306885
307062
307396
307590
307764
307765
307770
307805
307836
308139
308188
308225
308404
308527
308547
308564
308684
308742
308778
308948
309105
309119
309148
309293
309328
309331
309415
309471
309571
309742
309756
309787
310028
310086
310180
310237
310265
310300
310634
310744
310808
310854
310952
311029
311128
311134
311281
311301
311422
311450
311502
311612
311634
311676
311821
311906
312087
312111
312256
312269
312391
312477
312505
312643
312667
312792
312826
313004
313259
313322
313419
313645
313701
313722
313725
313828
313948
313979
314340
314453
314455
314501
314568
314803
314806
314937
314953
315050
315067
315094
315131
315139
315247
315277
315371
315419
315695
315870
316045
316148
316293
316544
316863
317065
317189
317232
317306
317469
317522
317768
317911
318029
318146
318214
318219
318259
318284
318428
318462
318624
318778
318911
318954
318989
319053
319136
319145
319244
319276
319561
319653
319732
319737
319828
320142
320233
320248
320703
320731
320887
321178
321435
321785
321792
321798
321890
321914
322054
322077
322112
322133
322155
322247
322408
322415
322422
322642
322643
322666
322669
322690
322719
322736
322779
322827
322947
323114
323311
323527
323655
323735
323788
323914
324087
324230
325024
325028
325040
325061
325067
325139
325200
325211
325572
325592
325695
325745
325772
325781
325877
325906
326039
326393
326416
326435
326466
326561
326572
326702
326720
326877
326969
326991
327032
327100
327117
327186
327189
327217
327238
327250
327288
327290
327379
327459
327664
327943
328028
328210
328223
328334
328680
328918
328941
329225
329258
329322
329529
329550
329582
329648
329801
329958
330069
330075
330158
330181
330250
330261
330309
330316
330352
330535
330647
330670
330750
330834
330945
330998
331098
331155
331169
331365
331431
331526
331594
332119
332171
332175
332646
332663
332698
333170
333187
333219
333275
333391
333432
333541
333551
333598
333852
333861
333979
334046
334203
334551
334560
334642
334672
334815
334863
334930
334944
334964
335151
335318
335567
335594
335641
335742
335887
335927
336126
336270
336358
336437
336474
336620
336667
336764
336791
336819
336921
336976
336996
337059
337118
337331
337398
337413
337436
337440
337458
337459
337678
337729
337843
338238
338261
338553
338568
338759
338853
338968
338999
339144
339223
339331
339337
339394
339395
339400
339477
339513
339559
339850
339897
340241
340250
340406
340516
340633
340808
340910
341057
341080
341201
341379
341381
341387
341457
341476
341497
341513
341530
341694
341719
341792
341832
341936
342247
342312
342586
342670
342724
343004
343424
343770
344202
344347
344629
344743
344760
344806
344814
345061
345102
345146
345258
345422
345607
345648
345797
345947
345964
345973
345989
346072
346084
346106
346197
346211
346225
346467
346631
346703
346727
346889
347061
347082
347235
347255
347324
347429
347457
347592
347681
347718
347756
347825
347848
347866
347995
348055
348250
348324
348406
348661
348792
348854
348905
348924
348940
348997
349041
349376
349395
349414
349451
349462
349477
349532
349549
349563
349578
349804
349905
349952
350363
350387
350424
350438
350464
350572
350583
350591
350614
350643
350676
350858
350978
351060
351398
351552
351694
351701
351703
351717
351758
351831
351881
351950
351981
352044
352124
352154
352276
352513
352585
352749
352837
352890
353068
353073
353218
353284
353442
353559
353579
353698
354064
354187
354240
354350
354441
354602
354817
355019
355094
355164
355209
355214
355321
355411
355448
355538
355614
355630
355701
356419
356570
356594
356687
356765
356790
356989
357110
357263
357275
357666
357716
357727
357907
357951
358113
358149
358153
358245
358303
358319
358509
358513
358603
358618
358727
358752
358759
358891
358902
358919
358926
359034
359206
359230
359263
359271
359317
359552
359654
359863
359870
359914
359948
359971
360102
360267
360333
360350
360423
360867
360892
361045
361163
361184
361217
361426
361748
361878
361978
362079
362184
362370
362401
362581
362649
362659
362708
362760
362957
363023
363279
363571
363785
364089
364259
364337
364370
364487
364683
364789
364939
364997
365034
365176
365238
365632
365681
365951
366010
366103
366124
366148
366161
366175
366259
366354
366617
366685
366790
366846
366867
366881
366886
366938
366977
367062
367155
367191
367214
367228
367259
367418
367655
367670
367869
367910
368475
368554
368755
368757
368759
368834
368880
368900
369037
369065
369081
369088
369242
369256
369394
369442
369568
369745
369757
370225
370285
370306
370393
370434
370525
370690
371035
371044
371131
371144
371161
371165
371215
371267
371665
371704
371848
371870
371939
371973
372099
372180
372417
372423
372535
372561
372579
372612
372672
372685
372844
372893
372940
372954
372978
373018
373332
373347
373387
373490
373648
373881
374004
374026
374255
374392
374442
374493
374497
374582
374769
374776
374781
374863
375134
375174
375224
375226
375321
375417
375534
375661
375757
375918
375957
375978
376088
376099
376109
376211
376234
376277
376278
376330
376339
376449
376490
376572
376655
376932
377092
377154
377561
377654
378075
378135
378183
378306
378509
378574
378691
379211
379333
379387
379492
379651
379673
379898
380004
380041
380081
380184
380185
380346
380351
380373
380542
380664
380678
380869
380873
380902
381163
381481
381531
381658
381732
381893
382154
382210
382353
382617
382642
383313
383365
383391
383467
383575
383587
383737
383747
383774
384004
384105
384175
384452
384870
384941
384978
385017
385065
385328
385471
385483
385571
385712
385744
385772
386087
386368
386608
386789
386808
387127
387389
387491
387596
387803
387904
387937
387952
387955
388585
388623
388769
388785
388806
388830
389008
389326
389345
389543
389949
390230
390263
390276
390279
390303
390326
390334
390410
390531
390930
390988
391004
391026
391167
391177
391225
391363
391371
391406
391412
391417
391700
391935
391941
392028
392120
392248
392312
392476
392849
392862
393111
393296
393359
393435
393560
393672
393686
393968
394110
394117
394177
394212
394341
394345
394439
394630
394642
394790
394802
394832
394848
394938
395029
395156
395353
395474
395498
395628
395868
396112
396136
396315
396321
396500
396507
396518
396550
396745
396806
396890
396897
396977
397170
397258
397316
397392
397435
397465
397613
397621
397926
397974
398079
398138
398139
398165
398170
398246
398264
398332
398413
398575
398620
398623
398636
398647
398856
398900
398901
398921
398972
399047
399349
399378
399384
399562
399864
399883
399934
399947
400163
400169
400364
400628
400682
400689
400694
400761
400762
400767
400784
400796
400803
400845
400920
400945
401058
401112
401154
401182
401247
401289
401387
401455
401578
401581
401751
401756
402022
402050
402243
402357
402561
402622
402913
402927
402985
403201
403308
403330
403349
403490
403707
403741
403753
403768
403801
403878
403986
404193
404375
404675
404827
404831
404904
405199
405256
405522
405620
405717
405860
405885
405889
405913
405930
405942
406238
406246
406256
406258
406439
406478
406496
406545
406726
406968
407002
407096
407127
407295
407345
407624
407669
407806
407823
407847
408016
408052
408101
408481
408650
408662
408729
408853
408917
408975
409258
409623
409885
410279
410282
410437
410888
411022
411157
411295
411321
411410
411466
411471
411486
411496
411519
411840
411922
412115
412492
412509
412520
412598
412738
412776
412902
413167
413172
413319
413429
413529
413562
413584
414360
414390
414425
414465
414530
414550
414640
414667
414736
414776
414815
414894
414913
414966
414992
415043
415236
415249
415261
415327
415331
415514
415639
415805
415832
415898
415910
415932
415967
416008
416103
416157
416220
416256
416406
416421
416445
416541
416594
416710
416731
416843
416865
416913
417056
417152
417184
417287
417305
417370
417548
417582
417608
417610
417625
417791
417841
417897
417942
417985
418159
418186
418262
418339
418519
418533
418590
418629
418689
418976
419140
419217
419382
419415
419430
419484
419503
420144
420160
420389
420572
420636
420669
420877
420913
420927
421102
421212
421315
421316
421412
421705
421748
421764
421800
421857
421914
421938
422073
422251
422335
422442
422444
422485
422648
422682
422797
422811
422953
422984
423018
423030
423144
423194
423319
423402
423429
423438
423469
423565
423643
423703
423782
423793
423845
423857
423967
424006
424192
424300
424364
424446
424448
424509
424556
424613
424650
424689
424702
424761
424820
424853
424875
425002
425009
425032
425057
425062
425200
425329
425539
425563
425618
425621
425654
425683
425706
425756
425799
425907
425951
426017
426152
426183
426215
426533
426709
426748
426935
426991
427008
427062
427122
427218
427472
427658
427840
428167
428233
428248
428315
428369
428649
428999
429395
429676
429695
429747
429792
429829
430132
430140
430408
430558
430576
430634
430764
430820
430865
430972
431178
431309
431394
431559
431862
431911
432146
432271
432367
432418
432495
432516
432529
432540
432717
432741
432849
432895
433171
433218
433259
433519
433553
433662
433916
434256
434268
434307
434631
434718
434787
434805
434888
435219
435396
435547
435631
435723
435812
435947
435993
436238
436324
436374
436377
436655
436676
436683
436798
436992
437039
437102
437137
437162
437369
437420
437559
437645
437983
438161
438298
438323
438336
438356
438361
438470
438490
438612
438859
438929
438979
439033
439039
439128
439277
439379
439431
439562
439712
439797
439881
439938
439977
440104
440123
440216
440446
440804
440839
440890
441310
441452
441787
441819
441843
441937
441950
441956
442171
442232
442299
442441
442501
442545
442664
442676
442804
442806
442828
442829
442912
443062
443101
443150
443501
443602
443615
443780
443946
444272
444752
444793
444901
444920
445037
445170
445217
445275
445374
445739
445761
445810
445960
445970
445971
445980
446002
446075
446253
446272
446286
446377
446389
447023
447401
447435
447479
447489
447580
447588
447707
447727
447760
447914
447935
447947
448036
448082
448212
448251
448438
448558
448622
448705
448710
448717
448743
448796
448856
448898
449078
449102
449278
449308
449335
449367
449497
449548
450175
450182
451003
451033
451076
451094
451245
451310
451370
451403
451590
451701
451796
452091
452181
452198
452297
452485
452705
452997
453026
453041
453192
453210
453349
453561
453562
453636
453763
453816
453946
454051
454135
454213
454322
454431
454855
455023
455076
455086
455102
455131
455350
455384
455440
455525
455596
455787
455851
455989
456000
456040
456049
456126
456275
456361
456496
456580
456652
456718
456736
456868
457250
457252
457283
457755
457794
457969
458018
458097
458190
458200
458222
458281
458293
458296
458339
458507
458610
458855
458864
459053
459142
459575
459588
459622
459639
459790
460016
460209
460256
460417
460587
460643
460644
460656
460701
460791
461063
461130
461329
461414
461449
461482
461600
461783
461907
461928
462004
462078
462220
462259
462376
462466
462482
462516
462578
462732
462735
462842
462932
463402
463581
463647
463686
463689
463691
463693
463756
463808
464027
464068
464244
464295
464301
464377
464381
464384
464784
464824
464939
465001
465058
465128
465380
465427
465527
465549
465566
465629
465786
465927
466038
466051
466127
466210
466212
466266
466372
466642
466648
466750
466754
466921
466971
466994
467046
467324
467451
467464
467511
467667
467795
467828
467972
468136
468205
468242
468406
468574
468833
468905
469056
469171
469327
469359
469476
469550
469552
469665
469688
469705
469729
469746
469812
469991
470004
470053
470195
470317
470395
470419
470482
470509
470716
470760
471197
471354
471520
471588
471659
471674
471694
471778
471996
472054
472055
472441
472504
472518
472740
472815
473378
473441
473499
473549
473584
473666
473690
473791
473827
473915
473952
473968
474075
474094
474098
474160
474180
474254
474355
474432
474633
474682
474737
474874
474980
475107
475333
475465
475547
475585
475658
475675
475710
476006
476027
476061
476101
476112
476123
476487
476522
476637
476829
476958
477005
477006
477085
477124
477164
477274
477311
477506
477625
477629
477644
477684
477764
477827
477851
477942
477978
478045
478353
478395
478399
478419
478529
478637
478674
478738
478955
478974
479053
479254
479313
479396
479423
479450
479682
479834
479947
480060
480221
480449
480496
480510
480742
480924
480992
481193
481351
481364
481482
481518
481555
481557
481575
481623
481708
481745
481778
481906
482097
482103
482243
482273
482416
482657
482776
482904
483013
483015
483031
483234
483308
483336
483392
483406
483426
483518
483598
483721
483923
483932
484008
484016
484081
484151
484240
484276
484314
484346
484499
484679
484770
484772
484860
484953
484955
484974
485094
485129
485252
485257
485311
485419
485437
485507
485510
485624
485736
485843
485863
485924
486019
486069
486125
486152
486154
486235
486250
486289
486349
486418
486531
486644
486654
486809
487015
487091
487316
487359
487507
487549
487569
487597
487622
487657
487736
487960
487968
487974
488179
488472
488559
488572
488625
488962
488965
488978
489331
489555
489730
489802
489855
489996
490089
490094
490104
490213
490241
490316
490414
491298
491447
491505
491616
491688
491719
491768
491875
491918
492159
492493
492698
492748
492793
492815
492901
492992
493070
493158
493188
493243
493279
493333
493373
493395
493478
493550
493551
493601
493714
493853
493996
494100
494219
494298
494456
494767
494794
494859
495001
495016
495044
495153
495155
495203
495543
495631
495667
496009
496061
496139
496420
496438
496579
496603
496690
496832
496841
496886
497095
497284
497367
497411
497413
497481
497722
498017
498092
498200
498251
498305
498464
498583
498613
498700
498843
499084
499124
499377
499469
499618
499645
499716
499789
499945
499949
500106
500182
500217
500240
500338
500420
500465
500483
500485
500681
500740
500795
500896
501046
501067
501094
501113
501150
501155
501195
501244
501282
501357
501395
501416
501436
501553
501606
501641
501676
501721
501772
501830
501857
501859
501937
502060
502154
502172
502408
502465
502530
502554
502574
502904
502935
503449
503510
503634
503890
503937
504007
504052
504089
504166
504213
504351
504394
504398
504577
504662
504686
504718
504741
504824
504991
505029
505062
505207
505843
506055
506198
506312
506413
506644
506703
506766
506812
506851
507241
507317
507389
507393
507394
507592
507651
507738
507958
508000
508018
508042
508520
508594
508674
508719
508847
508992
509128
509141
509199
509277
509474
509483
509511
509582
509609
509629
509769
509777
509788
509881
509943
510069
510090
510500
510573
510708
510857
511127
511296
511374
511408
511549
511650
511781
511805
511973
512003
512092
512274
512329
512459
512525
512629
512965
512966
512987
513315
513336
513385
513430
513521
513630
513718
513794
513812
514289
514290
514315
514349
514509
514635
515024
515025
515051
515146
515385
515503
515705
515777
515851
515881
516032
516340
516457
516628
516688
516834
516867
516923
516947
516950
517066
517339
517407
517437
517448
517457
517483
517723
517938
517992
518026
518075
518212
518219
518226
518295
518303
518412
518508
518646
518800
518898
519052
519221
519301
519431
519520
519708
519727
519959
519965
519983
520002
520030
520136
520154
520273
520325
520358
520407
520488
520492
520542
520646
520670
520707
520856
520886
520989
520995
521003
521062
521068
521078
521125
521126
521150
521256
521396
521422
521508
521788
521994
522047
522164
522209
522485
522505
522551
522593
522624
522823
522879
522980
522992
523182
523369
523516
523531
523556
523563
523737
523820
524032
524100
524253
524321
524494
524563
524584
524682
524729
524765
524815
525042
525046
525139
525225
525226
525276
525486
525543
525879
525894
525918
526373
526446
526519
526670
526682
526744
526748
526961
527000
527019
527113
527178
527182
527214
527296
527303
527333
527400
527446
527481
527598
527705
527749
527782
527899
527964
528182
528305
528398
528454
528483
528555
528631
528634
528671
528721
528723
528815
528846
528878
529006
529131
529180
529238
529266
529299
529460
529506
529611
529660
529871
529886
529899
529981
530056
530142
530155
530363
530386
530412
530450
530543
530666
530684
530936
530954
531187
531193
531266
531286
531362
531422
531493
531498
531597
531655
531674
531945
532095
532099
532247
532256
532395
532453
532534
532560
532620
532749
532817
532964
533086
533138
533292
533428
533555
533568
533737
533972
534168
534339
534342
534425
534492
534559
534736
534830
535084
535319
535328
535503
535653
535714
535722
535892
536101
536110
536112
536526
536543
536590
536622
536647
536687
536876
537019
537292
537439
537440
537493
537706
537844
537855
538072
538129
538220
538369
538450
538477
538601
538611
538749
538794
538810
538834
539033
539171
539183
539244
539309
539346
539487
539600
539610
539758
540250
540544
540772
540806
541069
541077
541126
541336
541359
541432
541626
541640
541838
541950
542042
542098
542114
542132
542151
542201
542202
542301
542344
542594
542749
542886
542900
542958
543078
543124
543137
543159
543314
543332
543549
543742
543850
543865
544060
544292
544312
544382
544453
544630
544876
545192
545303
545473
545501
545740
545774
545843
546157
546233
546601
546702
546793
546885
546930
546955
547001
547032
547095
547279
547334
547354
547425
547486
547626
547630
547857
547951
548089
548224
548593
548635
548698
548706
548772
549039
549059
549073
549330
549499
549553
549696
549720
549746
549921
550086
550088
550143
550158
550170
550246
550297
550313
550389
550448
550542
550690
550793
551085
551103
551201
551214
551378
551386
551426
551638
551661
551752
551805
551834
551916
551948
552124
552128
552219
552254
552354
552370
552468
552509
552660
552852
552915
553091
553174
553267
553393
553395
553433
553614
553926
553997
554117
554122
554207
554258
554343
554360
554396
554497
554498
554532
554740
554829
554888
555065
555099
555207
555223
555443
555801
555816
556062
556182
556352
556363
556411
556586
556747
556868
556884
556934
556949
557036
557109
557128
557136
557290
557363
557510
557511
557637
557760
557822
558227
558306
558626
558879
558913
559057
559166
559255
559281
559333
559364
559477
559634
559705
559845
559871
560078
560181
560182
560255
560283
560353
560488
560595
560645
561100
561116
561118
561481
561542
561635
561658
561973
562098
562139
562182
562248
562262
562461
562462
562476
562534
562680
562830
562925
562975
563013
563017
563102
563180
563440
563717
563741
563754
563846
563863
563878
564034
564118
564120
564142
564217
564362
564499
564525
564842
564852
564904
564928
564930
564991
565071
565073
565099
565224
565280
565347
565521
565596
565796
565814
565832
565903
565911
565972
566266
566359
566484
566575
566640
566720
566835
567030
567059
567089
567140
567217
567316
567567
568210
568230
568314
568476
568510
568694
568732
568759
568844
568850
568906
568982
569049
569061
569065
569270
569384
569408
569411
569431
569501
569535
569561
569564
569940
570011
570086
570159
570211
570506
570642
570668
570941
571145
571325
571396
571474
571668
571737
571754
571767
571837
571894
572169
572311
572319
572357
572395
572448
572479
572648
572838
572969
573070
573090
573744
573767
573784
573923
573975
573990
574026
574324
574331
574372
574426
574683
574960
575087
575116
575182
575221
575420
575422
575438
576023
576480
576522
576686
576703
576958
576965
577028
577317
577490
577570
577577
577669
577761
577808
577841
578030
578092
578211
578464
578682
578744
578798
578930
579019
579070
579076
579161
579506
579603
579647
579673
579762
579778
579828
579968
580134
580205
580257
580270
580299
580395
580426
580476
580502
580732
580733
580876
581513
581519
581581
581704
581770
581773
582115
582129
582152
582213
582401
582404
582538
582873
583121
583133
583163
583179
583199
583251
583292
583295
583368
583420
583442
583481
583511
583570
583812
583846
583955
583956
584066
584149
584227
584247
584341
584406
584416
584521
584544
584591
584797
584978
585054
585143
585148
585408
585445
585660
585782
585955
586210
586221
586438
586475
586515
586519
586579
586637
586667
586671
586843
586943
587021
587270
587341
587609
587781
587980
587990
588036
588163
588177
588228
588242
588318
588343
588502
588506
588535
588949
589010
589023
589166
589539
589558
589634
589692
589826
589905
590102
590255
590264
590550
590838
590883
591157
591192
591218
591358
591446
591521
591755
591782
591834
591879
591979
591989
592128
592201
592276
592445
592488
592656
592695
592713
592717
592765
592942
592978
592999
593369
593595
593736
593811
593832
593854
594182
594229
594316
594321
594433
594506
594797
594813
594831
594883
594911
595072
595161
595217
595232
595301
595388
595879
596014
596166
596188
596265
596300
596333
596375
596455
596487
596499
596512
596514
596689
596725
596764
596773
596856
596911
597069
597150
597167
597173
597229
597250
597377
597404
597587
597611
597649
597671
597682
597703
597869
597873
597938
597963
598196
598291
598333
598414
598436
598484
598559
598594
598616
598687
598967
599062
599100
599255
599330
599342
599511
599535
599604
599624
599670
599800
600147
600382
600501
600553
600632
600681
600798
600931
601026
601114
601200
601449
601673
601724
601822
602001
602162
602325
602648
602854
602872
603153
603316
603371
603478
603569
603644
603743
603770
603914
603981
604026
604078
604105
604183
604245
604312
604364
604693
604715
605122
605146
605388
605423
605588
605705
605909
606057
606151
606385
606441
606588
606752
606825
606877
606929
607269
607461
607474
607524
607550
607581
607770
607857
607858
608175
608290
608314
608365
608561
608656
608725
608730
608753
608857
608938
608999
609011
609033
609128
609191
609267
609327
609410
609518
609593
609674
609998
610039
610240
610326
610409
610476
610572
610633
610687
610960
610972
611040
611068
611151
611213
611270
611282
611290
611418
611450
611523
611722
612014
612250
612254
612323
612336
612721
612739
613115
613218
613348
613349
613796
613799
614088
614338
614448
614487
614510
614611
614619
614639
614776
614857
614926
615061
615239
615287
615305
615421
615464
615719
615825
615963
616600
616675
616692
616794
616825
617049
617423
617521
617548
617587
617682
617744
617909
617925
618005
618035
618073
618091
618100
618180
618245
618599
618622
618637
618672
618703
618731
618922
619106
619144
619178
619197
619478
619570
619633
619634
619729
619799
619807
619880
619906
620059
620113
620128
620145
620203
620503
620628
620827
620887
620933
620980
621142
621150
621221
621222
621380
621550
621578
621665
621803
621835
621878
622055
622189
622210
622281
622366
622406
622555
622576
622671
622807
622810
622838
623108
623354
623430
623549
623556
623601
623660
623806
623812
623930
623966
624159
624180
624313
624332
624680
624723
624732
624931
625239
625271
625309
625405
625427
625584
625608
625913
626258
626279
626360
626657
626741
626779
626836
626854
626874
626902
627142
627194
627259
627299
627510
627637
627745
627819
627877
627923
627949
628085
628157
628184
628447
628561
628573
628595
628802
628891
628911
629028
629234
629328
629565
629577
629619
629840
629849
629857
630052
630148
630201
630257
630262
630266
630469
630485
630519
630521
630617
630637
630844
631059
631259
631362
631502
631541
631657
631678
631845
632057
632109
632115
632189
632372
632386
632566
632636
632811
632819
632843
632851
632861
633084
633090
633193
633526
633914
633962
634176
634252
634321
634330
634340
634366
634473
634516
634603
634693
634728
634763
634835
634933
634948
634970
635025
635040
635082
635128
635148
635280
635314
635438
635542
635612
635661
635717
636034
636045
636363
636579
636647
636665
637222
637400
637412
637459
637517
637714
637735
638082
638225
638327
638352
638592
638665
638679
638693
638694
638769
638830
639170
639241
639397
639480
639492
639505
639516
639602
639653
639668
639727
639852
640009
640280
640326
640646
640738
640767
640828
641007
641106
641108
641216
641290
641347
641444
641547
641614
641862
642091
642180
642190
642313
642409
642436
642520
642605
642627
642659
642720
642841
642856
642885
642942
643019
643075
643131
643558
643629
643672
643677
643771
643860
643971
644205
644326
644352
644415
644814
644889
645014
645029
645045
645113
645274
645293
645349
645778
645907
646333
646340
646367
646394
646406
646439
646494
646621
646652
646697
646700
646772
646824
646916
647298
647382
647641
647770
647821
647925
648069
648185
648498
648598
648688
648718
648777
648809
648812
648865
648943
649074
649335
649349
649358
649391
649397
649648
649683
649718
649721
649828
649860
649873
649945
650058
650123
650178
650329
650442
650582
651013
651021
651086
651248
651379
651640
651650
651669
651951
652083
652158
652249
652308
652558
652723
652746
652845
652849
653092
653119
653199
653216
653218
653320
653355
653356
653395
653408
653584
653631
653643
653735
653757
653827
653923
653933
654003
654116
654156
654161
654196
654353
654374
654617
654700
654817
654832
654855
654857
654949
654967
655157
655590
655638
655804
656162
656235
656257
656436
656472
656513
656719
656755
656815
656850
656899
657013
657043
657059
657111
657112
657196
657218
657242
657246
657430
657648
657894
657948
657993
658170
658217
658370
658423
658430
658437
658455
658629
658667
659222
659335
659390
659570
659739
659817
659824
659840
660088
660208
660250
660349
660622
660863
660922
660937
661059
661129
661196
661234
661317
661341
661360
661720
661777
661977
661988
662045
662210
662214
662443
662502
662604
662614
662720
662934
662940
662960
663054
663351
663607
663890
663992
664336
664718
665455
665527
665534
665576
665614
665663
665860
665869
666040
666276
666406
666465
666562
666609
666717
666930
666953
667207
667210
667301
667370
667619
667784
667804
668502
668581
668609
668815
668942
669050
669122
669134
669206
669262
669399
669551
669557
669783
669875
670050
670144
670148
670196
670390
670410
670485
670755
670875
671042
671055
671060
671136
671214
671298
671346
671352
671589
671637
671647
671701
671712
671994
672013
672038
672056
672127
672253
672297
672356
672426
672533
672561
672596
672771
672792
673018
673093
673241
673314
673317
673534
673590
673618
673658
673932
674036
674098
674275
674357
674425
674510
674573
674683
674853
674864
674876
674925
674964
675131
675351
675421
675692
675866
675920
675931
676043
676120
676239
676360
676523
676653
677140
677147
677184
677248
677262
677325
677358
677402
677415
677669
677754
677768
677882
677976
678091
678346
678470
678504
678562
678594
678646
678798
678849
678952
679030
679034
679268
679360
679379
679386
679538
679591
679638
679782
679916
680060
680119
680230
680305
680330
680575
680670
680698
680802
680840
680949
681105
681122
681246
681670
681686
681716
681804
681853
681927
681929
682109
682118
682441
682519
682520
682526
682567
682676
682868
682914
682932
683209
683266
683307
683314
683322
683483
683595
683739
683796
683824
683884
683951
683982
684058
684181
684313
684419
684685
685134
685301
685312
685337
685413
685515
685563
685652
685659
685741
685750
685771
685830
685949
686024
686083
686090
686098
686171
686322
686519
686524
686630
686977
687161
687170
687354
687365
687481
687510
687560
687724
687774
687875
687925
687957
688015
688155
688161
688190
688225
688246
688357
688397
688759
688981
689142
689169
689484
689585
689587
689724
689726
689893
690171
690234
690396
690468
690614
690731
690982
690996
691143
691241
691295
691447
691697
691728
691770
691850
691855
691981
692135
692303
692396
692417
692586
692678
692683
692715
692873
692966
693203
693353
693413
693628
693743
693770
693884
693973
694117
694122
694304
694319
694375
694435
694536
694564
694635
694841
695090
695100
695154
695289
695383
695394
695620
695623
695758
695790
695808
696030
696291
696563
696728
696732
696738
697146
697365
697377
697413
697731
697789
697794
697856
697886
697898
697998
698020
698118
698194
698289
698452
698510
698511
698809
698960
699206
699317
699460
699465
699467
699506
699548
699619
699653
699689
699701
699899
699924
699998
700071
700284
700403
700517
700524
700583
700620
700622
700653
700764
701019
701062
701151
701347
701493
701558
701582
701775
701803
701870
701933
702126
702275
702355
702421
702446
702471
702487
702512
702523
702693
702717
702795
702814
702844
703080
703096
703187
703258
703354
703442
703506
703631
703686
703727
703895
703944
703994
704047
704072
704082
704401
704417
704425
704489
704497
704545
704830
704856
705115
705241
705291
705300
705301
705355
705366
705526
705548
705718
706075
706154
706156
706388
706549
706550
706565
706593
706633
706650
706823
706886
706898
706901
706936
707081
707380
707520
707548
707552
707660
707706
707747
707812
707973
708021
708031
708074
708125
708188
708354
708483
708641
708862
708901
709412
709417
709531
709776
709826
709829
709992
710047
710183
710235
710568
710720
710837
710987
711016
711274
711369
711433
711548
711852
712024
712132
712188
712572
712603
712706
712772
712817
712885
713030
713195
713279
713331
714078
714096
714106
714248
714560
714572
714593
714652
714702
714790
714793
714801
714997
715028
715037
715314
715517
715675
715689
715746
715859
715863
715865
715895
715907
715940
716039
716241
716583
716713
716931
716945
717044
717080
717086
717154
717214
717257
717412
717438
717440
717444
717681
717684
717752
717776
718073
718164
718179
718359
718520
718588
718777
718893
718898
718929
719023
719028
719044
719195
719197
719261
719361
719498
719738
719749
719787
719896
719917
720075
720223
720328
720356
720393
720567
720720
720863
721153
721218
721224
721261
721430
721617
721644
721654
721869
722034
722115
722182
722225
722299
722336
722473
722636
722671
722744
722864
722870
722935
723021
723026
723033
723308
723365
723442
723540
723569
723625
723654
723686
723715
723874
723991
724007
724196
724344
724352
724431
724780
725114
725361
725445
725510
725581
725741
725748
725848
726103
726146
726200
726383
726396
726771
727287
727342
727448
727467
727704
727903
728131
728191
728245
728443
728565
728692
728767
728819
728839
728966
729010
729048
729213
729234
729399
729428
729486
729487
729495
729730
729813
729973
730048
730055
730058
730389
730485
730493
731080
731447
731461
731499
731568
731634
731650
731651
731740
731879
732019
732170
732293
732635
732648
732654
732672
732780
732804
732818
732949
732963
733011
733079
733139
733146
733176
733410
733446
733513
733573
733625
733750
733777
733851
733979
734074
734154
734425
734534
734589
734675
734700
734872
734893
734900
734938
735126
735204
735216
735231
735316
735325
735484
735542
735674
735722
735776
735886
736022
736089
736244
736289
736589
736676
736705
736829
736952
737017
737022
737098
737121
737163
737291
737335
737425
737459
737464
737742
737820
737899
737978
737999
738086
738177
738307
738484
738656
738669
738701
738729
738772
738783
738803
738930
739232
739524
739528
739534
739550
740002
740147
740383
740610
740698
740783
741236
741313
741367
741380
741422
741532
741617
741673
741709
741757
742012
742083
742105
742184
742270
742283
742365
742542
742565
742606
742896
743024
743067
743080
743151
743217
743267
743296
743408
743418
743522
743534
743568
743912
744216
744300
744363
744397
744553
744713
744738
744844
744884
744933
745063
745085
745138
745154
745249
745370
745383
745534
745634
745807
745894
745985
746038
746059
746169
746221
746286
746319
746352
746422
746464
746531
746564
746692
746893
747205
747262
747493
747807
747838
747997
748067
748378
748466
748601
748771
749272
749401
749799
749911
749976
750017
750034
750186
750265
750291
750306
750322
750467
750568
750577
750620
750653
750923
751105
751107
751116
751122
751264
751739
751757
751952
752079
752168
752427
752742
752872
752933
752950
752992
753036
753138
753222
753240
753287
753789
753802
753938
754065
754144
754289
754461
754587
754712
754838
754908
754917
754935
755006
755080
755220
755245
755276
755294
755442
755746
755773
755972
755996
756032
756120
756165
756237
756300
756348
756465
756484
756540
756686
756724
756791
757244
757408
757525
757591
757645
757701
757783
758211
758275
758440
758474
758600
758620
758703
758826
759089
759136
759138
759185
759193
759198
759214
759224
759286
759368
759384
759426
759429
759844
759856
759959
760073
760227
760388
760586
760633
760789
760850
760868
761172
761198
761325
761332
761349
761463
761500
761544
761589
761607
761638
761965
761966
762054
762163
762209
762481
762563
762567
762703
762839
762849
763008
763077
763163
763209
763241
763281
763346
763505
763592
763610
763737
763819
763894
763907
763949
764026
764255
764309
764451
764476
764598
765084
765107
765208
765326
765528
765539
765601
765818
765819
765842
765933
766072
766341
766395
766589
766633
766634
766757
766909
767513
767543
767644
767708
767779
767807
768187
768228
768428
768503
768511
768527
768551
768583
768699
768888
769013
769043
769102
769197
769460
769463
769580
769689
770049
770061
770064
770145
770243
770328
770357
770442
770484
770578
770666
770824
770838
770871
770884
770965
771437
772025
772321
772356
772712
772714
772769
773091
773148
773183
773201
773603
773636
773718
773933
774056
774093
774347
774396
774458
774461
774570
774624
774750
774773
774823
774954
774963
775054
775073
775175
775177
775232
775268
775297
775342
775437
775515
775559
775708
775844
775996
776018
776104
776378
776503
776519
776589
776692
776707
776905
776909
776985
777152
777240
777285
777297
777354
777397
777518
777539
777573
777596
777795
777838
777885
778027
778160
778398
778447
778648
778834
779189
779213
779227
779253
779302
779440
779473
779526
779686
779766
779792
779806
779984
780002
780051
780143
780317
780448
780673
780683
780696
780824
781234
781251
781260
781448
781518
781523
781540
781589
781842
782019
782286
782296
782434
782435
782655
782909
783016
783178
783224
783256
783274
783275
783282
783380
783418
783583
783636
783644
783707
783747
783752
783871
783877
784002
784223
784436
784469
784488
784564
784596
784716
784822
784913
784998
785203
785221
785243
785668
785841
785899
786160
786169
786241
786255
786430
786567
786696
786875
786957
786991
787156
787166
787208
787605
787674
787877
787914
787942
788005
788006
788012
788021
788225
788394
788439
788467
788470
788565
788658
788721
788755
788843
788862
788975
789017
789099
789132
789296
789332
789354
789628
789737
789739
789915
789964
789995
790092
790176
790270
790360
790501
790548
790636
790738
790860
790917
790968
790977
791047
791351
791426
791536
791576
791746
791789
791819
791897
792045
792046
792066
792148
792161
792384
792414
792649
792722
792871
792916
793129
793167
793252
793423
793479
793521
793624
793636
793647
793804
793892
793900
794136
794160
794326
794339
794426
794654
794687
794770
794842
794909
794964
795085
795153
795227
795240
795522
795568
795768
795790
795824
795843
795927
796126
796177
796313
796320
796343
796356
796533
796767
796865
796914
796997
797091
797095
797100
797145
797170
797266
797277
797286
797334
797427
797632
797655
797727
797860
797910
797914
797986
798094
798191
798312
798349
798373
798379
798900
798932
799011
799211
799268
799475
799479
799522
799619
799654
799909
799986
800114
800211
800371
800434
800436
800466
800713
800941
800970
801014
801018
801079
801121
801276
801326
801328
801465
801497
801505
801677
801697
801758
802080
802236
802264
802305
802363
802377
802518
802559
802562
802577
802784
802852
802923
802934
803045
803152
803300
803461
803751
803786
803883
803930
803981
804038
804046
804117
804214
804610
804690
804727
804872
804893
804915
804977
804990
805327
805411
805460
805494
805754
805819
805851
805872
805891
805915
806014
806037
806042
806080
806185
806358
806439
806531
806561
806570
806742
806951
807028
807157
807203
807489
807582
807756
808065
808082
808115
808597
808810
808895
808909
809529
809777
809817
809826
810025
810089
810230
810269
810499
810566
810605
810752
810789
810806
810828
810900
810925
810956
811044
811227
811253
811477
811694
811734
811809
811887
812012
812188
812451
812642
812991
813002
813035
813520
813609
813745
813913
813983
814016
814374
814378
814444
814460
814464
814606
814609
814662
814869
815249
815431
815486
815622
815662
815817
815991
816230
816271
816341
816381
816656
816779
816830
816836
816931
817123
817162
817269
817492
817526
817643
817724
817895
817913
818007
818061
818189
818212
818269
818301
818476
818667
818721
818736
818768
818864
818984
818985
819108
819221
819260
819297
819406
819605
819649
819682
819878
819938
820017
820066
820090
820138
820365
820403
820505
820506
820654
821046
821075
821081
821117
821195
821198
821218
821366
821458
821667
821673
821756
821767
821785
821967
822023
822248
822646
822675
822774
822888
822997
823161
823287
823337
823389
823396
823659
823688
823711
823798
823833
823992
824023
824085
824177
824338
824567
824581
824732
824799
824913
825086
825093
825119
825122
825192
825194
825272
825356
825478
825498
825598
825619
825697
825945
825957
825989
826008
826044
826174
826336
826618
826931
827052
827077
827095
827115
827264
827511
827574
827615
827731
827735
828049
828259
828490
828528
828543
828667
828842
828879
828883
829025
829037
829086
829131
829437
829486
829561
829570
829580
829805
829870
830034
830039
830380
830961
831275
831343
831384
831420
831782
831944
831974
832163
832247
832255
832383
832438
832644
832761
832764
832812
832942
833111
833339
833409
833462
833488
833562
833683
833840
833985
834022
834061
834074
834319
834667
834793
834882
834928
835107
835306
835351
835411
835506
835625
835649
835709
835902
835942
836400
836805
836992
837107
837139
837174
837186
837386
837510
837680
837829
837937
837950
837958
838124
838134
838201
838219
838319
838386
838566
839049
839109
839230
839333
839367
839432
839476
839513
840034
840076
840278
840374
840398
840470
840550
840944
840995
841010
841097
841108
841110
841184
841311
841350
841400
841525
841672
841675
841764
841791
841831
841853
841895
841952
841989
842033
842087
842092
842102
842136
842245
842292
842535
842579
842629
842725
842789
842863
842921
843083
843108
843286
843542
843546
843583
843673
843689
843792
843802
843826
843845
843952
844011
844095
844418
844438
844469
844595
844633
844857
844928
844947
845096
845154
845169
845181
845225
845386
845402
845546
845686
845788
845880
846085
846096
846198
846251
846587
846707
846892
846961
847113
847121
847241
847368
847613
847719
847746
848000
848539
848596
848605
848927
848991
849047
849098
849144
849435
849474
849568
849637
849684
850024
850071
850097
850148
850179
850189
850196
850326
850435
850584
850926
850952
850998
851205
851210
851290
851339
851349
851370
851485
851592
851596
851598
851609
851697
851800
851854
851992
852140
852298
852415
852426
852550
852729
852784
852803
852904
852912
852949
853009
853159
853163
853654
853735
853887
853888
853892
853955
854053
854254
854265
854309
854337
854384
854385
854549
854556
854849
854937
854977
855021
855044
855060
855077
855160
855235
855329
855344
855370
855388
855392
855532
855716
855768
856042
856106
856164
856414
856524
856565
856583
856657
856662
856776
856932
856937
857130
857142
857373
857522
857590
857602
857725
857815
857895
858037
858352
858593
858708
858712
858725
858781
859068
859499
859568
859642
859830
859837
859948
859998
860011
860084
860244
860261
860281
860489
860654
860688
860693
860709
860819
860934
860966
861005
861124
861131
861237
861306
861347
861356
861477
861554
861566
861698
861944
862049
862060
862074
862187
862189
862323
862533
862550
862649
862833
862929
863012
863042
863158
863165
863385
863678
863703
863846
863905
864064
864139
864270
864463
864593
864794
864813
864856
865081
865208
865245
865427
865508
865511
865648
865695
865743
865753
865826
865864
865924
865925
866083
866296
866317
866383
866660
866687
866802
866829
866837
866919
867175
867215
867598
867737
867739
867870
867886
867901
868134
868309
868487
868529
868556
868576
868796
868854
868962
869250
869621
869749
869883
869896
869904
870276
870294
870425
870470
870598
870685
870738
870834
870846
870880
870943
871038
871286
871376
871554
871613
871770
871989
872044
872059
872247
872278
872292
872340
872360
872487
872574
872762
872938
873106
873110
873290
873316
873578
873589
873771
873837
874033
874047
874129
874251
874444
874448
874638
874798
874856
874899
874935
874941
875104
875166
875248
875277
875322
875363
875418
875448
875487
875534
875765
875785
875828
875890
876009
876055
876350
876745
876921
876931
877086
877138
877265
877564
877579
877684
877734
877818
877864
877955
877987
878010
878155
878393
878930
879035
879143
879144
879175
879299
879432
879476
879484
879578
879585
879632
879695
879732
879760
879871
879882
879960
880196
880428
880435
880543
880580
880665
880679
880690
880876
881068
881188
881227
881237
881267
881767
881790
881878
881925
882155
882229
882460
882605
882621
882821
882838
882855
882864
883057
883385
883451
883480
883535
883769
883863
883938
884118
884168
884173
884249
884255
884690
884866
885136
885227
885255
885287
885387
885398
885457
885615
885753
886371
886422
886798
886895
886934
886940
887183
887208
887250
887277
887288
887331
887601
888107
888146
888184
888258
888589
888710
888880
888889
889301
889364
889376
889440
889502
889584
889702
889745
889955
890190
890272
890330
890440
890918
890939
890975
891007
891311
891926
892143
892290
892398
892715
892722
892884
892905
893004
893025
893145
893204
893289
893427
893528
893684
893736
893851
893914
894183
894268
894276
894620
894714
894720
894817
894956
894968
895027
895028
895077
895167
895190
895202
895222
895241
895273
895453
895500
895530
895547
895550
895700
895734
896124
896149
896324
896380
896532
896541
896548
896802
896842
896886
896910
896975
897151
897385
897516
897663
897881
898063
898129
898348
898441
898465
898567
898721
898802
898957
898976
898997
899089
899296
899330
899334
899353
899889
900103
900207
900277
900308
900548
900559
900575
900942
900987
901118
901292
901372
901390
901482
901627
901702
901784
901796
901850
901998
902011
902177
902590
902803
902851
902922
902941
903363
903436
903460
903471
903548
903550
903785
903816
903965
904127
904132
904312
904348
904494
904554
904630
904817
904826
904954
905349
905495
905605
905625
905638
905654
905665
905829
905942
905959
906081
906866
906965
907055
907116
907137
907191
907228
907813
907827
907829
907859
907873
907886
907890
908128
908146
908216
908264
908317
908550
908579
908643
908715
908725
908844
909182
909350
909389
909453
909487
909497
909606
909688
909702
909966
910001
910143
910159
910583
910673
910797
910798
910799
910855
910906
910958
911131
911154
911224
911250
911383
911385
911412
911461
911745
911907
911948
912189
912229
912286
912402
912631
912723
912748
912818
912998
913038
913117
913125
913142
913282
913687
913710
913754
914137
914195
914311
914457
914537
914612
914667
914928
914947
914994
915035
915103
915358
915395
915539
915855
915858
915894
915991
916031
916059
916233
916434
916635
916636
916740
916786
917028
917163
917242
917353
917374
917449
917525
917561
917565
917625
917862
917904
917964
918052
918189
918268
918412
918436
918470
918473
918489
918533
918620
918630
918902
919198
919309
919369
919433
919484
919616
919715
919751
919861
919933
919975
920079
920127
920196
920478
920486
920619
920697
920976
921017
921125
921204
921290
921431
921566
921653
921661
921757
921902
922028
922205
922318
922320
922352
922361
922903
922919
922949
922962
922984
923080
923092
923139
923718
923755
923987
924163
924272
924312
924463
924703
924757
924898
925060
925080
925096
925131
925334
925425
925485
925633
925637
925660
925666
925734
926062
926136
926154
926165
926192
926205
926213
926335
926468
926577
926584
926620
926809
926965
927306
927314
927330
927554
927696
927753
927839
927928
928020
928059
928183
928255
928355
928400
928511
928729
928941
928948
928986
929399
929548
929636
929913
930129
930359
930593
930735
930824
930840
930862
930896
930945
931204
931389
931453
931544
931561
931686
931726
931839
931923
931972
932015
932313
932391
932403
932564
932590
932714
932767
932790
932836
932869
932944
932985
933036
933205
933223
933226
933403
933600
933722
933751
933782
933826
933936
934037
934067
934225
934391
934830
934832
935185
935233
935334
935354
935372
935492
935536
935551
935575
935586
935830
935889
935936
935978
936124
936364
936389
936481
936507
936516
936575
936714
936728
936791
937118
937198
937273
937282
937304
937385
937664
937748
937804
938096
938239
938290
938393
938534
938896
938912
938947
939040
939075
939129
939157
939215
939310
939363
939498
939567
939679
939789
939925
939947
939955
940032
940237
940463
940572
940828
941127
941129
941187
941207
941498
941818
942107
942128
942268
942538
942611
942844
942881
942916
942940
943080
943095
943165
943314
943610
943734
943787
943866
943871
943980
943992
944079
944169
944182
944311
944341
944512
944528
944671
944718
944743
944913
945138
945235
945284
945478
945521
945616
945635
945674
945760
945793
945808
945887
945931
945933
945943
946160
946357
946362
946655
946751
946831
946846
946850
946901
946994
947034
947072
947110
947152
947181
947214
947403
947601
947642
947812
948002
948045
948186
948490
948932
949114
949149
949166
949444
949470
949573
949748
949752
949966
950139
950158
950247
950445
950630
950746
950873
951069
951147
951234
951523
951673
951676
951934
952004
952058
952064
952176
952225
952337
952493
952615
952838
952867
952878
953263
953279
953429
953467
953501
953588
953604
953731
953742
953763
953869
953898
953942
953966
954064
954303
954388
954420
954439
954629
954639
954649
954842
954990
955195
955360
955377
955383
955556
955949
956049
956342
956348
956395
956398
956574
956670
956715
956883
957049
957138
957250
957254
957261
957393
957459
957513
957606
957652
957674
957873
958037
958127
958196
958276
958388
958578
958770
958811
958976
959087
959114
959152
959343
959509
959940
960093
960095
960391
960456
960470
960503
960545
960649
960811
960819
960889
960931
960966
961209
961237
961298
961407
961509
961596
961630
961681
961822
962130
962146
962378
962389
962458
962601
962649
962748
962938
963015
963338
963361
963472
963479
963607
963628
964086
964368
964391
964475
964507
964572
964668
964745
964750
964785
965105
965392
965532
965535
965594
965610
965717
965780
965827
965854
965921
966021
966037
966120
966234
966242
966388
966389
966541
966555
966608
966617
966618
966621
966775
966876
967108
967687
967746
967990
968079
968130
968223
968461
968472
968584
968717
968734
968735
968794
969015
969090
969263
969300
969360
969460
969468
969607
969785
969796
969861
970056
970081
970331
970548
970634
970668
970769
970842
971014
971042
971191
971222
971661
971711
971730
971778
971832
971973
971992
972046
972055
972066
972146
972296
972393
972461
972640
972710
972882
972893
972940
973197
973217
973283
973416
973627
973689
973764
973923
974127
974238
974319
974343
974358
974392
974400
974532
974592
974734
974743
974890
975010
975244
975254
975313
975327
975408
975446
975507
975600
975792
975907
975983
976005
976064
976182
976191
976194
976231
976365
976451
976544
976680
976700
976831
976870
976890
976891
976939
976942
977048
977143
977162
977199
977273
977452
977532
977696
977764
977785
977942
977994
978141
978201
978234
978323
978414
978507
978510
978527
978711
978766
978856
978994
979037
979111
979128
979168
979196
979210
979299
979345
979362
979427
979454
979519
979654
979735
979751
979762
979799
979935
979964
979975
979989
980052
980065
980215
980285
980368
980459
980542
980854
980876
980988
980996
981044
981063
981189
981209
981432
981475
981740
981772
981898
982043
982445
982533
982698
983056
983095
983104
983356
983477
983714
983868
983869
983916
983966
983981
984208
984251
984278
984304
984321
984332
984416
984436
984528
984539
984561
984614
984770
984897
984928
985004
985030
985064
985127
985181
985185
985320
985324
985424
985427
985439
985502
985520
985554
985573
985700
985759
985824
985873
985927
985939
986035
986073
986103
986206
986465
986480
986604
986687
986696
986772
986879
986923
986935
986946
987209
987254
987316
987380
987402
987459
987515
987681
988293
988381
988457
988639
988695
988772
988801
988842
988850
988886
989080
989098
989228
989530
989643
989740
989846
989899
990027
990031
990079
990084
990156
990174
990437
990460
990628
990833
990878
990988
991029
991075
991181
991285
991345
991361
991415
991586
991615
991792
992222
992259
992470
992578
992969
993062
993069
993229
993231
993279
993353
993397
993441
993458
993472
993499
993500
993532
993533
993557
993572
993619
993957
994218
994290
994501
994628
994641
994683
994731
994988
995544
995559
995737
995765
995856
996022
996047
996137
996247
996264
996280
996359
996638
996701
996846
997013
997052
997108
997401
997509
997674
997818
997839
997860
998020
998255
998381
998449
998565
998704
998773
998804
998824
998879
998889
998931
998999
999423
999689
999766
999772
999823
999852
999861
999863
999912
999942
