84
99
107
329
346
596
634
745
1037
1049
1413
1674
1909
2005
2024
2376
2439
2466
2564
2573
2591
2781
2864
2947
3146
3501
3944
4082
4119
4174
4320
4343
4488
4569
4801
4824
4831
4913
4993
5057
5098
5100
5246
5250
5252
5271
5348
5395
5490
5523
5892
6317
6325
6458
6555
6719
6789
6930
6970
6976
7068
7161
7212
7267
7295
7570
7881
7905
8357
8487
8540
8564
9023
9026
9274
9409
9521
9610
9627
9803
9816
9864
9874
10071
10080
10107
10109
10182
10204
10239
10327
10420
10528
10531
10561
10579
10644
10739
10800
10814
10937
10955
10964
11016
11135
11219
11236
11509
11516
11633
11750
11971
12205
12215
12352
12625
12670
12750
12964
12967
13079
13111
13148
13163
13331
13408
13423
13501
13674
13701
13750
13832
13845
13903
14237
14571
14613
14700
14799
14867
14974
14979
15104
15202
15249
15468
15485
15573
15675
15677
15682
15913
15954
16235
16299
16334
16471
16526
16588
16775
16899
16952
16982
17064
17113
17329
17366
17660
17762
17794
17824
17842
17853
18126
18150
18157
18265
18584
18764
18811
18817
19037
19064
19102
19209
19245
19274
19612
19624
19625
19745
19866
19898
19900
19957
19961
20499
20502
20548
20583
20619
20897
20950
20958
21046
21092
21162
21268
21349
21400
21437
21499
21585
21680
21722
21820
21880
21967
21989
22014
22132
22230
22373
22384
22462
22516
22694
22915
23046
23148
23245
23332
23473
23530
23552
23601
23705
23787
23901
23938
24018
24093
24118
24215
24275
24347
24430
24571
24596
24673
24809
24812
24891
25007
25039
25041
25173
25351
25635
25822
25939
25964
26028
26042
26101
26138
26209
26256
26520
26552
26589
26704
26720
26749
27087
27192
27211
27292
27326
27382
27413
27656
27723
27821
27836
27948
27968
28108
28110
28293
28328
28367
28582
28583
28796
28922
29001
29014
29092
29238
29239
29240
29836
30008
30009
30108
30219
30554
30698
30725
30749
30773
31113
31281
31337
31347
31523
31547
31758
31883
32066
32079
32150
32228
32235
32271
32284
32325
32398
32448
32496
32735
32812
32877
32913
32949
33003
33117
33223
33573
33612
33659
33825
33975
34183
34329
34382
34385
34492
34503
34590
34653
34657
35037
35038
35069
35076
35408
35539
35569
35648
35707
35870
35906
36284
36339
36375
36443
36560
36589
36729
36758
36766
36847
36947
37008
37227
37306
37400
37416
37501
37523
37641
37725
37757
37892
37964
37972
38189
38282
38345
38456
38547
38571
38608
38628
38731
38734
38764
38782
38824
38886
39101
39261
39513
39531
39570
39587
39611
39620
39640
40061
40101
40141
40377
40476
40536
40643
40647
40768
40872
41017
41123
41217
41293
41295
41362
41475
41535
41728
41785
42038
42107
42133
42320
42323
42359
42495
42541
42596
42608
42631
42657
42715
42903
43059
43071
43074
43366
43427
43646
43953
44080
44173
44199
44316
44450
44484
44505
44538
44633
44786
44824
44825
44851
44888
44936
45220
45348
45578
45587
45802
45829
45830
46095
46222
46406
46437
46448
46798
46842
46924
47067
47123
47136
47525
47568
47581
47655
47663
47667
47758
47812
47880
47895
48061
48149
48160
48466
48554
48572
48673
48679
48707
48831
49184
49448
49603
49690
49716
49765
49863
49910
49933
50135
50248
50360
50459
50526
50734
50786
50857
51003
51141
51167
51200
51223
51289
51427
51451
51459
51461
51466
51645
51653
52049
52066
52319
52370
52424
52740
52843
52936
52966
53003
53040
53225
53427
53507
53554
53598
53613
54048
54068
54094
54136
54358
54748
54874
55217
55218
55219
55372
55599
55716
55823
55853
56049
56105
56111
56234
56322
56380
56431
56502
56741
56756
56979
57017
57125
57353
57674
57703
57916
57972
58186
58472
58498
58511
58520
58910
58970
59051
59218
59339
59416
59476
59529
59577
59658
59674
59743
59771
59802
59849
59890
59918
59989
60011
60015
60185
60243
60281
60353
60370
60384
60422
60461
60601
60699
60764
60947
61132
61160
61179
61269
61735
61738
61814
61840
62184
62260
62384
62388
62437
62563
62577
62933
63069
63199
63228
63327
63499
63550
63929
64070
64170
64302
64380
64385
64403
64559
64689
64758
64815
64921
64961
64978
65089
65150
65222
65281
65351
65502
65569
65774
65828
65897
65985
66087
66248
66292
66323
66355
66450
66458
66591
66673
66811
66814
66838
67041
67139
67166
67174
67217
67513
67554
67573
67590
67652
67681
67748
67851
68030
68146
68181
68258
68260
68271
68278
68472
68520
68603
68886
68999
69063
69106
69161
69162
69210
69373
69391
69515
69538
69878
69897
69924
70038
70169
70445
70601
70643
71341
71572
71734
71757
71984
72004
72006
72089
72247
72272
72349
72552
72869
72890
73024
73090
73462
73555
73714
73822
73827
73864
73897
73903
73939
73997
74025
74297
74345
74447
74691
74770
74771
75032
75058
75294
75459
75591
75618
75637
75765
75782
75848
75862
75884
75886
75903
75940
76072
76146
76252
76254
76401
76432
76741
76815
76846
77049
77077
77393
77403
77509
77541
77648
77682
77719
77923
77995
78180
78183
78205
78412
78622
78672
78743
78769
78796
78934
79011
79021
79239
79268
79274
79484
79530
79652
79712
79714
79830
80217
80255
80273
80286
80508
80709
80723
80795
80852
80967
80980
81205
81284
81315
81593
81601
81675
81757
81773
82126
82534
82550
82558
82583
82617
82748
82819
82870
83083
83228
83310
83343
83356
83387
83431
83439
83465
83527
83558
83777
84058
84062
84255
84491
84711
84751
84811
84863
85190
85354
85398
85430
85431
85436
85476
85531
85561
85611
85868
86100
86115
86146
86259
86326
86514
86572
86589
86687
86768
87039
87054
87058
87060
87147
87155
87271
87334
87335
87397
87470
87662
87664
87683
87788
88030
88118
88197
88268
88489
88544
88568
88950
89019
89091
89113
89207
89262
89416
89451
89526
89589
89615
89718
89733
89795
89811
89892
89925
89939
90011
90457
90585
90813
91013
91120
91275
91310
91654
91682
91717
91969
92139
92161
92166
92206
92703
92873
92888
93308
93584
93684
93865
93871
94062
94176
94182
94207
94250
94408
94526
94944
94959
94977
95055
95312
95342
95435
95474
95559
95727
95834
96000
96161
96246
96266
96272
96285
96343
96441
96726
96760
96813
97001
97096
97248
97365
97374
97433
97499
97528
97556
97685
97713
97802
97855
97869
97891
97982
98062
98065
98099
98151
98354
98431
98468
98490
98529
98593
98642
98809
98827
98960
99025
99224
99284
99402
99464
99537
99568
99604
99748
99947
100077
100208
100326
100337
100442
100624
100721
100722
100981
101187
101201
101230
101250
101767
101784
101947
101959
101963
102110
102266
102309
102366
102430
102588
102746
102926
102975
103099
103400
103424
103426
103590
103731
103827
104056
104094
104122
104202
104320
104390
104491
104512
104671
104713
104714
104849
104886
104933
104989
104991
105081
105263
105282
105293
105471
105519
105568
105575
105597
105725
105825
105898
105996
106121
106230
106254
106604
106607
106929
107003
107199
107555
107856
108011
108148
108169
108234
108312
108438
108476
108732
108811
108921
108949
109072
109183
109320
109496
109634
109708
109829
110211
110219
110238
110243
110257
110293
110339
110390
110649
110650
110702
110777
110816
110861
110882
110938
111014
111210
111230
111235
111242
111272
111295
111393
111418
111616
111721
111797
111913
112039
112154
112183
112299
112526
112545
112759
112962
112976
113220
113301
113430
113447
113464
113561
113562
113841
113897
113941
113982
114043
114065
114186
114310
114395
114499
114584
114591
114630
114726
114756
114776
114910
114934
114962
115038
115240
115286
115309
115377
115751
115808
115989
116130
116149
116159
116261
116300
116496
116537
116543
116579
116780
117002
117096
117302
117328
117336
117428
117442
117504
117648
117812
117838
118230
118235
118437
118578
118887
118913
118939
118958
118988
119036
119065
119120
119159
119174
119240
119302
119533
119591
119775
119804
119892
120008
120017
120191
120217
120282
120317
120393
120502
120962
121049
121304
121428
121501
121754
121767
121772
121798
121847
121928
122116
122137
122418
122634
122648
122790
122844
122861
122875
122911
123015
123087
123118
123200
123349
123491
123645
123668
123809
123829
123903
124103
124219
124237
124505
124566
124658
124932
125223
125313
125491
125771
125773
125869
126196
126312
126341
126400
126427
126591
126903
126906
126920
126935
126946
127055
127066
127102
127483
127608
127635
127899
128066
128101
128139
128144
128208
128213
128466
128523
128557
128694
128840
128885
128891
128998
129024
129226
129399
129439
129664
129760
129880
130008
130141
130503
130714
130831
131019
131260
131293
131295
131418
131477
132169
132208
132531
132628
132908
133068
133552
133554
133642
133647
133823
134125
134448
134532
134587
134636
134726
134744
134871
135002
135052
135117
135384
135402
135518
135578
135599
135610
135800
135803
135827
135887
136068
136164
136230
136546
136712
136760
136897
136953
136969
137430
137452
137524
137561
137644
137662
137758
137803
137919
137995
138266
138294
138519
138634
138841
139059
139076
139139
139227
139357
139562
139624
139980
140022
140075
140274
140372
140427
140463
140636
140638
140767
140782
140834
141013
141078
141114
141120
141173
141278
141305
141439
141520
141624
141874
142032
142061
142134
142208
142232
142307
142354
142419
142436
142462
142502
142556
142595
142650
142688
142775
143047
143083
143159
143248
143399
143568
143604
143663
143681
143707
143816
143847
144088
144157
144168
144247
144251
144321
144438
144487
144613
144648
144761
144878
145076
145172
145247
145737
146032
146292
146312
146318
146334
146575
146620
146676
146734
146773
146818
146874
146931
147070
147093
147364
147392
147429
147446
148048
148176
148241
148265
148294
148453
148495
148517
148537
148765
148921
149071
149102
149168
149253
149292
149553
149689
149866
149937
150119
150194
150217
150288
150401
150660
150698
150809
150981
151005
151034
151194
151329
151408
151505
151628
151725
151755
151887
152049
152192
152272
152360
152388
152705
152893
152910
153042
153279
153308
153336
153385
153394
153434
153482
153830
153835
153947
154001
154261
154518
154557
154657
154658
154730
154794
154803
155009
155041
155221
155228
155320
155370
155374
155468
155489
155937
156006
156111
156126
156145
156307
156330
156384
156457
156689
156879
156896
156953
157007
157046
157091
157158
157312
157565
157674
157677
157689
157725
158063
158155
158327
158403
158751
158839
158908
158946
158970
159005
159197
159217
159245
159282
159389
159425
159482
159519
159593
159621
159724
159807
159855
159857
159965
159972
160184
160199
160237
160270
160364
160541
160549
160567
160689
160732
160834
160868
161305
161360
161558
161610
161639
161646
161953
161983
161995
162000
162001
162044
162047
162108
162143
162209
162536
162609
162623
162723
162895
162928
162929
162987
163089
163254
163272
163319
163627
163816
163965
164474
164547
164709
164865
164941
165261
165273
165288
165312
165373
165435
165454
165534
165675
165737
165886
166061
166073
166187
166208
166291
166432
166547
166774
166969
167030
167162
167240
167384
167408
167454
167522
167576
167807
168064
168393
168510
168730
168786
168929
169107
169435
169464
169475
169528
169548
169795
169815
169861
169909
170049
170058
170084
170192
170298
170454
170544
170685
171044
171147
171212
171309
171530
171591
171851
172030
172298
172581
172585
172689
172850
172943
172980
173055
173204
173355
173431
173467
173512
173524
173564
173670
173720
173838
174326
174350
174439
174863
174878
174949
174950
174955
174980
175350
175382
175400
175449
175472
175603
175682
175733
175910
175943
176178
176254
176260
176274
176456
176512
176542
176572
176651
176661
176664
176677
176718
176816
176818
176969
177013
177056
177318
177396
177703
177746
177837
177882
177919
177935
177949
178023
178107
178128
178247
178417
178602
178800
178830
179120
179175
179298
179304
179432
179483
179518
179772
179849
179918
179967
180336
180339
180367
180600
180625
180964
180976
181156
181229
181249
181372
181432
181467
181482
181596
181650
181660
181712
181744
181776
181846
181856
181890
181923
181977
181979
182013
182015
182125
182234
182439
182498
182636
182794
183098
183364
183462
183469
183539
183625
183731
183810
183827
184053
184121
184156
184258
184320
184323
184537
184630
184839
184917
185002
185169
185334
185353
185384
185400
185568
185666
185911
186077
186085
186105
186180
186265
186289
186292
186300
186348
186363
186543
186573
186671
186763
186832
187208
187436
187553
187603
187780
188001
188079
188296
188337
188344
188575
188697
188708
188746
188878
189102
189159
189258
189339
189470
189755
189973
190023
190206
190210
190309
190347
190368
190435
190552
190799
190809
190811
190831
191086
191215
191220
191261
191265
191300
191303
191377
191464
191559
191621
191628
191658
191754
191803
191822
192061
192065
192126
192151
192166
192245
192285
192304
192356
192412
192437
192582
192697
192724
192750
192877
192969
193152
193217
193742
193845
194140
194451
194654
194667
194703
195142
195152
195166
195277
195279
195515
195738
195966
196211
196220
196255
196315
196920
197063
197088
197216
197274
197285
197316
197321
197337
197397
197493
198102
198145
198168
198277
198436
198684
198696
198785
199283
199317
199326
199488
199611
199651
199738
199746
199753
199780
199893
199912
200114
200242
200357
200446
200483
200510
200582
200670
200803
200818
200887
200912
200934
200943
201194
201275
201485
201535
201632
201816
201843
201885
202043
202187
202207
202242
202270
202284
202287
202621
202693
202827
202957
203161
203211
203508
203606
203651
203726
203776
203922
203923
204105
204163
204289
204339
204782
204940
204975
205031
205096
205164
205209
205307
205442
205464
205642
205647
205753
205941
206016
206381
206424
206648
206792
206799
206950
206989
207026
207065
207127
207141
207288
207455
207482
207494
207512
207631
207741
207833
207878
208127
208200
208231
208251
208278
208392
208507
208535
208729
208774
208794
208921
209190
209274
209281
209326
209433
209604
209723
209773
209825
209835
209903
209921
209951
210067
210243
210357
210595
211057
211123
211255
211277
211374
211400
211454
211646
211660
211718
211750
211760
211884
211966
212039
212109
212110
212202
212209
212298
212321
212421
212470
212587
212601
212696
212716
212775
212920
213096
213114
213229
213280
213526
213554
213611
213624
213644
213647
213798
213814
213848
213920
213936
213938
214008
214139
214471
214576
214681
214799
214887
214930
215048
215097
215103
215129
215345
215607
215818
215836
215851
215896
216077
216175
216728
216756
216767
217005
217052
217192
217770
217787
218012
218126
218143
218149
218235
218355
218398
218416
218420
218501
218519
218556
218637
218775
218942
219012
219109
219273
219477
219506
219603
219903
219951
220135
220302
220453
220514
220581
220807
220835
220846
221002
221064
221123
221351
221423
221426
221487
221622
221720
221743
221754
221840
221847
221926
222032
222114
222216
222545
222559
222565
222891
222899
222907
222984
223057
223124
223229
223279
223300
223321
223367
223392
223393
223431
223456
223562
223969
223970
224051
224222
224245
224359
224383
224385
224452
224669
224703
224928
225012
225113
225157
225183
225254
225297
225349
225383
225414
225428
225479
225487
225502
225608
225630
225776
225901
226248
226361
226369
226522
226648
226733
226835
227000
227201
227260
227284
227325
227430
227667
227691
227788
227831
227855
227865
227874
227906
227913
228254
228289
228436
228486
228545
228871
228883
228932
229009
229036
229045
229231
229314
229329
229467
229507
229524
229680
229838
229856
230056
230088
230097
230166
230253
230339
230389
230396
230494
230576
230596
230669
230819
230943
231031
231067
231125
231126
231172
231331
231385
231486
231516
231648
231685
231792
231813
231815
231836
231960
232190
232412
232440
232453
232552
232595
232636
232663
232667
233005
233159
233189
233204
233307
233428
233502
233555
233785
233790
233819
234374
234562
234734
234783
234823
234909
234917
235017
235097
235213
235266
235560
235639
235960
236067
236243
236426
236441
236447
236724
236741
236819
236884
237120
237152
237163
237232
237243
237553
237643
237815
237841
237870
237941
238049
238073
238366
238532
238533
238647
238655
238687
238937
238991
239043
239097
239186
239333
239393
239407
239615
239685
239734
239795
239804
239813
239840
239951
240004
240093
240246
240283
240591
240645
240666
240667
240951
241017
241032
241198
241230
241276
241307
241336
241670
241716
241840
241886
242388
242556
242616
242926
242965
243010
243030
243097
243194
243272
243324
243473
243595
243615
243617
243692
243981
243988
244060
244165
244339
244395
244439
244582
244662
244750
244990
245080
245546
245617
245638
245779
245838
246128
246255
246350
246370
246379
246394
246444
246517
246540
246747
247227
247388
247771
247799
247924
247933
247934
247986
248031
248266
248441
248515
248770
248888
248889
248919
249363
249504
249521
249662
249685
249717
249719
249763
250024
250276
250279
250385
250435
250486
250593
250776
250807
250861
250917
250984
251056
251099
251317
251350
251436
251457
251525
251536
251601
251763
251771
251776
251866
251919
251963
251986
252145
252389
252463
252568
252617
252637
252741
252753
252760
252924
252929
253054
253063
253095
253126
253288
253353
253570
253571
253572
253789
253981
254071
254233
254264
254382
254524
254552
254598
254616
254690
254801
254819
254844
254853
255028
255059
255175
255225
255333
255370
255491
255925
256083
256146
256236
256259
256313
256397
256465
256553
256840
256896
256984
256988
256995
257012
257038
257177
257296
257432
257451
257456
257686
257823
257911
258273
258277
258278
258402
258479
258530
258645
258728
258821
258832
258846
258871
259056
259165
259238
259468
259494
259561
259620
259822
260007
260046
260068
260582
260602
260604
260607
260751
260753
260983
261042
261124
261281
261375
261598
261604
261614
261626
261635
261939
261977
262061
262176
262372
262390
262503
262557
262647
262745
262761
262935
263017
263130
263249
263339
263373
263374
263531
263597
263631
263760
263861
263868
263946
263985
264005
264088
264256
264495
264548
264557
264563
264771
264974
265078
265133
265137
265156
265323
265387
265428
265634
265983
266054
266068
266188
266279
266338
266352
266431
266439
266464
266552
266795
267041
267058
267161
267173
267360
267406
267523
267604
267646
267702
267847
267899
267992
268041
268058
268231
268239
268258
268387
268388
268391
268445
268550
268569
268784
268798
268946
269052
269114
269149
269241
269752
269901
269965
270048
270152
270330
270338
270408
270686
270721
270735
270768
270777
270889
270970
271041
271068
271123
271130
271165
271381
271422
271586
271698
271812
271860
271890
271918
272010
272048
272087
272096
272119
272267
272414
272490
272578
272615
272674
272808
272826
272866
272969
273055
273056
273071
273310
273589
273746
273892
273943
273956
274003
274074
274120
274416
274498
274577
275011
275015
275035
275117
275120
275210
275211
275616
275659
275902
276014
276134
276239
276240
276365
276502
276591
276718
276785
276798
276872
276974
276995
277086
277166
277301
277303
277464
277821
277944
278117
278153
278429
278512
278519
279228
279258
279260
279345
279410
279525
279560
279720
279775
279788
279839
280508
280651
280662
280721
280798
281015
281086
281137
281337
281361
281364
281492
281538
281543
281873
281874
281966
282014
282035
282050
282064
282127
282130
282365
282758
282799
282987
282988
283091
283400
283466
283607
283678
283767
283805
283985
284222
284338
284467
284510
284607
284656
284692
284727
284870
284885
284946
285094
285116
285198
285346
285375
285421
285600
285727
285746
285910
285925
285927
286043
286148
286159
286196
286295
286343
286438
286539
286752
286802
286812
287070
287136
287144
287407
287527
287624
287674
287725
287831
288211
288244
288252
288426
288501
288502
288790
288794
288808
288993
289041
289071
289172
289181
289188
289358
289549
289588
289623
289925
289979
290027
290090
290261
290462
290467
290512
290582
290656
290685
290758
291133
291203
291240
291263
291275
291308
291446
291483
291495
291545
291612
291614
291724
291729
291785
291786
291808
291856
291861
291927
292013
292118
292314
292451
292588
292629
292919
292951
293186
293429
293447
293506
293544
293550
293611
293661
293689
293704
293749
293804
293817
294001
294063
294119
294389
294481
294739
294894
295099
295205
295334
295491
295493
295521
295544
295627
295658
295706
295736
295801
295904
296000
296089
296111
296298
296521
296536
296592
296831
296931
297149
297192
297246
297304
297366
297460
297465
297579
297702
297751
297943
298071
298363
298460
298492
298635
298666
298810
299117
299216
299230
299299
299309
299460
299631
299996
300407
300533
300562
300601
300665
301114
301385
301459
301535
301572
301655
301806
302039
302096
302182
302291
302500
302589
302770
302781
302913
302952
302989
303003
303273
303331
303345
303349
303382
303636
303642
303824
303889
304132
304426
304488
304720
304760
304876
304927
304997
305000
305030
305096
305161
305191
305234
305342
305514
305577
305876
306104
306134
306257
306261
306332
306506
306750
306751
306842
306920
306952
306953
307011
307247
307289
307299
307472
307519
307698
307832
308044
308057
308109
308136
308546
308694
308714
309233
309341
309628
310169
310321
310365
310501
310825
310984
311024
311059
311066
311154
311196
311234
311346
311390
311493
311523
311615
311696
311808
311961
312026
312085
312249
312394
312408
312419
312461
312497
312573
312760
312838
312965
313273
313351
313395
313435
313450
313477
313510
313635
313708
313870
313871
313933
314120
314299
314359
314375
314455
314475
314495
314660
314663
314760
315011
315609
315714
315820
315901
316011
316201
316203
316331
316399
316650
316816
316830
317098
317131
317438
317448
317544
317715
317743
317750
317760
317804
317854
317931
318086
318171
318199
318235
318364
318498
318539
318755
318760
318836
318882
318887
319138
319241
319313
319317
319374
319516
319594
319703
319963
319976
320019
320023
320102
320251
320274
320542
320661
320677
320704
320910
320946
321284
321318
321587
321598
321614
321778
321784
321993
322035
322170
322246
322275
322302
322496
322497
322785
323254
323301
323802
323821
323857
323921
324096
324125
324208
324351
324374
324557
324561
324582
324685
324725
324955
324975
325134
325253
325255
325330
325483
325508
325592
325621
325697
325724
325770
325909
326047
326146
326272
326294
326417
326510
326539
326623
326663
326685
326845
327030
327208
327320
327345
327370
327422
327474
327516
327685
327695
327731
327790
327810
327848
327892
327984
328040
328211
328433
328672
328693
328775
328927
329046
329103
329232
329239
329276
329304
329453
329483
329607
329731
329783
329787
329985
329991
330201
330218
330360
330455
330569
330705
330788
330790
330806
330924
330925
331013
331320
331328
331406
331614
331661
331933
331950
332183
332201
332253
332307
332377
332471
332595
332686
332920
333031
333104
333149
333253
333442
333452
333781
333821
333901
333923
334172
334302
334510
334567
334629
334658
334736
334826
334849
334971
335757
335784
335814
335828
335834
335883
335963
335972
336113
336141
336146
336328
336477
336562
336572
336574
336732
336746
336804
336838
337323
337354
337404
337685
337704
337716
337765
337983
338124
338276
338334
338387
338409
338444
338662
338719
338788
338804
338907
338971
339021
339226
339370
339468
339523
339532
339540
339553
339614
339659
339759
339855
340033
340464
340566
340625
340808
340863
340887
340972
341032
341049
341172
341297
341364
341414
341617
341640
341691
341954
342041
342202
342206
342297
342335
342376
342488
342541
342694
342746
342824
343019
343049
343061
343149
343375
343635
343689
343731
343746
343829
343899
343917
344015
344032
344065
344412
344496
344603
344749
344797
344871
344877
344953
345052
345057
345061
345363
345625
345655
345658
345890
346001
346103
346258
346268
346292
346655
346731
346847
346924
346942
346992
347026
347123
347177
347323
347370
347405
347452
347461
347735
347745
347785
347930
347966
347976
347996
348110
348257
348274
348344
348370
348441
348698
348747
348808
348842
348931
348968
349016
349093
349299
349377
349546
349819
349875
350019
350245
350305
350321
350326
350378
350579
350702
350764
350784
350826
350843
350857
351173
351206
351259
351278
351338
351936
352391
352455
352463
352493
352496
352559
352769
352952
353022
353117
353142
353233
353388
353924
353954
353978
354009
354049
354054
354348
354567
354581
354688
354733
354798
354859
354867
355029
355040
355254
355457
355562
355577
355651
355713
355742
355833
355898
355962
356088
356090
356199
356270
356271
356276
356395
356430
356433
356563
356620
356686
356715
356769
356815
356946
357112
357118
357127
357266
357307
357345
357362
357559
357576
357682
358014
358064
358307
358772
358976
359051
359091
359206
359380
359550
359732
359855
359902
360054
360132
360379
360462
360498
360507
360630
360785
360871
361387
361548
361568
361633
361674
361751
361817
361886
361910
362119
362160
362241
362516
362601
362675
363076
363097
363147
363293
363370
363459
363470
363526
363591
363754
363801
363848
364148
364172
364227
364236
364281
364366
364718
364720
364839
365187
365200
365465
365494
365515
365578
365668
366022
366060
366062
366072
366106
366118
366296
366317
366360
366426
366446
366505
366683
366709
366860
366934
366937
367123
367129
367141
367239
367253
367339
367340
367347
367381
367383
367472
367955
368052
368088
368283
368304
368382
368487
368552
368571
368710
368734
368813
368837
368906
368909
369010
369018
369159
369184
369207
369284
369293
369418
369537
369733
370011
370041
370090
370122
370222
370345
370501
370623
370905
370933
370945
371009
371017
371019
371141
371196
371295
371585
371588
371741
371953
371968
372008
372025
372224
372392
372501
372518
372667
372693
372747
372759
372765
372802
372829
372912
373013
373064
373095
373132
373156
373262
373321
373390
373465
373470
373664
373710
373741
373794
374048
374126
374347
374384
374452
374807
374833
374837
375253
375332
375421
375471
375488
375495
375552
375642
375655
375798
376069
376298
376301
376398
376533
376792
376832
376842
377034
377037
377128
377254
377258
377331
377466
377558
377576
377656
377701
377747
377798
377825
377852
377948
378055
378119
378345
378672
378998
379018
379220
379241
379260
379265
379290
379402
379437
379565
379648
379787
379868
379989
380186
380206
380442
380494
380504
380510
380791
381003
381038
381384
381428
381567
381606
381851
382220
382298
382420
382702
382704
382705
382765
382957
383071
383147
383195
383225
383391
383452
383505
383744
383788
383830
383917
384112
384185
384487
384517
384668
384682
384722
384805
384888
384982
385050
385116
385150
385223
385363
385798
385817
385895
385969
385985
386006
386091
386118
386336
386424
386494
386556
386584
386632
386785
386968
387133
387181
387199
387269
387334
387496
387767
387783
387912
387990
388007
388019
388044
388097
388108
388243
388290
388575
388630
388704
388912
389114
389242
389270
389280
389682
389798
389816
389902
390112
390346
390549
390619
390735
390755
390785
390815
390822
390985
391189
391818
391943
391957
391980
392142
392226
392261
392360
392605
392632
392807
392933
392960
392993
393329
393682
393782
394013
394173
394196
394313
394557
394684
394749
394791
394818
394983
395026
395056
395103
395209
395230
395243
395286
395449
395513
395515
395520
395530
395533
395568
395591
395755
395757
395828
395924
395935
396007
396012
396324
396383
396402
396462
396620
396652
396702
396808
396911
396989
397137
397163
397260
397526
397752
397763
397870
397947
398231
398274
398463
398774
398966
399017
399146
399164
399212
399356
399407
399628
399650
399737
399819
399821
399932
400000
400036
400053
400057
400123
400191
400317
400469
400531
400541
400651
400770
400861
400962
401005
401105
401316
401327
401376
401534
401548
401744
401848
401875
402054
402258
402285
402566
402572
402576
402697
402747
402829
402889
402984
403023
403138
403203
403382
403596
403729
403818
403828
403862
403887
403999
404011
404158
404388
404453
404668
404717
404724
404749
404894
405059
405110
405229
405466
405496
405504
405583
406159
406189
406241
406400
406618
406679
406700
406725
406875
406931
407030
407044
407098
407104
407160
407227
407282
407357
407441
407668
407734
407794
407989
408294
408543
408688
408753
408776
409036
409043
409230
409297
409366
409432
409519
409572
409907
410126
410128
410378
410447
410448
410776
410990
411230
411256
411298
411320
411515
411652
411741
411753
411807
411826
411878
411970
412274
412421
412611
412789
413058
413135
413281
413292
413320
413462
413559
413584
413730
413885
414115
414178
414271
414273
414414
414447
414557
414652
414756
414902
414977
414979
414996
415070
415152
415284
415458
415707
415743
415782
415892
415916
415984
416290
416370
416415
416512
416549
416569
416724
416772
416923
416982
417093
417172
417269
417402
417426
417437
417477
417492
417716
417785
418065
418133
418229
418533
418662
418676
418756
418855
419059
419310
419419
419596
419714
419828
419866
420012
420049
420074
420375
420499
420594
420748
420775
420956
421070
421198
421221
421232
421324
421601
421667
421787
421901
422003
422185
422352
422357
422422
422483
422548
422569
422630
422672
422805
422825
422957
423001
423014
423113
423174
423286
423348
423508
423591
423630
423951
424065
424102
424214
424347
424526
424844
425162
425251
425307
425519
425549
425572
425576
425654
425943
426221
426403
426439
426540
426768
426847
426874
427144
427184
427201
427211
427420
427629
427641
427652
427970
427974
428106
428148
428171
428237
428258
428484
428496
428577
428626
428631
428680
428843
428899
429322
429570
429626
429793
429883
429936
429958
430118
430177
430284
430422
430429
430800
430835
430981
431203
431285
431346
431438
431498
431553
431720
431808
431867
431940
432024
432158
432212
432336
432376
432504
432520
432556
432566
432616
432870
432901
433207
433359
433446
433455
433461
433610
433676
433723
434009
434113
434135
434270
434361
434398
434440
434773
434989
435017
435117
435205
435222
435325
435345
435622
435662
435671
435678
435707
435802
436037
436079
436162
436170
436226
436496
436585
436589
436761
436819
436856
437121
437183
437198
437290
437451
437596
438099
438193
438270
438468
438540
438564
438631
439039
439198
439229
439463
439492
439545
439564
439590
439774
439889
439918
440293
440318
440354
440442
440503
440535
440749
440788
441031
441171
441187
441237
441311
441563
441619
441708
441777
441931
442047
442385
442388
442431
442579
442918
442946
442948
443033
443054
443339
443367
443567
443671
444047
444143
444206
444499
444853
444958
444992
445025
445238
445255
445324
445339
445555
445606
445838
446009
446069
446092
446120
446433
446453
446480
446655
446827
446888
446902
447043
447148
447237
447240
447408
447427
447442
447542
447686
447696
447759
448038
448158
448348
448488
448512
448634
448676
448876
448905
449318
449337
449383
449577
449715
449814
450252
450264
450377
450382
450457
450502
450552
451034
451079
451232
451473
451506
451514
451522
451674
451691
451742
451792
451921
452065
452086
452223
452253
452276
452332
452341
452415
452423
452445
452454
452496
452578
452695
452696
452712
452940
453111
453306
453407
453509
453510
453529
453604
453676
453798
453968
454002
454176
454242
454251
454542
454554
454561
454612
454682
454693
454749
454850
455302
455410
455619
455734
455861
455884
455909
456081
456254
456265
456287
456371
456429
456480
456635
456674
456754
456778
456784
456841
456890
456946
456956
456964
456967
456982
456996
457085
457092
457100
457109
457115
457129
457189
457198
457214
457302
457870
457897
458070
458145
458151
458219
458228
458451
458501
458521
458542
458654
458793
458842
459094
459111
459124
459166
459184
459191
459328
459391
459409
459449
459520
459549
459606
459679
460071
460143
460324
460332
460335
460504
460583
460614
460714
460783
460872
460883
461630
461651
461884
461989
462041
462098
462167
462268
462269
462333
462442
462489
462539
462587
462656
462659
462672
462789
462825
462851
463157
463302
463505
463889
463962
463977
464036
464066
464608
464636
464767
465012
465019
465070
465078
465164
465419
465820
465879
465892
466246
466251
466253
466335
466390
466408
466467
466494
466556
466623
466696
466822
466906
466907
467022
467044
467074
467099
467195
467213
467330
467548
467912
467978
468025
468100
468255
468514
468666
468850
468883
468989
468999
469075
469162
469193
469270
469358
469471
469692
469698
469815
469868
469945
469964
470002
470005
470022
470148
470213
470214
470259
470404
470486
470531
470623
470752
470956
471223
471323
471463
471534
471621
471629
471755
471916
471978
472071
472093
472123
472245
472278
472408
472519
472569
472755
473040
473061
473273
473274
473393
473398
473441
473448
473471
473560
473713
473789
473808
473833
474213
474226
474443
474455
474526
474623
474652
474691
474693
474776
474806
474889
474950
475348
475573
475766
475798
475800
475834
476029
476046
476054
476094
476185
476386
476457
476650
476717
476810
477007
477015
477027
477043
477236
477239
477308
477333
477394
477445
477454
477480
477593
477826
478210
478310
478618
478699
478837
478933
479140
479307
479631
479692
480270
480286
480491
480563
480657
480768
481010
481120
481147
481192
481207
481475
481712
481885
481915
481920
482079
482139
482163
482167
482369
482494
482588
482679
482757
482813
482924
483284
483313
483314
483352
483357
483487
483492
483540
483542
483546
483629
483647
483752
483889
484020
484051
484124
484157
484175
484458
484466
484665
484798
484855
484976
485032
485124
485168
485459
485604
485611
485634
485689
485775
485837
485872
485893
486150
486171
486313
486397
486521
486570
486776
486780
486893
486925
486954
487168
487263
487302
487316
487348
487386
487387
487495
487522
487551
487561
487669
487715
487977
488002
488328
488347
488424
488491
488750
488883
489098
489131
489200
489218
489366
489417
489559
489632
489657
489742
489894
489967
489995
490005
490009
490012
490080
490274
490277
490414
490460
490553
490823
490838
491113
491199
491277
491393
491397
491477
491551
491593
491797
491815
491917
492173
492231
492255
492376
492461
492700
492824
492881
492908
493207
493299
493860
493879
493967
494025
494208
494328
494390
494392
494404
494503
494758
494924
494940
494953
494994
495081
495732
495810
495879
496244
496254
496317
496393
496533
496673
496712
496928
496970
497013
497085
497246
497439
497547
497847
497977
497998
498145
498248
498341
498366
498397
498516
498762
498856
498869
498963
499047
499128
499252
499345
499429
499431
499557
499580
499688
499702
499720
499758
499960
500051
500122
500131
500137
500175
500243
500269
500337
500348
500411
500956
500982
501355
501401
501457
501563
501596
501597
501680
502166
502493
502530
502676
502709
502763
503286
503464
503579
503786
503808
503934
504048
504176
504304
504752
504781
504907
505127
505170
505303
505384
505396
505406
505446
505530
505555
505608
505650
505710
505772
505838
505865
505934
505986
506031
506044
506309
506459
506669
506740
507061
507125
507143
507300
507304
507314
507504
507660
507688
507750
507771
507788
507789
507802
508169
508180
508232
508313
508337
508388
508500
508538
508581
508790
508886
509005
509031
509280
509295
509307
509557
509662
509734
509815
510144
510184
510211
510392
510542
510773
510796
510971
511108
511122
511137
511385
511445
511451
511569
511576
511706
511744
511794
511988
512127
512191
512216
512296
512377
512488
512514
512846
512896
513035
513143
513195
513225
513320
513428
513565
513702
513797
513886
514164
514166
514529
514548
514630
514679
514681
514741
514990
515294
515301
515308
515328
515349
515353
515417
515540
515556
515590
515728
515907
516071
516117
516245
516828
516891
516993
516995
517256
517269
517445
517534
517543
517717
517739
517792
517927
518018
518033
518035
518224
518232
518303
518476
518514
518589
518845
518854
518880
518932
519006
519032
519095
519099
519166
519245
519296
519302
519504
519771
519795
519833
519851
519867
520046
520202
520303
520477
520490
520500
520580
520643
520654
520696
521022
521030
521037
521064
521355
521359
521571
521718
521785
521876
521890
521909
521998
522109
522165
522622
522628
522657
522695
522702
522811
522827
522876
522893
523075
523239
523284
523420
523428
523500
523502
523565
523622
523716
523834
524061
524069
524089
524120
524254
524337
524362
524530
524570
524599
524809
524836
524876
525046
525281
525314
525337
525478
525717
525859
526192
526219
526291
526411
526491
526581
526625
526642
526815
526965
527098
527146
527305
527321
527506
527808
528136
528202
528281
528338
528420
528549
528595
528611
528649
528867
528880
528885
528947
528982
529045
529301
529420
529477
529519
529572
529618
529805
529971
529988
529992
530116
530167
530178
530240
530450
530464
530592
530629
530809
530868
530907
531072
531097
531102
531113
531549
531627
531761
531791
531866
532016
532019
532388
532395
532510
532567
532827
532853
532948
532954
533127
533252
533462
533621
533666
533777
533904
533941
534079
534141
534155
534225
534288
534463
534645
534838
534864
534896
535224
535247
535319
535361
535383
535384
535439
535723
535725
536140
536159
536507
536550
536862
537024
537041
537326
537348
537484
537557
537615
537617
537659
537694
537816
537832
538076
538131
538188
538517
538716
538743
538887
538908
538998
539608
539691
539703
539760
539881
540013
540047
540211
540263
540267
540462
540547
540572
540748
540831
540962
540986
541058
541119
541583
541709
541762
541841
541843
541953
541958
541972
542023
542412
542609
542640
542642
542721
542736
542770
542971
543159
543313
543354
543694
543799
543867
543964
544150
544251
544599
544697
544759
544764
544844
545036
545044
545179
545252
545380
545577
545694
545770
545939
545948
545980
546037
546225
546340
546364
546403
546444
546758
546832
546876
546905
547204
547209
547320
547338
547449
547471
547574
547615
547649
547901
548211
548273
548367
548490
548659
548814
548868
549128
549303
549411
549622
549640
549746
549938
550292
550464
550514
550544
550574
550591
550915
550992
551121
551202
551220
551231
551276
551330
551497
551526
551840
551881
552038
552279
552299
552404
552744
552780
552847
552855
553239
553290
553310
553414
553432
553733
553759
553782
554005
554064
554362
554660
554695
554711
554762
554829
554850
554928
554952
555002
555104
555116
555174
555332
555369
555380
555429
555492
555681
555765
555890
556028
556189
556315
556567
556598
556757
556790
556854
556952
557019
557193
557204
557235
557355
557414
557469
557666
557674
557852
558042
558043
558146
558158
558225
558588
558617
558807
558874
558920
558937
559055
559063
559171
559195
559292
559569
559615
559724
559749
559803
559851
559854
560055
560098
560194
560195
560270
560278
560372
560377
560503
560879
560958
561027
561078
561163
561204
561266
561328
561330
561607
562046
562099
562154
562237
562255
562304
562313
562449
562454
562543
562594
562628
562692
562825
562862
562919
563147
563288
563335
563342
563401
563418
563468
563515
563685
563712
563757
563783
563784
563964
564144
564210
564243
564254
564398
564444
564453
564470
564509
564511
564680
564740
564827
564834
564861
565013
565042
565115
565194
565250
565323
565382
565421
565467
565593
565617
565787
565867
566239
566358
566449
566545
566698
566712
566843
566944
566959
566978
567087
567110
567137
567248
567303
567451
567566
567723
567806
567883
567964
568028
568040
568062
568088
568124
568132
568274
568445
568531
568641
568719
568790
568832
568994
569023
569450
569505
569612
569663
569731
569800
569805
569836
569869
570131
570178
570254
570321
570335
570367
570439
570452
570523
570562
570569
570570
570603
570626
570635
570804
570969
571006
571020
571053
571173
571240
571254
571430
571643
571774
571803
571883
572353
572472
572501
572600
572736
572814
573149
573256
573267
573360
573445
573448
573473
573514
573577
573583
573621
573786
573940
574008
574159
574187
574236
574257
574306
574376
574413
574616
574667
574682
574754
574892
574924
575028
575143
575469
575542
575543
575602
575637
575789
575819
575933
575948
576211
576441
576589
576623
576662
576688
576742
576945
577078
577093
577251
577271
577305
577469
577473
577597
577700
577907
578048
578142
578190
578329
578506
578587
578879
578969
579035
579050
579239
579490
579509
579731
579758
580343
580473
580658
580871
580880
580912
580945
580990
581142
581211
581254
581256
581470
581533
581544
581562
581568
581631
581815
581818
581857
581937
582023
582217
582336
582464
582790
583002
583056
583266
583425
583548
583731
583737
583815
583878
583956
584074
584090
584211
584235
584272
584355
584372
584421
585127
585306
585345
585387
585466
585503
585547
585577
585681
585778
585815
586047
586140
586209
586301
586344
586380
586465
586522
586540
586553
586573
586693
586797
586946
587003
587211
587260
587322
587460
587520
587570
587623
588049
588059
588065
588348
588359
588368
588823
588982
588986
589017
589212
589253
589266
589540
589542
589549
589565
589615
589697
589787
590136
590258
590262
590394
590399
590496
590665
590713
590802
590858
591189
591238
591324
591389
591498
591527
591708
591838
591994
592152
592359
592395
592548
592699
592702
592819
592847
592922
592938
593191
593362
593455
593457
593563
593709
593849
593981
593983
593990
594226
594249
594253
594316
594427
594655
594791
595026
595274
595356
595502
595575
595727
596095
596160
596161
596222
596265
596267
596306
596406
596431
596627
596907
596933
596939
597114
597501
597540
597585
598040
598064
598066
598117
598165
598176
598318
598550
598589
598779
598817
598913
598944
599043
599071
599105
599107
599237
599303
599319
599320
599374
599396
599450
599499
599510
599639
599646
599740
599900
599952
599992
600006
600040
600075
600149
600274
600305
600374
600587
600779
600799
600819
600942
600989
601034
601115
601125
601201
601371
601405
601480
601720
602120
602215
602226
602236
602264
602381
602434
602440
602584
602599
602640
602746
603105
603116
603195
603246
603335
603394
603396
603461
603554
603569
603727
603787
603788
603827
603855
603873
603877
603916
603963
604008
604268
604320
604444
604497
604527
604641
604819
605072
605456
605466
605781
605795
605812
605880
605893
606186
606250
606260
606271
606282
606438
606496
606525
606598
606630
606750
606768
606898
606983
607023
607036
607246
607303
607361
607421
607496
607644
607725
607774
607815
608032
608125
608558
608623
608744
608976
608984
609055
609098
609186
609398
609406
609446
609450
609533
609623
609642
609736
609836
609876
609918
610016
610091
610250
610424
610605
610628
610732
610882
611016
611049
611316
611393
611412
611489
611522
611623
611712
611717
611935
611977
612006
612064
612343
612622
612843
613153
613193
613435
613442
613553
613665
613941
613946
613955
614241
614257
614272
614277
614453
614527
614533
614783
614804
614809
615109
615237
615255
615522
615817
615826
615858
616095
616209
616246
616317
616420
616446
616601
616689
616753
616785
616791
616853
616974
617082
617083
617217
617249
617276
617306
617314
617348
617389
617393
617518
617569
617574
617619
617737
617738
617890
617930
617947
618001
618132
618138
618368
618432
618831
618888
619027
619047
619067
619116
619155
619657
619659
619660
619783
619951
620211
620442
620451
620485
620490
620633
620695
620964
621238
621310
621345
621365
621537
621549
621680
621761
621840
621879
622109
622290
622302
622336
622429
622518
622559
622840
622954
622990
623050
623057
623061
623097
623198
623245
623921
623987
624023
624140
624384
624485
624524
624617
624646
624862
624873
625032
625145
625213
625349
625403
625446
625541
625557
625612
625756
625882
625982
626021
626062
626080
626147
626239
626697
626797
626850
626973
627378
627523
627579
627599
627632
627645
627649
627683
627962
627981
628046
628075
628473
628533
628584
628594
628761
628824
628849
628885
628967
629036
629048
629050
629069
629157
629253
629260
629277
629539
629840
629882
629954
630005
630212
630230
630380
630641
630731
630735
630910
630999
631002
631037
631063
631283
631286
631768
631822
631915
631934
631958
631981
632174
632251
632366
632480
632626
632630
632674
632772
632878
632893
633000
633051
633444
633575
633624
633844
633936
634048
634068
634293
634486
634523
634568
634587
634837
634866
634884
635033
635049
635081
635127
635394
635426
635857
635862
636053
636099
636456
636473
636541
636646
636653
636678
636813
636974
637069
637088
637167
637284
637545
637630
637829
637840
637842
638051
638087
638107
638120
638281
638569
638578
638959
639075
639100
639110
639131
639160
639271
639301
639380
639468
639782
639858
639956
639995
640009
640067
640130
640171
640440
640526
640580
640631
640879
640927
640957
641095
641182
641304
641369
641539
641601
641625
641654
641742
641758
641822
641922
642013
642086
642122
642294
642357
642379
642423
642437
642550
642608
642872
642942
643129
643189
643260
643292
643301
643324
643333
643441
643442
643496
643830
643837
644030
644241
644363
644548
644625
644641
644700
644717
644749
644961
645032
645096
645214
645417
645501
645798
646059
646067
646178
646363
646409
646456
646510
646601
646813
646829
646997
647017
647054
647687
647879
648033
648440
648503
648636
648713
648953
648954
648970
649260
649270
649352
649400
649643
649655
649962
650188
650191
650282
650324
650443
650503
650618
650655
650682
650912
651061
651176
651199
651243
651343
651451
651506
651606
651736
651847
652019
652432
652472
652659
652705
652839
653132
653314
653370
653417
653468
653476
653505
653553
653654
653747
653967
653987
654333
654471
654537
654657
654789
654865
654904
655027
655058
655070
655158
655366
655495
655588
655657
655681
655839
655872
655881
655980
655984
656038
656087
656097
656175
656246
656272
656526
656587
656679
656701
656720
656828
656880
657237
657258
657451
657556
657601
657902
657970
658029
658320
658486
658883
659019
659187
659490
659492
659499
659640
659730
659790
659865
659906
659957
659970
660002
660064
660104
660620
660693
660942
661069
661207
661428
661470
661477
661844
661862
661981
662115
662131
662225
662281
662470
662491
662570
662639
662703
662705
662716
662980
663004
663216
663310
663428
663731
663806
663837
664008
664360
664409
664493
664524
664618
664729
664768
664883
664910
665098
665330
665348
665400
665476
665625
665794
665824
665864
665958
666012
666143
666320
666474
666507
666535
666684
666720
666903
667225
667261
667398
667546
667576
667670
667790
667937
667963
668132
668400
668681
668701
668716
668756
668760
668826
668962
669117
669178
669190
669487
669678
669713
669786
670223
670342
670418
670615
670747
670751
670795
671067
671093
671338
671526
671751
671987
672038
672240
672376
672414
672441
672534
672729
672824
672830
673003
673115
673144
673206
673263
673406
673424
673444
673697
673899
673910
673932
673934
673962
674006
674107
674175
674212
674319
674545
674611
675006
675038
675078
675416
675426
675615
675624
675675
675701
675795
675866
676061
676113
676208
676258
676403
676513
676537
676939
677135
677210
677234
677258
677686
677694
677697
677793
677810
677827
678154
678170
678180
678373
678569
678970
679266
679293
679386
679468
679560
679602
679681
679936
679966
679992
680071
680347
680417
680550
680610
680686
680822
681315
681330
681658
681754
681789
681951
682024
682065
682119
682250
682292
682592
682637
682676
682744
682760
682854
682949
682971
682983
683202
683291
683295
683318
683448
683483
683510
683619
683651
683688
683764
683780
683955
684064
684072
684116
684393
684404
684416
684597
684601
684637
684639
684738
684866
684914
684942
684948
685020
685377
685462
685585
685646
685681
685710
685742
685877
685930
685960
686180
686306
686367
686444
686510
686534
686607
686720
686865
686973
687028
687739
687831
687926
687978
688005
688084
688088
688250
688420
688541
688580
688620
688667
688675
689185
689325
689417
689540
689613
689706
689892
690287
690296
690494
690748
691038
691147
691206
691248
691379
691417
691426
691428
691571
691671
691777
692079
692190
692223
692344
692384
692429
692734
692822
692849
692866
692950
693083
693670
693671
693686
693780
693992
694114
694261
694359
694374
694648
694896
694930
695110
695272
695515
695516
695561
695670
695702
695851
695964
696037
696191
696220
696260
696374
696384
696416
696534
696622
696656
696790
696953
697009
697027
697455
697483
697520
697532
697624
697646
697721
697851
697935
698083
698150
698224
698231
698279
698305
698582
698599
698619
698814
699002
699015
699024
699054
699349
699421
699462
699535
699613
699629
699666
699768
700056
700186
700272
700336
700478
700554
700694
700700
700733
700745
700800
700885
700892
700922
701016
701085
701309
701324
701556
701581
701607
701614
701695
701698
701808
701841
701910
702021
702315
702361
702455
703015
703053
703281
703383
703459
703478
703590
703771
703895
703992
704162
704201
704245
704423
704498
704501
704608
704707
704767
704837
705010
705081
705240
705298
705419
705747
705960
706152
706173
706236
706327
706398
706558
706646
706708
706811
706873
706902
706968
707034
707064
707122
707264
707308
707336
707607
707641
707818
707824
707920
707936
707965
708019
708154
708252
708273
708282
708622
708767
708891
708934
709097
709207
709254
709259
709409
709422
709718
709722
709834
709859
709951
709983
710036
710151
710278
710479
710525
710528
710554
710584
710589
710640
710792
710814
710907
710918
711097
711220
711293
711296
711301
711337
711488
711701
711777
711901
712117
712257
712262
712300
712448
712477
713175
713193
713198
713317
713399
713498
713636
713733
713948
714140
714150
714167
714303
714415
714455
714573
714814
714828
714930
715003
715108
715225
715281
715374
715458
715526
715618
715633
715677
715697
715916
715971
716081
716176
716275
716650
716657
716670
716738
716989
717131
717162
717514
717634
717682
717705
717775
717792
717886
718037
718138
718265
718436
718457
718532
718963
719013
719041
719139
719179
719320
719327
719360
719456
719616
719876
719905
719949
719954
719961
719999
720011
720091
720228
720292
720553
720684
720714
720829
720876
720912
720915
720982
721246
721301
721307
721410
721675
721779
721843
721849
721949
722174
722203
722238
722499
722502
722610
722704
723127
723492
723497
723575
723717
723926
724061
724078
724245
724300
724363
724464
724550
724555
724592
724629
724722
724740
724783
724900
725020
725036
725059
725108
725147
725268
725342
725410
725456
725474
725798
725810
725853
725866
725909
725910
725980
726105
726157
726167
726170
726218
726405
726523
726839
726982
727106
727338
727367
727374
727432
727540
727556
727632
727650
727669
727686
727705
727725
727739
727757
727830
727933
728015
728047
728056
728075
728192
728264
728325
728446
728602
728704
728758
728819
729011
729280
729615
729948
730194
730266
730401
730427
730476
730661
730730
730741
730825
730882
730925
730942
731002
731054
731088
731200
731212
731558
731596
731676
731696
731923
731970
731983
732012
732141
732237
732239
732287
732317
732541
732555
732556
732737
732744
732757
732850
732999
733101
733114
733297
733412
733426
733769
733867
734034
734161
734209
734255
734270
734281
734401
734429
734434
734654
734739
734773
734789
734877
734883
734894
734941
735347
735348
735470
735682
735811
735998
736186
736298
736319
736497
736576
736581
736634
736639
736766
736838
737194
737219
737272
737724
737861
737877
737943
738082
738140
738345
738392
738413
738445
738772
738802
738943
738977
739201
739295
739353
739483
739495
739942
740004
740269
740349
740389
740485
740540
740553
740604
740645
740741
740757
740989
741323
741325
741450
741533
741598
741743
741914
742075
742283
742344
742480
742758
742767
742858
742869
742896
743054
743057
743074
743372
743430
743507
743557
743850
743892
743953
743974
744356
744411
744442
744446
744568
744589
744600
744626
744724
744745
745016
745121
745137
745435
745801
745892
746002
746045
746183
746343
746358
746364
746418
746605
746653
746690
746703
746712
746799
746853
746866
747047
747124
747201
747253
747514
747618
747628
747807
747835
748023
748242
748244
748461
748503
748642
748674
748682
748740
748881
748949
749075
749086
749144
749199
749256
749265
749527
749529
750033
750163
750234
750398
750409
750455
750814
750927
751266
751416
751520
751608
751751
751796
751805
752073
752109
752177
752227
752230
752253
752319
752384
752425
752446
752471
752561
752673
752788
752801
753097
753119
753231
753275
753507
753523
753544
753634
753692
753713
753903
754101
754151
754338
754366
754428
754443
754724
754985
755000
755009
755068
755187
755223
755261
755289
755439
755546
755559
755640
755838
756029
756077
756245
756462
756529
756606
756740
756779
756920
757068
757078
757155
757198
757244
757304
757371
757403
757473
757589
757826
757987
758015
758058
758066
758080
758137
758203
758255
758256
758695
758718
758973
758984
759115
759140
759151
759171
759286
759417
759601
759708
759747
759749
759806
759844
759914
759996
760027
760054
760177
760178
760252
760322
760428
760445
760585
760588
760709
760838
761010
761022
761140
761153
761176
761265
761417
761663
761734
762192
762214
762349
762388
762450
762603
762703
762736
762746
763074
763123
763181
763461
763656
763659
763710
763795
763982
764003
764145
764166
764252
764261
764331
764336
764471
764543
764635
764965
764998
765081
765086
765121
765127
765242
765303
765315
765377
765382
765492
765554
765556
765720
765940
765971
766071
766120
766284
766484
766565
766663
766775
766891
766914
766964
767083
767157
767419
767580
767862
767869
768109
768120
768161
768190
768372
768399
768417
768464
768575
768724
768759
768866
769019
769022
769107
769180
769241
769495
769512
769601
769650
769667
769830
769995
770130
770141
770151
770204
770223
770295
770455
770618
770687
771170
771476
771517
771556
771658
771968
772141
772155
772209
772304
772359
772391
772536
772576
772582
772594
772818
772832
773308
773402
773479
773529
773537
773619
773719
773951
774008
774321
774461
774479
774660
774813
774856
774983
775088
775111
775519
775643
775744
775806
775870
776115
776211
776268
776494
776649
776708
776753
776763
776836
776885
777051
777092
777240
777350
777394
777456
777478
777525
777546
777550
778074
778573
778586
778687
778690
778931
779051
779083
779381
779462
779561
779728
779801
779890
779960
779984
780062
780068
780127
780311
780349
780358
780391
780403
780517
780583
780638
780675
780925
781008
781165
781393
781487
781548
781551
781561
781807
781821
781967
782020
782065
782124
782137
782139
782229
782230
782401
782898
783264
783305
783345
783520
783650
783876
783963
783977
783990
783998
784109
784129
784179
784292
784320
784476
784705
784708
784836
785031
785094
785131
785154
785296
785342
785371
785445
785679
785866
785879
785916
785938
785967
786146
786263
786282
786303
786384
786454
786519
786723
786912
787057
787064
787107
787276
787300
787442
787538
787652
787662
787721
787730
787894
787967
788102
788258
788475
788511
788566
788690
788705
788710
788752
788857
788972
789145
789169
789406
789418
789551
789649
789720
789793
789870
789928
790030
790222
790233
790358
790535
790661
790717
790783
790812
790996
791142
791217
791495
791587
791598
791699
791865
791899
791943
792352
792387
792414
792534
792593
792736
792828
792922
793066
793380
793446
793463
793471
793556
793877
793900
793931
794133
794226
794288
794306
794653
794669
794676
794940
795045
795140
795242
795265
795588
795594
795755
795840
795843
795848
795904
795930
795939
795976
796060
796061
796186
796295
796303
796350
796454
796474
796670
796878
796945
797054
797258
797542
797575
797595
797610
797646
797666
797692
797708
797875
797914
797950
798423
798431
798529
798552
798778
798785
798814
798848
798941
799073
799130
799705
799922
800054
800112
800471
800536
801023
801408
801444
801510
801568
801602
801628
801635
801647
801680
801732
801766
801777
801781
801810
802023
802121
802135
802234
802257
802593
802630
802803
802887
803084
803130
803182
803310
803346
803424
803528
803759
803769
804051
804055
804078
804438
804484
804657
804782
804900
804959
805072
805368
805374
805470
805573
805630
805712
805917
806063
806088
806125
806170
806229
806238
806275
806283
806430
806463
806576
806706
806814
807086
807105
807172
807221
807251
807297
807316
807354
807439
807484
807620
807635
807902
808127
808165
808227
808281
808298
808391
808427
808550
808662
808684
808727
808798
809021
809032
809180
809455
809497
809621
809646
809818
810061
810167
810258
810459
810791
811025
811053
811225
811405
811545
811710
811814
812016
812149
812363
812450
812554
812615
813078
813118
813399
813524
813547
813818
813877
813931
813990
814005
814123
814142
814209
814372
814386
814413
814521
814542
814612
814647
814682
814725
814929
814949
814968
814973
815034
815185
815195
815254
815520
815560
815742
816046
816171
816197
816520
816582
816693
816889
816956
817050
817061
817165
817311
817404
817499
817554
817713
817784
818159
818162
818206
818339
818391
818441
818456
818475
818517
818689
818720
819019
819174
819263
819301
819411
819433
819461
819483
819574
819623
819669
819726
819786
819823
819855
819892
819959
820304
820356
820457
820550
820583
820648
820762
820781
820784
820832
820874
820893
820915
821416
821421
821476
821477
821745
821890
822094
822127
822179
822189
822281
822385
822764
822964
822988
823105
823120
823124
823141
823180
823393
823605
823771
824340
824345
824401
824548
824557
824570
824872
824947
825060
825229
825247
825299
825316
825440
825681
825837
825886
825905
826000
826123
826157
826201
826222
826331
826345
826676
827079
827156
827190
827231
827296
827324
827345
827450
827536
827546
827696
827759
827883
827914
828013
828016
828038
828054
828144
828269
828311
828322
828374
828403
828711
828849
828890
829163
829293
829477
829564
829635
829684
829766
829795
829858
829906
830000
830170
830205
830374
830489
830493
830513
830870
831034
831045
831063
831104
831166
831219
831397
831453
831543
831610
831639
831654
831756
831783
831858
831887
831905
831937
832020
832049
832173
832309
832345
832468
832478
832607
832790
832854
833104
833162
833173
833244
833340
833394
833511
833674
833832
833873
833931
833994
834017
834153
834352
834583
834629
835197
835222
835270
835341
835343
835409
835412
835457
835514
835608
835636
835826
836013
836073
836082
836130
836221
836237
836241
836352
836450
836482
836653
836880
837004
837088
837099
837105
837116
837144
837683
837700
837775
837953
837961
838017
838041
838131
838330
838566
838607
838761
838808
838861
838936
838956
839039
839085
839108
839231
839256
839397
839412
839462
839534
839598
839654
839702
839720
839823
839841
839939
840035
840064
840096
840138
840250
840398
840563
840623
840690
840809
841008
841111
841282
841310
841594
841667
841671
841731
841742
841765
841850
841865
841904
841945
842023
842094
842181
842240
842282
842360
842405
842407
842444
842578
842604
842658
842794
843106
843286
843331
843407
843793
843848
844008
844073
844101
844165
844190
844207
844406
844417
844484
844519
844548
844851
844896
844930
844946
845079
845104
845118
845313
845351
845452
845465
845491
845646
845720
845767
845875
845909
845961
845965
846067
846094
846675
846732
846761
846961
847038
847142
847358
847496
847533
847652
847740
847791
847866
848218
848294
848341
848702
848800
848819
848867
848903
848941
849240
849384
849410
849569
849630
849645
849713
849739
849831
850207
850441
850524
850603
850629
850725
850824
851025
851032
851457
851471
851537
851614
851666
851721
851734
851778
851951
852047
852130
852541
852568
852648
852653
852673
852794
852918
853012
853024
853043
853122
853533
853534
853633
853656
853731
853736
853928
853962
853972
854099
854127
854138
854397
854454
854467
854726
854778
854917
854934
855029
855121
855130
855198
855340
855594
855677
855695
855727
855748
855762
855971
856077
856147
856204
856242
856442
856447
856471
856533
856693
856779
856955
857039
857140
857196
857268
857423
857490
857574
857939
858253
858315
858360
858422
858449
858649
858666
858694
858700
858737
858774
858860
859083
859313
859336
859366
859743
859774
859805
859905
859926
859975
860234
860304
860493
860506
860619
860902
861003
861165
861183
861274
861364
861700
861776
861790
861875
862073
862207
862277
862309
862361
862530
862562
862827
863004
863006
863062
863233
863354
863479
863530
863638
863671
863829
864435
864442
864514
864594
864603
864661
864662
864757
865109
865258
865330
865395
865500
865531
865625
865833
866000
866083
866186
866264
866381
866466
866547
866585
866741
866757
867100
867112
867313
867492
867628
867794
867820
867879
867881
867883
867937
868185
868344
868372
868437
868485
868545
868613
868865
868978
869009
869022
869054
869188
869361
869410
869492
869539
869573
869639
869644
869821
869880
869929
869954
870009
870098
870196
870197
870200
870249
870429
870447
870770
870817
871117
871148
871204
871254
871288
871681
871760
871916
871951
871973
872300
872329
872330
872349
872467
872508
872553
872605
872663
872678
872814
872857
872943
873199
873391
873643
873680
873772
873797
873898
873967
873970
874045
874123
874197
874352
874359
874364
874419
874431
874526
874654
874723
874816
874843
875029
875189
875242
875291
875395
875434
875478
875719
875855
875911
875955
875961
875972
876008
876153
876221
876234
876364
876440
876506
876518
876668
876937
877132
877189
877210
877220
877404
877592
877713
877721
877877
877889
878005
878176
878494
878557
878709
878879
879062
879224
879277
879331
879354
879724
879743
879754
879901
879932
880077
880089
880139
880285
880322
880617
880669
880828
880844
880913
881230
881603
881650
881732
881743
881797
881896
882016
882108
882111
882173
882416
882434
882455
882507
882579
882594
882835
882873
882876
882994
883022
883033
883172
883748
883817
883837
883910
883974
884036
884322
884455
884680
884744
884772
884785
884849
884889
885037
885059
885175
885211
885305
885391
885664
885736
885743
885947
885949
886020
886057
886249
886275
886368
886404
886447
886552
886614
886690
886702
886860
886863
887077
887082
887109
887510
887604
887607
887665
887757
887907
887945
887991
888143
888151
888242
888266
888734
888863
889056
889232
889247
889297
889504
889527
889570
889580
889670
889892
890039
890126
890270
890296
890429
890953
891107
891172
891188
891202
891239
891319
891493
891666
891724
891763
891871
891913
892073
892223
892275
892287
892300
892309
892316
892403
892466
893009
893016
893051
893122
893169
893502
893583
893647
893688
893791
893798
893873
893948
893989
894060
894064
894219
894318
894569
894586
894764
894900
895052
895136
895201
895288
895417
895629
895675
895764
895805
895860
895961
895974
896055
896104
896446
896471
896500
896569
896774
896954
896978
897009
897243
897312
897439
897440
897538
897655
897671
897696
897757
897770
897868
897892
898019
898068
898091
898111
898129
898158
898272
898281
898461
898548
898567
898589
898685
898699
898754
898811
899104
899107
899163
899491
899547
899844
899859
899960
900156
900178
900266
900425
900645
900889
901027
901395
901416
901557
901613
901770
901796
901911
902050
902057
902064
902072
902242
902247
902501
902508
902533
902663
902701
902803
902962
902969
903230
903363
903385
903454
903674
903815
903874
903996
904093
904134
904170
904247
904364
904388
904478
904704
904775
904870
904976
905014
905222
905381
905499
905625
905638
905731
906017
906322
906329
906375
906558
906589
906614
906622
906988
907363
907412
907521
907587
907726
908004
908086
908105
908174
908345
908650
908705
909063
909071
909129
909379
909491
909501
909508
909713
909724
909905
910309
910364
910478
910567
910720
910766
910862
910888
911126
911159
911171
911202
911306
911528
911727
911778
911929
911982
912141
912484
912666
912711
912807
912874
912911
912919
912942
913025
913188
913312
913332
913687
913696
913771
914191
914233
914274
914395
914426
914544
914648
914802
914841
915022
915037
915243
915339
915507
915597
915631
915741
915930
915934
916229
916245
916404
916484
916561
916574
916594
916599
916902
916950
917061
917224
917307
917315
917324
917353
917405
917410
917477
917583
917972
917978
918227
918247
918316
918761
918806
918814
918880
919026
919030
919120
919132
919177
919189
919249
919297
919440
919588
919791
919992
920080
920146
920231
920372
920559
920588
920611
920626
920929
921118
921350
921471
921493
921510
921578
921585
921607
921675
921866
921894
921940
922219
922307
922494
922647
922773
922789
922798
922891
922943
923018
923223
923388
923493
923504
923577
923597
923840
923847
923857
923940
923986
924006
924232
924249
924371
924633
924736
924821
924833
925049
925154
925232
925326
925394
925669
925703
925784
925819
925833
925912
925921
925976
925977
926265
926354
926357
926523
926624
926630
926639
926657
927037
927125
927137
927186
927398
927644
927713
927744
927981
928010
928085
928150
928235
928426
928478
928675
928752
928773
928834
928898
928935
928978
928998
929003
929042
929123
929215
929230
929338
929371
929391
929425
929458
929567
929621
929774
929812
929853
929865
929875
929908
930026
930081
930217
930336
930387
930437
930463
930602
930762
930840
930916
930942
931001
931022
931126
931294
931356
931557
931729
931755
932193
932437
932548
932578
932584
932660
932835
932950
933062
933081
933155
933596
933627
933637
933675
933937
934052
934247
934251
934307
934409
934442
934528
934619
934834
934955
935037
935144
935187
935292
935420
935443
935632
935691
935719
935783
935788
935803
935932
936046
936176
936224
936241
936318
936378
936431
936482
936496
936590
936709
936718
936735
936764
936788
937098
937266
937577
937866
937890
937910
937987
937992
938039
938044
938053
938203
938408
938488
938501
938902
939028
939095
939145
939224
939307
939491
939688
939741
939985
940008
940030
940124
940223
940405
940419
940506
940643
940650
940670
940715
940721
940808
940946
941138
941216
941335
941406
941586
941661
941829
941918
942388
942436
942531
942540
942860
942869
942961
943016
943156
943167
943170
943221
943293
943454
943468
943762
943835
943878
943917
943995
944068
944212
944425
944552
944610
944628
944651
944880
944913
944946
945066
945099
945102
945117
945150
945391
945417
945539
945734
945795
945867
946033
946123
946205
946284
946332
946365
946431
946600
946686
946891
947123
947193
947268
947350
947639
947727
947795
947797
947840
947868
947932
948072
948222
948395
948414
948423
948648
948758
948817
949227
949234
949263
949331
949415
949440
949489
949545
949620
949678
949763
949909
949992
949996
950045
950387
950394
950507
950717
950925
951026
951137
951209
951442
951445
951524
951553
951601
951612
951773
951869
951901
951995
952117
952171
952198
952446
952602
952608
952916
953071
953082
953088
953110
953302
953687
953898
953934
954018
954025
954225
954227
954303
954305
954590
954768
954772
955017
955054
955084
955108
955141
955220
955243
955278
955327
955333
955498
955514
955522
955635
955710
955875
956049
956435
956708
957155
957252
957283
957339
957463
957527
957581
957621
957663
957840
957888
957890
958023
958061
958236
958383
958488
958494
958673
959194
959386
959908
959955
959964
960081
960202
960248
960339
960358
960371
960660
960692
960774
960915
960953
960965
960970
960991
961031
961032
961175
961197
961353
961392
961451
961651
961821
961843
961872
961933
962083
962261
962301
962337
962340
962621
962638
962774
962816
962829
962936
963014
963121
963286
963483
963573
963650
963764
963837
963862
963870
963891
964249
964282
964297
964342
964752
965112
965333
965400
965412
965596
965806
965894
965961
965970
966111
966143
966155
966250
966281
966340
966366
966591
966652
966686
966689
966754
966787
966866
967017
967060
967230
967465
967486
967511
967581
967804
967834
967883
968024
968094
968195
968325
968421
968613
968647
968677
968799
968858
968900
968960
969186
969220
969273
969374
969543
969582
969634
969648
969675
969803
970073
970100
970131
970298
970322
970345
970425
970467
970590
970699
970796
970878
970976
971050
971143
971179
971205
971376
971408
971530
971720
971870
971887
971901
971941
972389
972611
972641
972714
972724
973011
973121
973182
973209
973452
973641
973803
973831
973883
973971
974012
974071
974095
974287
974315
974706
974879
975003
975021
975126
975212
975228
975323
975577
975705
975837
975852
975887
975929
975965
975972
975976
976195
976584
976620
976682
976850
976900
976960
976975
977135
977394
977404
977432
977481
977548
977595
977619
977745
977810
977837
977884
977949
977956
978043
978099
978109
978191
978301
978384
978414
978749
978805
978956
978997
979085
979089
979109
979143
979268
979278
979290
979303
979549
979738
980001
980011
980050
980076
980168
980233
980339
980371
980420
980458
980485
980755
980808
980818
980873
981121
981168
981193
981205
981523
981783
981788
981945
981983
982123
982236
982285
982372
982411
982683
982818
982848
982987
983171
983202
983508
983544
983557
983603
983722
983765
983781
984096
984189
984405
984449
984591
984617
984745
984827
984879
985083
985097
985189
985272
985595
985747
985913
985994
986024
986183
986305
986457
986531
986815
986942
987003
987017
987057
987061
987331
987376
987623
987705
987759
987815
988028
988167
988168
988279
988370
988435
988464
988505
988590
988631
988672
988872
988917
988938
989387
989418
989587
989631
989690
989826
989930
990133
990164
990229
990297
990332
990358
990529
990582
990670
990681
990709
990739
990856
990947
991018
991167
991362
991407
991475
991747
991754
991943
992105
992315
992337
992386
992510
992517
992618
992671
992754
992795
992894
992910
993002
993117
993163
993226
993533
993581
993656
993677
993712
993774
993775
993792
993833
993906
993914
993979
994049
994238
994293
994665
994739
994870
994919
995062
995070
995252
995259
995268
995335
995352
995369
995402
995405
995524
995602
995803
995814
995850
995934
996022
996664
996674
996723
996724
996855
997146
997296
997427
997678
997803
997867
998125
998139
998227
998272
998473
998639
998679
998738
998841
998936
998969
999151
999425
999553
999615
999875
