47
240
316
361
378
461
585
621
678
831
882
933
944
1064
1206
1409
1467
1681
1710
1747
1782
2024
2026
2187
2295
2313
2406
2452
2468
2610
2630
2713
2861
2923
2933
3150
3230
3294
3297
3489
3512
3593
3780
3786
3904
3920
4092
4363
4632
4691
4752
5361
5548
5627
5756
5823
5845
5905
5965
6091
6139
6226
6319
6457
6507
6648
6772
6856
7039
7246
7298
7665
8046
8168
8188
8257
8334
8608
8789
9017
9195
9335
9355
9445
9629
9776
9897
9976
10086
10120
10125
10178
10271
10297
10352
10390
10418
10499
10506
10710
10717
10738
10767
10935
10998
11052
11076
11337
11456
11457
11489
11490
11509
11554
11564
11566
11656
11898
12000
12025
12026
12132
12150
12197
12224
12351
12412
12459
12504
12579
12611
12653
12718
12723
12730
12850
12943
13022
13176
13322
13395
13517
13555
13563
13646
13759
13774
13845
14055
14112
14509
14604
14639
14816
14821
14953
14985
15000
15104
15171
15208
15564
15580
15703
15845
15902
15952
16024
16075
16293
16490
16573
16676
16692
16756
16793
16860
17088
17120
17143
17197
17241
17261
17362
17434
17494
17535
17579
17676
18103
18259
18338
18595
18660
18786
18820
19036
19062
19169
19286
19294
19482
19488
19618
19844
19934
20026
20097
20144
20202
20216
20323
20371
20395
20530
20546
20600
20671
21011
21145
21210
21297
21503
21525
21671
21700
21787
21915
21986
21996
22079
22172
22358
22375
22443
22913
23255
23300
23330
23399
23956
23980
24077
24173
24202
24340
24487
24618
24629
24702
24792
24828
24887
24888
24996
25095
25098
25115
25194
25282
25311
25331
25593
25666
25781
25960
25990
26040
26157
26310
26322
26520
26605
27139
27207
27531
27714
27866
27883
27999
28147
28453
28454
28944
28960
29054
29117
29214
29253
29321
29371
29413
29424
29439
29588
29753
29813
29885
29916
30001
30038
30241
30285
30393
30402
30504
30506
30550
30627
30739
30772
30797
30819
30896
31082
31163
31174
31221
31321
31336
31376
31508
31546
31702
31717
32033
32206
32215
32224
32461
32517
32555
32610
32662
32741
33033
33208
33253
33368
33427
33447
33635
33660
33671
33680
33731
33765
33813
33885
33903
34083
34212
34308
34334
34355
34385
34392
34505
34602
34863
34907
35309
35314
35349
35434
35622
35786
35944
36014
36251
36360
36383
36539
36541
36759
36935
37019
37134
37215
37328
37348
37437
37450
37620
37982
38042
38085
38273
38414
38572
38757
38854
38920
39210
39430
39443
39470
39618
39621
39697
39742
40172
40178
40250
40320
40372
40380
40389
40486
40740
40989
41111
41255
41339
41363
41368
41401
41541
41610
41722
41743
41875
41994
42191
42242
42287
42343
42495
42510
42543
42757
42941
43052
43123
43278
43322
43444
43497
43536
43560
43617
43658
43718
43783
43866
44112
44202
44204
44248
44427
44490
44494
44642
44705
44795
44933
44978
45020
45071
45119
45290
45343
45384
45455
45522
45543
45561
45662
45728
45908
45986
46116
46125
46201
46225
46230
46589
46599
46634
46752
46770
46872
47081
47104
47651
47802
47926
48026
48241
48436
48482
48548
48821
48823
48871
48882
49027
49051
49059
49073
49078
49206
49256
49344
49381
49620
49690
49720
49756
49815
49909
50398
50401
50414
50584
50744
50885
50941
51036
51074
51288
51408
51483
51641
52186
52197
52242
52323
52333
52368
52552
52563
52723
53018
53091
53423
53557
53559
53577
53587
53589
53704
53717
53821
53955
53963
54046
54060
54141
54215
54225
54414
54485
54567
54599
54633
54660
54668
54792
55298
55321
55400
55578
55847
55909
55971
56002
56114
56206
56240
56295
56307
56320
56443
56486
56507
56577
56616
56700
56773
56840
56948
57223
57315
57330
57381
57406
57429
57444
57481
57499
57592
57595
57817
57881
57936
58212
58219
58230
58407
58793
58888
58889
58962
59002
59030
59070
59121
59160
59217
59442
59539
59571
59642
59707
59815
59830
60099
60133
60296
60366
60370
60396
60498
60525
60585
60736
60868
60870
61511
61901
62025
62045
62055
62193
62215
62393
62467
62479
62538
62565
62652
62795
62824
62854
62903
63094
63204
63302
63362
63472
63501
63583
63642
63655
63704
63712
63854
63860
64063
64122
64184
64758
64772
64780
64864
64895
64979
65373
65405
65531
65540
65611
65674
65724
65791
65812
65831
65855
65935
65959
65973
66057
66064
66141
66260
66334
66375
66449
66501
66538
66794
66829
66831
66893
66971
66976
66991
67094
67378
67382
67417
67678
67723
67793
67929
68112
68155
68159
68264
68310
68330
68397
68451
68699
68700
68746
68850
69042
69259
69298
69311
69345
69355
69360
69362
69424
69468
69534
69739
69908
70160
70575
70821
70849
70910
70931
71010
71128
71182
71627
71841
71880
71946
71986
72016
72242
72257
72309
72396
72523
72612
72694
72696
72901
72904
72972
72982
72998
73028
73056
74048
74128
74142
74341
74541
74542
74549
74711
74728
74901
74921
74969
74970
75490
75541
75587
75697
75717
75825
75838
75841
75846
75915
75947
75988
76018
76133
76265
76275
76285
76301
76332
76484
76497
76504
76623
76903
77041
77053
77091
77107
77275
77350
77470
77843
77871
77963
78030
78048
78117
78185
78422
78470
78582
78815
78981
79049
79130
79299
79331
79587
79629
79670
79692
79753
79941
80176
80393
80424
80585
80619
81094
81105
81253
81275
81320
81357
81446
81825
82036
82226
82378
82408
82420
82688
82710
82792
82955
82969
82974
83520
83529
83612
83657
83706
83856
83881
84077
84173
84186
84654
84659
84688
84695
84814
84941
84969
85127
85212
85243
85409
85412
85445
85502
85515
85562
85615
85912
85923
86199
86233
86307
86425
86558
86968
87089
87101
87242
87265
87404
87497
87550
87720
87730
87818
87855
87860
87887
87918
88315
88321
88470
88486
88573
88579
88642
88658
88751
88858
88881
89090
89114
89218
89315
89377
89440
89552
89710
89809
89833
89895
90203
90415
90436
90501
90611
90825
90976
90980
91069
91146
91493
91624
91702
91727
91942
92037
92081
92275
92442
92483
92499
92532
92663
92692
93017
93046
93078
93140
93211
93268
93354
93451
93461
93552
93716
93718
93765
93913
94126
94164
94299
94309
94351
94532
94733
94889
95083
95484
95568
95616
95704
95761
95977
96036
96049
96239
96248
96311
96483
96523
96550
96586
96622
96686
96857
96988
97058
97065
97088
97112
97205
97296
97459
97644
97728
97992
98132
98257
98285
98388
98424
98546
98647
98887
98943
99176
99217
99263
99265
99277
99417
99506
99554
99685
99699
99904
100068
100116
100189
100251
100252
100283
100425
100548
100607
100800
101116
101221
101292
101336
101455
101492
101505
101544
101577
101668
101739
101796
101912
101947
101968
102196
102332
102378
102599
102822
102951
103016
103041
103161
103271
103378
103427
103566
103570
103771
103799
103814
103916
104068
104073
104074
104169
104239
104271
104328
104468
104629
104715
105254
105457
105553
105671
105809
106062
106157
106474
106486
106516
106657
106718
106840
106900
106958
106971
107300
107318
107475
107477
107485
107676
107947
107978
108187
108197
108263
108347
108358
108416
108540
108779
108797
108983
109156
109457
109507
109683
109703
109817
109939
110441
110524
110755
110883
110892
110948
111029
111200
111369
111401
111625
111677
111716
111792
111797
111836
111860
111903
112106
112362
112436
112558
112817
112832
112885
112933
113114
113654
113705
113869
114073
114095
114139
114305
114332
114382
114432
114697
114715
114752
114986
115033
115228
115282
115316
115368
115553
115652
115775
115834
115934
116121
116162
116493
116624
116778
116787
116928
116974
116981
116998
117070
117077
117341
117409
117508
117509
117554
117568
117630
117640
117659
117792
117851
118308
118317
118412
118462
118492
118494
118621
118769
118929
119044
119283
119341
119376
119391
119399
119462
119557
119680
119945
119951
119952
120265
120416
120496
120518
120758
120777
121021
121038
121061
121180
121197
121244
121291
121341
121632
121671
121736
121873
122053
122169
122576
122580
122619
122670
122777
122799
122852
122954
123060
123135
123213
123256
123401
123420
123679
124210
124251
124337
124450
124457
124517
124546
124684
124787
124990
125032
125089
125190
125210
125225
125790
125849
125951
125956
125974
126052
126219
126459
126489
126563
126604
126670
126826
126841
126842
126864
126944
126958
127091
127341
127555
127598
127636
127787
127842
128025
128464
128575
128676
128679
129209
129225
129285
129357
129628
129694
129869
130079
130156
130197
130204
130392
130537
130698
130729
130826
130982
131140
131193
131405
131512
131861
131969
131996
132129
132131
132265
132374
132382
132386
132442
132447
132468
132529
132533
132560
132953
133127
133144
133192
133328
133352
133428
133763
133781
133911
133960
133978
134343
134503
134594
134610
134640
134697
134817
134912
134948
134956
135007
135019
135087
135108
135137
135254
135407
135428
135450
135587
135773
136171
136172
136279
136289
136319
136531
136593
136594
136634
137012
137043
137253
137380
137410
137432
137456
137520
137738
137755
137796
138076
138204
138227
138479
138565
138597
138873
139026
139373
139380
139554
139557
139573
139677
139843
140123
140281
140543
140677
140981
141072
141165
141789
141876
141970
141985
142061
142071
142379
142487
142557
142605
142624
142655
142680
142725
142780
142930
142972
142981
143096
143175
143209
143232
143373
143416
143581
143611
143653
144230
144233
144276
144353
144396
144416
144470
144852
144890
144920
144999
145006
145011
145130
145380
145449
145486
145529
145674
145723
145763
145774
145815
145993
146124
146128
146195
146211
146252
146370
146498
146584
146637
146658
146766
146770
146830
146902
146989
147000
147031
147184
147210
147247
147497
147537
147630
147867
147895
147922
147959
148001
148266
148360
148382
148406
148425
148428
148473
148477
148617
148628
148824
148886
149203
149258
149297
149324
149559
149772
149860
149868
149957
149962
149964
150001
150086
150106
150144
150231
150253
150258
150274
150337
150461
150480
150482
150511
150729
150755
150806
150918
150989
151119
151280
151368
151400
151627
151657
151695
151701
151816
151856
151866
151949
151951
151983
152112
152421
152499
152609
152677
152720
152790
152894
152974
153292
153606
153643
153645
153865
153868
153903
154062
154076
154138
154307
154340
154536
154563
155045
155053
155060
155065
155072
155206
155252
155486
155608
155632
155703
155862
155994
156068
156148
156206
156257
156392
156605
156689
156773
156794
156827
156846
156956
156971
156986
156995
157127
157148
157198
157206
157339
157589
157633
157640
157641
157704
157753
157841
157861
158171
158315
158521
158533
159011
159237
159262
159425
159549
159578
159736
159918
159968
160071
160146
160374
160466
160519
160563
160569
160685
160691
160986
161095
161135
161167
161305
161308
161405
161422
161565
161609
161673
161703
161861
161893
162001
162004
162188
162343
162433
162518
162551
162732
162759
162896
163028
163047
163070
163192
163405
163630
163886
163887
164083
164191
164624
164693
164818
164849
165118
165324
165390
165453
165454
165482
165531
165554
165600
165611
165912
165947
165960
166187
166240
166262
166346
166381
166415
166472
166473
166585
166594
166667
166729
166880
166959
167155
167221
167308
167518
167623
167701
167844
167922
168176
168193
168202
168225
168290
168467
168481
168662
169051
169216
169286
169348
169557
169563
169567
169648
169912
169934
170198
170205
170358
170379
170478
170553
170569
170736
170823
170858
170939
171106
171260
171357
171446
171493
171503
171561
171699
171836
172138
172162
172521
172552
172585
172632
172689
172821
172838
172861
173004
173273
173300
173317
173376
173381
173588
173604
173728
173800
174132
174180
174435
174438
174476
174519
174760
174805
174949
175099
175110
175124
175208
175220
175221
175649
175760
175803
175838
175930
175966
175982
176402
176525
176850
176868
176910
176934
177047
177170
177276
177326
177341
177346
177379
177445
177613
177681
177687
177773
177797
177824
177871
178093
178240
178243
178288
178294
178382
178460
178473
178627
178725
178803
178852
179005
179006
179034
179053
179057
179257
179337
179361
179623
179786
179977
180343
180494
180524
180528
180533
180569
180576
180645
180713
180716
180838
180841
181172
181494
181530
181655
181801
181844
181966
182067
182093
182140
182186
182275
182478
182554
182613
182772
182880
182931
183046
183216
183218
183430
183433
183551
183607
183624
183749
183795
183796
183825
183848
183879
183982
184026
184124
184126
184193
184212
184248
184299
184403
184415
184438
184479
184515
184528
184541
184622
184640
184649
184680
184702
185333
185408
185421
185495
185564
185642
185649
185669
185691
185701
185730
185736
185910
185920
186086
186285
186345
186348
186353
186454
186477
186514
186583
186660
186802
186932
187066
187135
187194
187302
187509
187706
187761
187770
187849
187877
187882
187916
188149
188165
188310
188538
188569
188626
188774
188775
188905
188961
189159
189174
189195
189257
189279
189306
189313
189325
189372
189482
189559
189615
189720
189736
189814
189869
190024
190050
190346
190479
190530
190683
190789
190894
190970
190991
191004
191019
191057
191061
191099
191227
191262
191433
191460
191491
191602
191683
191724
192015
192084
192230
192426
192500
192744
192758
193090
193208
193305
193382
193406
193551
193585
193721
193736
193746
193959
194076
194159
194290
194349
194381
194444
194497
194507
194674
194682
194862
195112
195119
195162
195206
195236
195330
195338
195491
195651
195661
195716
195784
195824
195825
195944
195947
195982
196018
196249
196324
196502
196508
197013
197146
197166
197205
197266
197341
197344
197382
197597
197684
197699
197712
197714
197838
198007
198108
198178
198317
198390
198434
198717
198740
199519
199762
199885
199919
199927
200002
200027
200056
200437
200545
200686
200810
201065
201090
201094
201098
201112
201118
201281
201309
201312
201368
201490
201501
201539
201546
201637
201654
201961
201965
202013
202018
202239
202514
202527
202529
202541
202690
202965
203018
203228
203339
203381
203612
203679
203778
203831
204359
204376
204378
204379
204516
204632
204774
205131
205139
205288
205310
205608
205625
205876
205973
206022
206028
206098
206128
206148
206180
206291
206340
206386
206465
206477
206493
206533
206535
206801
206805
206941
207340
207369
207504
207545
207547
207556
207631
207747
207826
208003
208102
208144
208157
208267
208318
208740
208750
208844
209193
209275
209281
209425
209510
209608
209735
209833
210084
210116
210125
210132
210172
210223
210473
210632
210685
210800
210919
211012
211193
211254
211328
211560
211609
211684
211835
211947
212046
212086
212150
212166
212333
212579
212676
212741
212745
212781
212802
212822
212883
213034
213230
213321
213384
213435
213447
213475
213488
213517
213621
213647
213730
213810
214169
214291
214352
214367
214375
214532
214711
214803
214974
215084
215110
215163
215207
215381
215413
215420
215486
215509
215795
215871
216122
216177
216311
216344
216367
216392
216400
216587
216643
216699
216727
216826
216863
216908
217013
217062
217174
217252
217542
217564
217772
217879
218055
218069
218209
218308
218350
218360
218685
218823
218836
218912
219282
219498
219759
219940
220060
220168
220225
220367
220383
220585
220613
220663
220701
220967
221076
221098
221101
221201
221420
221441
221569
221596
221645
221689
221728
221972
222098
222279
222390
222462
222481
222580
222585
222778
222851
222928
222931
223178
223280
223340
223604
223702
223733
223754
223777
223835
223877
224227
224230
224281
224561
224847
224914
225083
225136
225236
225263
225266
225279
225555
225740
225812
225891
225916
226108
226139
226188
226216
226417
226424
226470
226530
226549
226849
227069
227250
227302
227314
227437
227645
227710
227914
227923
228094
228116
228208
228252
228360
228534
228634
228862
228938
229060
229227
229321
229345
229451
229457
229513
229598
229608
229642
229823
229885
229907
229974
229996
230051
230104
230189
230205
230403
230755
230792
230899
230901
230937
230970
231154
231279
231384
231413
231441
231942
231952
231968
232068
232078
232165
232206
232234
232272
232367
232466
232491
232591
232592
232593
232675
232755
232809
232923
233013
233167
233415
233532
233717
233723
233847
233854
234005
234126
234167
234271
234481
234551
234567
234584
234606
234728
234750
234967
235232
235467
235528
235646
235714
235789
235879
235906
235919
235984
236196
236284
236562
236632
236736
236772
236776
236828
236887
236933
237275
237286
237318
237342
237367
237795
237805
237961
238041
238087
238107
238131
238146
238186
238258
238440
238491
238492
238638
238817
239089
239191
239216
239248
239528
239573
239681
240031
240099
240210
240249
240431
240639
240812
240870
240921
241034
241045
241048
241069
241265
241468
241527
241578
241696
241734
241774
242022
242093
242122
242337
242578
242785
242796
242977
243048
243057
243152
243201
243307
243336
243392
243621
243677
243681
244079
244288
244299
244319
244325
244336
244362
244713
244723
244775
244962
245035
245079
245438
245464
245561
245569
245738
245884
245891
245949
246027
246154
246177
246304
246366
246405
246662
246934
247004
247026
247249
247333
247369
247432
247443
247480
247558
247595
247599
247718
247735
247827
247912
248057
248169
248184
248278
248323
248429
248608
248622
248671
249057
249081
249166
249201
249300
249439
249458
249490
249601
249632
249831
249925
250012
250221
250307
250353
250425
250472
250475
250753
251028
251057
251090
251133
251213
251314
251324
251326
251426
251518
251566
251567
251821
251850
251854
251861
251922
251943
252002
252226
252246
252266
252316
252455
252495
252496
252582
252825
252881
252930
252970
253012
253014
253016
253083
253292
253358
253368
253382
253451
253558
253692
253704
253726
253876
253877
253881
253900
254098
254385
254500
254848
255130
255145
255232
255383
255430
255487
255673
255828
255851
256015
256026
256248
256451
256522
256625
256714
256886
256973
257135
257139
257183
257233
257318
257490
257543
257735
257810
257815
257826
257874
257918
257962
258081
258121
258208
258235
258305
258371
258403
258481
258731
258809
258854
258945
259098
259100
259316
259348
259356
259429
259675
259779
259831
259836
260060
260084
260124
260278
260311
260326
260331
260365
260490
260524
260611
260701
260729
260738
260745
260779
260788
260994
261008
261088
261157
261232
261687
261976
262087
262213
262222
262389
262492
262636
262655
262666
262700
262890
263053
263072
263137
263507
263515
263784
263791
263929
263956
263984
263992
264013
264042
264084
264265
264644
264682
264699
264761
264776
264783
265219
265365
265418
265593
265720
265880
265906
265967
266194
266231
266239
266340
266548
266720
266784
266922
267033
267311
267390
267426
267525
267535
267773
267925
267965
268006
268012
268150
268376
268455
268456
268554
268618
268727
268837
268841
268899
268913
269162
269249
269277
269298
269317
269476
269514
269538
270279
270306
270359
270429
270671
270705
271122
271214
271502
271565
271589
271607
272170
272174
272316
272403
272404
272509
272536
272649
272709
272948
272955
273663
273770
273785
273877
274051
274189
274439
274535
274685
274726
274780
274797
274880
274946
275175
275190
275382
275420
275440
275480
275722
275726
275773
275894
275950
276000
276247
276354
276423
276560
276840
276892
277148
277224
277310
277603
277676
277690
277772
277906
278045
278111
278246
278266
278375
278470
278478
278502
278673
278792
278796
278851
279218
279230
279351
279434
279485
279510
279514
279573
279626
279643
279736
279852
279912
279929
280000
280093
280228
280412
280536
280752
281193
281259
281642
281677
281706
281969
282257
282287
282290
282314
282345
282347
282414
282437
282735
282751
282764
283270
283347
283442
283672
283934
283992
284109
284587
284609
284702
284791
284914
284973
285022
285172
285266
285440
285496
285559
285679
285684
285696
285884
285950
286365
286401
286533
286654
286687
286726
286855
286895
287079
287359
287362
287424
287706
287774
288178
288266
288418
288510
288521
288575
288624
288674
289042
289063
289187
289515
289678
289758
289792
289847
289970
290007
290041
290346
290625
291062
291068
291079
291128
291185
291234
291275
291281
291300
291303
291408
291566
291800
291847
291926
291992
292293
292309
292361
292391
292642
292672
292788
292904
292983
293066
293068
293127
293210
293383
293427
293517
293617
293776
293874
293909
293929
293970
294061
294097
294259
294381
294835
294929
295015
295025
295337
295415
295417
295426
295465
295736
295784
295792
295807
295938
296151
296332
296336
296337
296346
296467
296706
296737
296892
296979
297031
297180
297242
297267
297299
297376
297399
297486
297522
297691
297737
297741
297890
298192
298282
298315
298401
298816
299111
299125
299180
299193
299280
299341
299522
299568
299653
299655
299658
299678
299687
299764
300059
300060
300179
300226
300336
300475
300493
300539
300623
300662
300801
300805
300837
300923
300967
300998
301021
301034
301038
301067
301343
301349
301390
301394
301442
301654
301749
301790
301822
301883
301976
302069
302226
302345
302396
302557
302638
302665
302791
302828
302926
303066
303136
303211
303239
303335
303390
303592
303682
303687
303697
303750
303992
304022
304083
304107
304129
304236
304247
304311
304327
304347
304363
304407
304411
304449
304493
304533
304584
304588
304633
304704
304755
304946
305242
305248
305364
305446
305473
305588
305635
305658
305989
306121
306146
306298
306319
306476
306645
306676
306793
306800
306897
307129
307171
307467
307489
307547
307703
307710
307762
307871
307924
308095
308215
308320
308555
308590
308598
308774
308822
308938
309097
309105
309215
309243
309251
309330
309464
309507
309515
309727
309864
309912
309958
310008
310056
310110
310253
310745
311054
311156
311286
311318
311388
311414
311512
311560
311722
311728
311789
311989
312005
312053
312132
312188
312296
312442
312580
312707
312761
312921
313003
313325
313326
313616
313681
313709
313935
314104
314154
314458
314616
314690
314740
315099
315266
315292
315409
315437
315516
315730
315862
315882
316085
316166
316167
316168
316355
316357
316807
316900
316914
316931
317131
317189
317224
317225
317421
317548
317618
317647
317674
317703
317725
317735
317781
317830
318171
318301
318376
318449
318754
318851
319005
319091
319208
319221
319328
319350
319376
319379
319456
319524
319534
319577
319764
319782
319835
319965
320054
320159
320410
320535
320759
320760
320763
320804
320843
320861
320927
320933
321214
321308
321351
321412
321727
321813
321861
321872
322008
322058
322070
322146
322189
322219
322284
322330
322366
323027
323196
323454
323608
323801
324020
324100
324113
324161
324354
324384
324516
324580
324584
324759
324813
324831
324862
324882
324896
324933
324945
325339
325353
325405
325515
325528
325598
325813
326015
326285
326302
326331
326439
326534
326613
326620
326621
326629
326711
326807
326810
326869
327041
327172
327207
327519
327546
327554
327657
327687
327779
327819
327853
327858
327903
327951
327984
328022
328161
328194
328232
328249
328322
328412
328414
328642
328819
328861
328891
328995
329145
329200
329276
329325
329459
329477
329521
329667
329761
329810
330048
330125
330160
330241
330312
330353
330421
330432
330482
330539
330638
330835
330880
331088
331142
331333
331360
331374
331781
332052
332208
332387
332440
332498
332502
332628
332650
332762
332822
332930
332987
333121
333214
333269
333287
333292
333443
333501
333653
333823
333942
334266
334285
334313
334317
334331
334514
334519
334608
334613
334943
335097
335125
335452
335453
335670
335770
335863
335982
336023
336083
336107
336190
336373
336450
336482
336545
336660
336674
336692
336718
337053
337207
337236
337389
337459
337473
337478
337545
337773
337899
337962
338012
338055
338484
338782
339085
339287
339327
339348
339365
339401
339634
339928
339931
340051
340179
340310
340365
340470
340495
340605
340630
340663
340794
340879
340980
341309
341411
341433
341450
341526
341603
341648
341902
341942
341991
342015
342159
342190
342261
342566
342755
342826
342835
342901
342951
342960
343021
343283
343386
343456
343566
343619
343627
343645
343647
343862
343905
344016
344132
344223
344581
344612
344717
344719
344736
344794
344866
345033
345034
345134
345174
345325
345361
345399
345437
345501
345675
345862
346079
346159
346235
346237
346317
346516
346543
346633
346678
346843
346879
346933
347135
347216
347285
347307
347341
347409
347682
347726
347870
348139
348199
348253
348339
348425
348456
348459
348595
348599
348692
348702
348760
348916
349055
349506
349539
349969
350138
350456
350475
350590
350746
350787
350978
350987
351042
351100
351133
351140
351164
351251
351320
351395
351605
351890
351964
352173
352251
352457
352586
352792
353036
353041
353196
353253
353361
353385
353410
353463
353725
354598
354615
354831
355040
355050
355140
355158
355242
355269
355317
355549
355920
356017
356138
356197
356326
356508
356523
356545
356639
356879
356967
357151
357296
357352
357532
357703
357839
357888
358004
358035
358037
358088
358402
358618
358833
358932
359036
359176
359190
359224
359486
359501
359576
359600
359627
359628
359773
359832
359935
360071
360106
360113
360121
360151
360493
360564
360584
360745
360793
361171
361180
361203
361210
361342
361397
361427
361470
361480
361514
361527
361604
361670
361865
362127
362413
362460
362565
362619
362782
363166
363215
363297
363564
363627
363655
363848
363880
364001
364152
364340
364774
364990
365043
365101
365112
365122
365326
365459
365573
365631
365697
365784
365907
366130
366150
366420
366575
366597
366670
366723
366801
366861
367171
367651
367692
367967
368023
368063
368089
368168
368383
368587
368686
368711
368741
368836
368869
368972
369074
369176
369495
369536
369583
369723
369810
369993
370004
370101
370186
370640
370801
370881
370965
370976
371078
371174
371220
371244
371277
371289
371326
371367
371374
371538
371551
371608
371888
372012
372031
372262
372273
372297
372513
372648
373241
373313
373660
373774
373778
373787
373888
373897
373929
373953
373966
374013
374150
374206
374233
374333
374397
374689
374765
374994
375031
375092
375132
375152
375195
375200
375311
375358
375419
375501
375558
375614
375675
375730
375760
375852
375895
376099
376130
376211
376281
376375
376735
376961
376997
377065
377399
377433
377451
377457
377471
377594
377603
377712
377720
377757
377910
378017
378100
378136
378328
378402
378741
379092
379268
379346
379397
379402
379428
379549
379614
379620
379754
379864
379940
380019
380031
380094
380101
380232
380425
380429
380435
380473
380496
380856
381063
381083
381294
381369
381742
381752
381833
381911
382089
382115
382120
382140
382151
382165
382332
382354
382406
382567
382601
382695
382717
382796
382838
383296
383406
383470
383556
383763
383877
384260
384385
384532
384605
385033
385046
385262
385290
385466
385925
385930
385932
386030
386070
386088
386147
386149
386303
386406
386508
386590
386642
386655
386743
386756
386804
386807
387090
387120
387135
387393
387556
387592
387891
388095
388153
388278
388313
388333
388350
388447
388518
388571
388680
388797
388810
388855
388907
388923
388936
389282
389391
389781
389908
390014
390175
390304
390316
390415
390609
390614
390829
390932
390955
391058
391324
391447
391619
391707
391765
391800
392061
392088
392228
392391
392405
392439
392565
392626
392648
392712
392986
393170
393252
393588
393648
393843
393873
393887
394391
394756
394902
394903
394918
395035
395041
395043
395336
395457
395508
395806
395906
395913
396006
396068
396192
396207
396231
396293
396532
396615
396709
396715
396818
396930
396975
397409
397545
397641
397746
397870
397941
397982
398048
398053
398184
398395
398514
398877
399009
399068
399080
399145
399220
399316
399580
399649
399670
399770
399788
399791
400247
400369
400461
400654
400710
400750
401096
401161
401335
401395
401472
401560
401637
401864
401923
401996
402041
402189
402528
402887
402943
403054
403159
403243
403258
403338
403364
403408
403422
403459
403495
403592
403906
403953
404053
404093
404241
404316
404356
404423
404658
404778
404856
404985
405096
405122
405241
405494
405616
405629
405732
405987
405988
406006
406016
406181
406262
406339
406349
406443
406597
406702
406855
406947
407080
407082
407149
407313
407465
407650
407834
407896
407922
408041
408066
408132
408212
408219
408469
408582
408715
408779
408787
408906
408976
408977
409088
409172
409206
409310
409361
409735
409770
409953
410074
410093
410166
410192
410304
410328
410329
410580
410584
410611
410663
410827
410858
411004
411383
411437
411447
411526
411650
411724
411769
411845
411912
412082
412089
412107
412118
412152
412356
412695
412698
412849
412902
412908
413020
413099
413116
413142
413292
413475
413643
413858
413893
414045
414050
414078
414407
414419
414526
414590
414718
414934
415153
415164
415167
415176
415200
415246
415322
415551
415905
415909
415985
416087
416120
416253
416471
416494
416511
417091
417292
417378
417398
417659
417720
417751
418268
418396
419145
419335
419350
419384
419490
419501
419643
419654
419805
419898
419914
419929
419946
420039
420089
420227
420298
420566
420651
420841
420877
421146
421510
421521
421581
421674
421946
421965
422084
422164
422299
422334
422420
422430
422579
422632
422913
422978
423159
423198
423260
423264
423315
423396
423443
423526
423599
423750
423798
423892
424006
424177
424249
424274
424301
424340
424475
424525
424583
424748
424874
424948
425254
425585
425782
425860
426045
426110
426354
426435
426703
426763
427010
427018
427084
427228
427325
427348
427431
427511
427538
427787
427877
427955
427960
428009
428081
428109
428254
428279
428318
428346
428454
428457
428635
428701
428810
429109
429173
429209
429552
429597
429769
429849
429877
429958
430037
430074
430079
430107
430180
430202
430205
430720
430859
431023
431088
431204
431233
431419
431501
431675
431699
431715
431759
431813
432005
432073
432099
432226
432262
432276
432293
432311
432536
432728
433026
433029
433311
433314
433541
433719
433749
433901
433995
434012
434093
434115
434181
434504
434596
434634
434872
434876
434936
435242
435479
435588
435636
435682
435786
435828
435876
435884
435920
436614
436683
436790
436824
436853
436959
437006
437068
437111
437118
437504
437637
437700
437727
437818
437885
437958
438003
438046
438224
438239
438255
438266
438308
438316
438370
438520
438717
439010
439140
439246
439501
439614
439896
439941
439945
440146
440183
440233
440409
440416
440501
440913
440918
440976
441005
441246
441263
441358
441404
441759
441928
441963
442045
442376
442471
442539
442652
442733
442910
443016
443176
443187
443295
443453
443484
443550
443563
443607
443674
443692
443745
443759
443833
443922
443984
444052
444084
444165
444251
444437
444494
444517
444850
444880
444946
445046
445072
445083
445222
445225
445555
445708
445755
446043
446239
446278
446301
446419
446474
446495
446626
446783
446813
446969
446991
447112
447160
447173
447277
447282
447653
447674
447789
448058
448096
448106
448306
448352
448469
448477
448539
448972
448987
448988
448997
449000
449003
449016
449040
449058
449105
449145
449173
449435
449559
449644
449855
449868
449885
450214
450298
450365
450373
450417
450474
450518
450532
450545
450578
450628
450676
450714
450785
451070
451222
451261
451266
451366
451397
451508
451899
451961
452131
452181
452344
452455
452538
452540
452573
452576
452583
452599
452620
452714
452997
453056
453334
453347
453451
453509
453570
453600
453604
453652
453877
454015
454070
454216
454643
454703
454880
455025
455099
455140
455326
455360
455479
455640
455651
455682
455696
455726
455770
456098
456152
456197
456545
456550
456637
456725
456852
456874
456918
456958
457054
457223
457251
457371
457450
457547
457726
457908
458068
458110
458166
458292
458461
458541
458826
458866
458928
458947
459014
459072
459073
459090
459319
459352
459888
459945
460015
460132
460226
460232
460366
460370
460388
460393
460421
460463
460555
460602
460760
460923
460928
461334
461367
461529
461548
461576
461577
461623
461706
461810
461955
462159
462198
462323
462466
462486
462560
462593
462664
462685
462739
462766
462885
462951
463029
463083
463155
463242
463281
463538
463554
463752
464181
464204
464255
464256
464298
464375
464384
464560
464725
464807
464824
464936
464984
465041
465269
465272
465370
465467
465586
465609
465682
465715
465746
465877
466280
466332
466444
466615
466652
466704
466827
466850
467001
467066
467780
467906
467955
467961
468063
468155
468159
468229
468302
468327
468657
468676
468755
468821
468904
468939
468950
469023
469044
469415
469446
469451
469542
469636
469961
470092
470095
470125
470189
470435
470655
470774
470788
470830
470886
470977
471029
471044
471112
471144
471194
471245
471376
471619
471723
471772
471828
471829
471871
472033
472212
472314
472483
472695
472927
473053
473219
473269
473463
473506
473717
473777
473789
473827
473839
473865
473943
473979
474048
474054
474197
474222
474288
474336
474379
474387
474581
474772
474914
474929
475002
475063
475109
475176
475269
475328
475435
475471
475536
475556
475634
475662
475739
475827
475878
476006
476250
476392
476485
476615
476683
476779
477089
477190
477278
477300
477383
477453
477483
477501
477508
477523
477524
477549
477723
477808
477813
477862
478006
478091
478100
478125
478173
478196
478207
478255
478313
478331
478436
478552
478608
478640
478664
478671
478696
479101
479118
479124
479242
479253
479271
479397
479521
479556
479584
479648
479673
479728
479748
479799
479811
479866
479893
479960
480025
480050
480116
480134
480175
480321
480574
480661
480854
481190
481196
481632
482163
482237
482342
482484
482792
482876
483053
483142
483191
483279
483373
483458
483984
484014
484064
484150
484407
484464
484479
484615
484653
484663
484850
484864
484874
484904
485024
485286
485310
485336
485344
485352
485532
485726
485872
485898
485953
486147
486248
486384
486389
486542
486561
486747
487017
487155
487430
487565
487693
487701
487751
487814
487929
487948
488068
488365
488409
488423
488456
488537
488624
488691
488815
489070
489172
489249
489254
489650
489687
489737
489749
490040
490107
490210
490346
490482
490542
490552
490646
490944
490993
491055
491080
491097
491246
491293
491295
491327
491379
491389
491471
491505
491515
491575
491582
491665
491699
491701
491908
491927
491948
491986
492207
492269
492542
492695
492802
493027
493036
493094
493154
493291
493380
493400
493524
493566
493586
493727
493925
494051
494070
494116
494187
494193
494353
494493
494809
494864
494879
494901
495213
495293
495517
495532
495659
495760
495891
496045
496126
496156
496241
496254
496288
496291
496545
496611
496695
496697
496829
496903
496906
496938
496993
497333
497415
497528
497810
497994
498074
498156
499082
499124
499128
499264
499324
499355
499461
499500
499697
499994
500088
500189
500212
500238
500248
500286
500384
500422
500649
501045
501351
501511
501519
501551
501669
501706
501763
501841
501906
501907
501914
501936
502014
502118
502183
502288
502381
502389
502413
502520
502640
502811
503323
503485
503699
504019
504022
504219
504251
504710
504807
505010
505088
505119
505168
505192
505424
505773
505894
506106
506226
506461
506604
506616
506817
507026
507041
507048
507142
507404
507472
507477
507501
507565
507709
507731
507747
507774
507845
507926
507973
508020
508060
508190
508191
508209
508254
508273
508290
508314
508369
508424
508428
508524
508599
508854
508871
508880
509071
509134
509485
509511
509700
509827
509829
509837
509884
509977
510009
510100
510109
510419
510433
510769
510780
510858
510898
511269
511294
511380
511383
511519
511570
511998
512000
512005
512016
512052
512094
512171
512336
512476
512543
512556
512635
512810
513034
513142
513266
513270
513271
513274
513382
513432
513447
513570
513643
513741
514013
514125
514138
514381
514427
514648
514709
514762
514835
515014
515641
515885
516162
516199
516291
516440
516584
516790
516811
516933
517074
517168
517225
517322
517511
517781
517810
517964
518081
518085
518118
518328
518445
518505
518602
518615
518655
518762
518780
518990
519045
519074
519222
519226
519395
519539
519605
519855
519883
519892
519997
520082
520229
520241
520446
520547
520623
520715
520772
520808
521050
521172
521182
521192
521292
521301
521337
521477
521730
521737
521785
521864
522024
522050
522119
522166
522238
522244
522296
522489
522570
522667
522679
522729
522730
522814
522857
522975
523015
523028
523219
523363
523369
523723
523761
523814
523816
523929
524003
524141
524189
524215
524351
524404
524428
524436
524504
524513
524859
525048
525128
525329
525501
525590
525661
525672
525716
525989
526107
526207
526215
526385
526461
526533
526714
526794
526885
526941
527042
527305
527340
527370
527553
527638
527682
527695
527721
527819
528173
528184
528231
528245
528333
528372
528425
528430
528459
528524
528722
528829
528962
529029
529090
529169
529277
529364
529410
529506
529587
529600
529615
529669
529704
529776
529804
529919
529936
530049
530127
530204
530283
530576
530764
530785
530879
530943
531031
531134
531438
531488
531805
531848
531891
531991
532155
532340
532669
532774
532838
532926
532974
533035
533111
533125
533293
533436
533498
533874
533941
533957
534048
534120
534146
534189
534314
534463
534507
534781
534817
534960
535010
535011
535073
535074
535263
535299
535358
535451
535542
535572
535575
535612
535614
535835
535964
536035
536065
536475
536677
536686
536696
536714
536751
536758
536995
537033
537053
537166
537680
537757
537762
537768
537962
538108
538128
538196
538224
538315
538518
538533
538663
538839
538930
538989
539064
539078
539101
539187
539266
539701
539726
539793
539986
540002
540083
540199
540212
540225
540376
540413
540481
540662
540716
540757
540971
541006
541135
541154
541371
541681
541683
541825
541847
541885
541988
542165
542182
542419
542489
542581
542644
542748
542751
542760
542776
542923
542956
543151
543202
543204
543239
543395
543403
543482
543488
543600
543751
543896
543908
544003
544005
544139
544263
544361
544577
544801
544891
544955
544996
545097
545216
545245
545284
545296
545624
545630
545657
545771
545821
545924
545986
545993
546105
546184
546424
546450
546690
546774
546777
546849
546973
547012
547459
547505
547518
547533
547720
547881
547957
548231
548381
548727
549122
549138
549205
549264
549440
549466
549474
549510
549734
549839
549845
549869
549929
550165
550225
550241
550406
550421
550600
550649
550754
550925
551043
551116
551146
551187
551312
551382
551510
551527
551562
551628
551675
551817
551876
552068
552123
552435
552441
552466
552716
552718
552782
552893
553132
553304
553476
553487
553514
553704
553722
553793
553817
553826
554010
554074
554242
554335
554454
554470
554570
554639
554750
554868
554898
554926
554979
555175
555563
555587
555640
555673
555829
555836
555986
556173
556338
556432
556446
556483
556531
556549
556560
556804
556887
556891
556951
556976
557047
557113
557249
557330
557334
557340
557426
557432
557483
557493
557612
557826
557878
557989
558028
558337
558559
558612
558673
558763
558859
558955
559026
559083
559095
559102
559296
559562
559572
559637
559976
560153
560172
560266
560318
560388
560697
560757
560786
561104
561136
561191
561208
561210
561400
561410
561424
561534
561750
561798
561892
561908
562045
562225
562286
562354
562543
562569
562640
562645
562650
562701
562728
562916
563055
563087
563092
563151
563361
563376
563471
563529
563895
564048
564129
564279
564456
564482
564491
564676
564813
564832
564854
564863
565011
565024
565031
565080
565086
565117
565119
565177
565326
565511
565612
565734
566000
566002
566104
566170
566356
566452
566734
566770
566872
567024
567083
567103
567221
567281
567401
567605
567642
567719
567753
567792
567972
568007
568060
568085
568204
568255
568263
568374
568709
568774
568780
568903
568993
569042
569052
569072
569289
569301
569782
569813
569911
569958
570080
570106
570109
570116
570259
570292
570505
570595
570670
570830
570851
570893
571217
571266
571406
571530
571688
571748
571764
571828
571941
571947
572589
572805
572827
572862
572867
572911
572918
573064
573241
573386
573576
573621
573875
574012
574190
574387
574515
574544
574580
574659
574682
574759
574765
574791
574864
574892
574912
574950
574952
575152
575185
575186
575467
575566
575744
576011
576140
576227
576290
576626
576961
576980
577073
577136
577160
577201
577539
577586
577627
577660
577662
577986
578056
578196
578202
578305
578373
578536
578551
578581
578589
578627
578696
578897
578916
579006
579257
579314
579489
579540
579956
579967
580009
580049
580164
580251
580343
580352
580485
580634
580785
580827
580909
580989
581218
581241
581257
581320
581598
581641
581745
581771
581794
581975
581984
582070
582144
582318
582365
582551
582627
582704
582965
583065
583188
583191
583281
583322
583514
583624
584018
584191
584233
584325
584375
584599
584729
584872
584887
584984
585178
585422
585464
585497
585550
585653
585874
585902
586952
587012
587091
587207
587266
587340
587344
587382
587470
587476
587491
587641
587725
587805
588020
588038
588338
588397
588421
588488
588580
588700
588808
588887
588914
589262
589278
589412
589427
589481
589496
589540
589557
589699
589708
589726
589732
589775
589804
589827
589934
590278
590432
590498
590580
590661
590669
590674
590676
591151
591161
591268
591280
591547
591581
591586
591653
591741
592013
592128
592179
592327
592633
592704
592711
592849
593019
593296
593348
593359
593423
593566
593602
593755
594232
594283
594325
594440
594514
594574
594707
594809
594821
595075
595224
595269
595277
595335
595389
595405
595533
595781
595964
595979
596216
596279
596384
596407
596480
596560
596582
596605
596655
596686
596723
596752
596796
596953
596967
597065
597090
597111
597318
597344
597346
597461
597492
597621
597900
597908
597939
597957
598002
598280
598522
598690
598703
598799
598802
598941
599068
599159
599365
599368
599430
599589
599598
599811
599962
600252
600389
600658
600699
600762
600781
600879
601188
601259
601294
601325
601392
601417
601426
601584
601626
601952
601977
602001
602145
602179
602246
602249
602313
602439
602597
602623
602730
602824
603107
603116
603184
603208
603413
603415
603545
603554
603717
603963
604017
604051
604349
604436
604508
604645
604743
604772
604802
604809
604848
604855
604962
604980
605084
605142
605198
605299
605392
605732
605772
605953
606001
606084
606096
606143
606160
606462
606584
606629
606640
606710
606782
606796
606883
606918
606976
607209
607348
607352
607414
607639
608068
608197
608230
608436
608540
608567
608610
608831
609136
609174
609186
609187
609263
609280
609330
609667
609829
609901
609921
609935
609958
610050
610106
610142
610146
610186
610195
610209
610537
610602
610727
610750
610775
610791
611019
611132
611201
611230
611345
611386
611445
611563
611699
611759
612048
612082
612449
612662
612827
613149
613240
613322
613331
613503
613530
613702
613731
613741
613779
613799
613953
613967
614280
614369
614376
614388
614468
614479
614653
614758
614768
614906
615092
615107
615137
615329
615373
615428
615450
615455
615472
615652
615714
615887
615906
615980
615986
616119
616177
616479
616524
616650
616861
616907
616927
617302
617377
617739
617765
617947
618004
618147
618173
618206
618257
618267
618332
618399
618455
618662
618753
618981
618993
619008
619092
619159
619451
619485
619487
619634
619960
620005
620078
620104
620110
620188
620447
620571
620605
620796
620834
621051
621079
621149
621201
621229
621267
621485
621719
621729
621741
621824
621936
621997
622034
622324
622456
622594
622614
622953
622960
623008
623010
623016
623183
623278
623408
623464
623486
623579
623668
623698
623741
623754
623756
623768
623862
623867
623911
624056
624179
624455
624546
624606
624610
624663
624790
624960
625089
625111
625260
625289
625672
625827
625909
625994
626018
626113
626189
626200
626242
626384
626393
626414
626423
626428
626728
626883
626959
627036
627078
627165
627218
627528
627697
627802
627926
627927
628111
628239
628373
628627
628701
628725
628890
628907
628909
628951
628969
629016
629104
629240
629277
629284
629565
629764
629804
629879
629893
629918
629941
630048
630083
630159
630218
630339
630426
630444
630470
630471
630494
630512
630598
630924
631035
631344
631467
631545
631648
631886
632165
632168
632346
632435
632924
632962
632964
633030
633045
633160
633243
633407
633491
633645
633894
633956
634039
634111
634164
634181
634311
634413
634446
634627
634636
634719
634757
634793
635201
635381
635524
635569
635606
635611
635633
635738
635930
635931
636061
636081
636153
636225
636246
636328
636343
636551
636619
636651
636740
636771
636841
636926
636996
637135
637207
637265
637281
637351
637571
637757
637833
637936
637947
637977
638144
638146
638194
638352
638446
638631
638684
638691
638699
638889
638901
638926
638943
638989
639062
639129
639168
639196
639311
639497
639559
639735
639772
639775
639798
640001
640518
640612
640695
640850
640924
640965
641076
641159
641211
641213
641222
641397
641456
641526
641545
641574
641768
641772
641859
641897
641911
641914
641949
642103
642222
642238
642417
642636
642650
642716
642750
643031
643301
643536
643548
643599
643608
643628
643681
643806
643900
643907
644043
644239
644265
644271
644524
644573
644868
644918
645020
645061
645288
645340
645357
645451
645472
645515
645571
645622
645746
645810
645891
646000
646168
646241
646398
646417
646461
646668
646709
646816
647058
647060
647331
647425
647538
647554
647683
647730
647776
647794
647809
647859
647980
648029
648202
648251
648365
648448
648476
648509
648551
648686
648901
649008
649174
649204
649468
649518
649566
649619
649668
649825
649941
650036
650049
650165
650241
650333
650413
650435
650524
650579
650708
650807
650995
651155
651158
651175
651204
651232
651416
651531
651651
651656
651664
651720
651915
651940
651985
652047
652164
652604
652698
652814
652822
652914
653203
653206
653518
653556
653699
653777
653848
653895
653972
654287
654305
654333
654395
654409
654645
654692
654720
654797
654884
655149
655191
655220
655253
655448
655482
655520
655539
655573
655576
655583
655661
656003
656010
656029
656195
656203
656455
656500
656656
656754
656859
657219
657329
657377
657433
657440
657445
657500
657574
657618
657710
657787
658167
658188
658258
658482
658669
658689
658736
659021
659069
659245
659249
659354
659470
659591
659837
659875
659907
659954
660016
660046
660125
660201
660492
660512
660553
660568
660578
660629
660727
660861
660930
660948
661017
661052
661089
661147
661197
661261
661340
661498
661524
661690
661715
661750
661795
661881
661883
661937
662025
662113
662225
662298
662302
662357
662603
662909
662962
662974
663102
663113
663138
663187
663219
663312
663323
663342
663351
663423
663428
663570
663593
663676
664025
664081
664309
664389
664435
664570
664641
664682
664926
664961
664972
665043
665095
665310
665360
665366
665494
665630
665722
665739
666150
666192
666193
666213
666897
666914
667018
667132
667183
667204
667256
667312
667335
667727
667848
668006
668142
668242
668280
668577
668607
668619
668646
669026
669232
669237
669314
669481
669498
669758
669768
669891
670193
670269
670345
670408
670504
670528
670660
670748
670811
670920
670988
670990
671046
671189
671290
671338
671395
671516
671542
671601
671621
671770
672024
672158
672200
672335
672569
672967
673002
673064
673157
673379
673386
673392
673443
673882
674068
674206
674219
674341
674376
674405
674575
674678
674945
675114
675177
675243
675272
675391
675422
675482
675497
675568
675598
675750
675792
675815
675839
675945
676044
676096
676186
676220
676251
676278
676439
676559
676646
676705
676706
676805
677009
677047
677192
677426
677457
677563
677568
677674
677776
677858
677980
678067
678255
678404
678406
678470
678565
678594
678694
679007
679301
679352
679371
679372
679395
679761
679883
679970
680036
680155
680317
680383
680431
680836
680846
681084
681144
681229
681246
681397
681424
681465
681509
681593
681749
682014
682065
682130
682317
682328
682447
682654
682680
682730
682749
682847
683135
683141
683844
683968
683978
683993
684038
684040
684104
684331
684530
684684
684829
684945
685134
685156
685166
685180
685299
685313
685484
685638
685845
686090
686301
686472
686487
686674
686696
686770
686799
686870
686886
686946
687081
687190
687191
687222
687304
687322
687548
687645
687674
687715
688066
688170
688338
688501
688551
688674
688785
688796
688835
688871
688970
688990
689054
689070
689208
689246
689419
689462
689525
689553
689733
689761
689851
690038
690079
690261
690294
690529
690552
690566
690632
690690
690862
690900
691011
691042
691094
691211
691262
691460
691564
691669
691965
692033
692055
692186
692501
692649
692783
693442
693605
693610
693691
693791
693930
693985
694032
694208
694472
694590
694658
694892
695064
695099
695147
695281
695290
695312
695322
695457
695528
695580
695590
695684
695877
696129
696144
696261
696277
696304
696710
696798
696965
697006
697047
697147
697248
697552
697555
697696
698014
698066
698071
698077
698266
698508
698636
698808
698870
698879
698931
699000
699075
699082
699320
699349
699547
699575
699648
699796
700110
700327
700444
700487
700678
700769
700942
701224
701327
701413
701638
701645
701721
701910
701941
702053
702175
702195
702235
702277
702431
702502
702507
702553
702555
702623
702844
702917
702949
703025
703337
703369
703473
703633
703932
703971
704389
704398
704548
704604
704714
704719
704776
704899
704911
705217
705242
705265
705349
705481
705565
705615
705682
705928
706055
706219
706362
706538
706589
706697
706739
706743
706747
706775
706782
707297
707343
707391
707637
707731
707793
707919
707942
707983
708203
708219
708346
708457
708641
708766
708949
709186
709239
709408
709461
709490
709523
709575
709956
709975
710558
710723
710865
710909
710957
711005
711008
711089
711186
711208
711303
711310
711328
711361
711442
711518
711562
711590
711730
711801
711810
711951
711973
712032
712153
712277
712285
712516
712623
712634
712655
712668
712738
712790
713003
713114
713124
713132
713263
713325
713481
713531
713554
713730
713768
713826
713942
714160
714282
714590
714902
714956
714994
715273
715274
715450
715518
715565
715608
715626
715638
715803
715920
715979
716121
716175
716280
716297
716345
716398
716495
716602
716760
716851
717196
717290
717457
717626
717726
717785
717844
717939
717975
717977
718012
718024
718149
718156
718258
718426
718509
718534
718851
719020
719073
719228
719276
719296
719407
719495
719522
719613
719758
719976
720075
720094
720140
720290
720312
720435
720465
720716
720864
720871
721092
721171
721254
721346
721678
721725
721775
721784
721793
721823
721867
722043
722044
722077
722081
722166
722252
722351
722393
722421
722626
722630
722735
722959
722974
723376
723435
723578
723767
723954
723981
724130
724202
724252
724310
724311
724590
724649
724728
724846
724882
724915
724957
725066
725081
725325
725411
725626
725741
725865
725930
726034
726043
726141
726188
726436
726461
726471
726480
726561
726562
726841
726960
726991
727015
727026
727099
727121
727124
727298
727320
727448
727786
727854
727911
727927
727951
728032
728134
728181
728423
728546
728548
728566
728586
728638
728699
728779
729020
729079
729232
729287
729300
729339
729393
729476
729574
729815
729916
729963
730057
730193
730242
730354
730389
730496
730515
730699
730709
730723
730749
730857
730982
731009
731370
731600
731615
731637
731730
731760
732215
732264
732446
732509
733764
733854
733958
734190
734191
734192
734438
734506
734513
734646
734845
734855
734901
735388
735429
735490
735571
735630
735640
735761
735771
736134
736196
736434
736519
737050
737088
737206
737556
737769
738054
738102
738197
738261
738294
738476
738551
738669
738727
738978
739011
739140
739185
739290
739303
739404
739440
739583
739916
740085
740113
740301
740605
740623
740849
740906
741038
741285
741359
741366
741410
741456
741471
741628
741847
742002
742048
742095
742218
742219
742419
742499
742577
742651
742946
743081
743103
743159
743283
743309
743335
743352
743473
743815
743823
743905
743917
744007
744087
744153
744166
744218
744365
744378
744385
744535
744585
744663
744791
744868
744921
744939
744947
744950
745069
745072
745250
745565
745668
745734
745795
745857
745920
746010
746035
746060
746097
746158
746378
746385
746396
746890
746941
747053
747146
747245
747290
747397
747606
747690
747729
747775
747885
748123
748191
748234
748253
748288
748380
748679
748682
748724
748734
748756
748767
748785
748848
748856
748869
748878
749232
749305
749348
749378
749384
749392
749418
749546
749595
749605
749629
749711
749758
749865
749897
750121
750138
750152
750281
750290
750337
750351
750403
750428
750715
750735
750937
751055
751383
751472
751605
751677
751699
751916
751942
752041
752205
752259
752302
752352
752404
752680
752689
752820
752928
752959
753333
753335
753518
753540
753584
754042
754114
754119
754354
754385
754699
754862
754917
754940
755207
755302
755503
755779
755817
755854
755912
755952
755954
755961
755971
755977
756095
756177
756253
756281
756380
756434
756478
756626
756684
756734
757055
757170
757201
757486
757519
757553
757726
757803
757817
757836
757917
758029
758180
758189
758290
758294
758430
758435
758710
758727
758817
758830
759022
759024
759409
759441
759475
759667
759680
759721
759735
759739
759756
759779
759809
759898
759913
760227
760260
760742
760804
760872
760875
760998
761115
761118
761216
761298
761393
761599
761753
761778
761805
761814
761821
761827
762146
762458
762497
762590
762628
762678
762809
762921
763124
763131
763287
763372
763654
763679
763720
763805
763963
764107
764110
764119
764126
764154
764161
764288
764293
764303
764323
764480
764622
764780
764820
764928
764955
765157
765344
765377
765398
765411
765491
765506
765537
765719
765793
765839
765934
766006
766020
766191
766203
766323
766395
766562
766629
766747
766775
766888
766893
766895
766985
767057
767294
767461
767507
767542
767545
767576
767590
767670
767741
767758
767863
767905
767950
768022
768065
768190
768200
768237
768342
768351
768452
768543
768916
768948
769153
769181
769187
769220
769245
769252
769304
769331
769355
769590
769629
769739
769880
769956
769970
769979
770001
770161
770225
770449
770486
770619
771015
771017
771092
771152
771173
771216
771239
771297
771435
771541
771645
771671
771676
771785
771835
771844
771871
771892
771913
771961
771996
772048
772086
772226
772275
772367
772377
772432
772644
772690
772730
772742
772777
772826
772940
773336
773464
773897
773943
773950
774124
774197
774204
774306
774456
774638
774717
774920
774979
775150
775348
775351
775492
775493
775506
775612
775617
775628
775754
775761
775765
775793
775853
775903
776156
776215
776536
776561
776652
776657
776760
776777
776808
776854
776946
776966
776979
777276
777298
777317
777397
777411
777591
777756
777821
777868
777936
778058
778094
778240
778248
778275
778446
778530
778542
778556
778829
778846
779124
779133
779190
779269
779313
779329
779402
779445
780090
780155
780521
780637
781010
781080
781119
781125
781207
781242
781261
781266
781279
781321
781414
781475
781490
781542
781658
782347
782353
782377
782434
782459
782575
782613
782625
782687
782723
782808
782974
783106
783185
783228
783301
783451
783840
783900
784073
784121
784197
784234
784292
784333
784391
784422
784437
784458
784772
784901
784921
784947
785047
785067
785152
785367
785373
785448
785479
785757
785795
785807
785916
785962
785982
786072
786187
786216
786409
786487
786635
786661
787000
787152
787155
787370
787382
787507
787549
787684
787770
787822
788024
788030
788046
788218
788449
788577
788656
788670
788713
788993
789044
789166
789196
789286
789292
789388
789434
789468
789588
789656
789686
789752
789830
789864
789919
790006
790085
790200
790228
790238
790291
790524
790550
790593
790775
790818
790892
790966
791305
791540
791555
791603
791638
791662
791676
791710
791726
791832
791912
791928
792166
792242
792310
792643
793147
793202
793216
793323
793511
793543
793574
793707
793919
794016
794017
794101
794307
794317
794327
794346
794469
794492
794519
794730
794855
794878
795139
795140
795153
795173
795179
795209
795375
795465
795497
795570
795642
795806
796210
796402
796443
796474
796646
796736
796809
797666
797682
797952
798061
798185
798352
798590
798868
799274
799297
799403
799588
799772
799934
800070
800300
800351
800486
800555
800577
800669
800726
800820
800889
801300
801332
801361
801531
801596
801984
802061
802294
802301
802327
802448
802514
802746
802813
802851
802858
802977
803057
803092
803245
803277
803348
803373
803420
803520
803546
803564
803716
803735
803738
803740
803835
803845
803904
803908
803971
804086
804125
804142
804180
804226
804283
804370
804455
804556
804646
805055
805218
805290
805417
805498
805561
805731
805926
806105
806145
806333
806443
806474
806628
806778
806782
806794
806822
806834
806906
807148
807169
807335
807393
807497
807519
807576
807672
807843
807936
807967
808217
808237
808269
808270
808276
808376
808414
808547
808727
808814
808895
808973
808980
809080
809168
809230
809341
809424
809608
809619
809624
809641
809645
809861
809956
810053
810101
810109
810173
810209
810258
810321
810399
810462
810966
811177
811228
811265
811332
811398
811860
811916
811942
812129
812295
812303
812750
812908
813171
813331
813356
813384
813471
813526
813541
813564
813616
813770
813802
813809
813971
814129
814172
814193
814199
814264
814413
814664
814714
814818
814899
814957
814963
815044
815211
815223
815225
815229
815345
815371
815420
815448
815531
815534
815709
815783
815788
815811
815846
815857
815948
816000
816284
816290
816358
816546
816725
816739
816771
816786
816825
816861
816913
816968
817134
817200
817391
817396
817446
817496
817703
817810
817975
818022
818112
818477
818490
818517
818646
819120
819121
819132
819292
819815
819870
820035
820077
820091
820100
820186
820239
820265
820306
820374
820499
820526
820879
821016
821031
821044
821109
821161
821220
821648
821748
821796
821866
821889
821903
822046
822269
822558
822813
822993
823001
823210
823375
823538
823709
823774
823891
823949
823950
824005
824177
824286
824305
824508
824537
824615
824710
824780
825235
825237
825447
825454
825658
825682
825765
825780
825911
826066
826247
826446
826615
826681
826779
826918
826964
827140
827648
827655
827723
827827
827947
828085
828199
828215
828325
828421
828482
828567
828821
828963
828971
828994
829061
829171
829267
829601
829789
829838
830057
830320
830394
830452
830696
830727
830851
831041
831245
831289
831337
831621
831644
831729
831751
831821
831998
832154
832166
832323
832366
832408
832433
832559
832676
832805
832829
832875
832944
833116
833445
833822
833887
833918
834171
834305
834381
834434
834474
834658
834662
834735
834763
834958
835100
835197
835218
835378
835407
835667
835713
835916
835984
836196
836498
836569
836579
836856
836864
836896
837069
837095
837340
837429
837627
837661
837706
837762
837767
837883
837999
838171
838259
838433
838489
838614
838684
838871
838967
839064
839114
839255
839317
839320
839325
839433
839498
839549
839564
839993
840526
840735
840759
840886
840980
841053
841069
841082
841201
841355
841412
841518
841532
841635
841984
842122
842225
842242
842350
842644
842728
842821
842842
842921
842980
843042
843075
843127
843232
843247
843471
843623
843838
843914
843965
844345
844364
844487
844836
844844
844998
845004
845118
845353
845397
845479
845498
845522
845713
845775
845778
845812
845851
845940
846012
846063
846069
846223
846307
846420
846503
846540
846636
846697
846719
846898
847200
847263
847369
847450
847823
848047
848193
848204
848290
848340
848355
848686
848994
849185
849310
849422
849538
849562
849644
849649
849696
849770
849953
850024
850047
850105
850168
850305
850428
850563
850805
850895
850941
850951
851088
851374
851490
851664
851816
851947
852054
852109
852212
852584
852616
852687
852756
852992
853100
853316
853421
853533
853677
853680
853731
853816
853831
853836
853857
853953
854013
854112
854274
854279
854334
854394
854703
854850
855072
855168
855262
855482
855526
855792
855811
855822
855994
856093
856521
856638
856722
856735
856738
857027
857135
857418
857437
857478
857730
857782
857910
857949
857961
858023
858091
858140
858175
858324
858334
858371
858426
858584
858599
859010
859070
859128
859153
859296
859328
859345
859552
859648
859714
859798
859948
860004
860024
860230
860292
860321
860346
860512
860610
860708
860845
860947
861003
861019
861027
861092
861215
861227
861454
861534
861577
861661
861715
861738
861781
861804
861982
861990
862143
862201
862213
862237
862347
862502
862770
862809
862856
862949
862960
863157
863227
863326
863333
863334
863363
863482
863499
863621
863694
863699
863850
863877
863994
864084
864222
864225
864234
864404
864653
864698
864876
865005
865022
865290
866024
866100
866122
866136
866397
866659
866675
866716
866777
866834
866898
866973
867014
867245
867325
867407
867410
867441
867549
867618
867707
867724
867823
867920
868012
868168
868202
868242
868325
868436
868773
868777
868847
868856
868968
868983
869099
869145
869220
869254
869586
869605
869615
869792
869793
869890
870009
870243
870356
870372
870535
870756
870884
870907
871073
871080
871218
871314
871396
871447
871535
871538
871578
871619
871785
871787
871824
871972
872173
872246
872252
872256
872291
872327
872590
872661
872918
872996
873064
873088
873169
873550
873670
873674
873712
873779
873792
873855
873859
873984
874032
874231
874285
874384
874444
874511
874541
874576
874641
874877
874899
875081
875118
875136
875353
875357
875521
875563
875569
875730
875832
875839
875878
875889
876208
876342
876398
876410
876849
877068
877145
877211
877437
877499
877502
877551
877618
877681
877686
877768
878023
878054
878096
878498
878516
878520
878581
878612
878712
878721
878773
878834
878857
879034
879254
879316
879332
879398
879422
879458
879477
879692
879802
879869
879886
879929
879961
880019
880082
880099
880143
880189
880198
880206
880217
880273
881207
881389
881432
881459
881677
881884
881917
881936
881945
882111
882131
882142
882260
882408
882603
882605
882730
882733
883106
883107
883175
883259
883357
883542
883597
883658
883840
884080
884083
884225
884240
884543
884553
884561
884774
884817
884882
884894
885010
885049
885058
885178
885191
885490
885632
885656
885749
885861
885921
886076
886114
886344
886481
886511
886556
886595
886670
886738
886803
886968
887120
887124
887140
887195
887325
887411
887432
887482
887712
887748
887769
887777
887796
887828
888072
888200
888206
888308
888347
888377
888634
888900
888991
888995
889099
889145
889241
889319
889700
889707
889708
889838
889874
889899
890017
890067
890155
890399
890469
890596
890616
890657
890692
890779
890863
890886
890976
891086
891137
891385
891527
891813
891990
892038
892137
892164
892366
892494
892607
892799
892830
893294
893416
893435
893630
893727
894002
894371
894406
894483
894535
894582
894691
894863
894952
894969
894976
894985
895118
895134
895251
895588
895626
895666
895823
896015
896066
896112
896193
896373
896431
896442
896506
896811
896838
897046
897051
897123
897153
897184
897282
897290
897318
897391
897403
897404
897632
897639
897720
897750
897952
897971
898119
898164
898553
898621
898714
898730
898749
898776
898851
898930
898970
899020
899136
899290
899295
899372
899403
899405
899427
899448
899494
900334
900405
900420
900603
900610
900850
900887
900912
901315
901412
901438
901682
901702
901722
901846
901849
902002
902010
902159
902193
902335
902359
902479
902689
902912
903076
903167
903398
903432
903575
903584
903740
903813
903979
904126
904382
904508
904601
904665
904722
904758
904822
904930
904974
905054
905118
905164
905266
905565
905603
905712
905754
905767
905793
905833
905883
905957
906059
906068
906252
906298
906410
906812
907020
907030
907273
907284
907402
907417
907429
907465
907850
907928
908089
908132
908340
908403
908556
908679
908684
908782
908825
909014
909227
909494
909548
909861
910106
910211
910422
910434
910489
910630
910721
910727
910737
910849
910903
911014
911019
911218
911278
911280
911282
911361
911464
911622
911630
911691
911846
911993
912002
912143
912191
912192
912451
912460
912485
912544
912563
912656
912725
912757
912929
913016
913032
913086
913307
913349
913500
913691
913749
913758
913766
913810
913886
913988
914118
914323
914333
914527
914792
915183
915390
915501
915506
915589
915746
915749
915823
915949
915995
916373
916412
916446
916595
916610
916644
916659
916880
917246
917280
917310
917462
917483
917510
917923
918000
918149
918187
918512
918514
918575
918621
918673
918723
918971
919048
919065
919202
919217
919255
919256
919365
919424
919469
919699
919784
919865
920014
920063
920113
920138
920180
920400
920514
920562
920592
920672
920731
920882
920937
921045
921048
921269
921316
921397
921498
921548
921627
921747
921868
921870
922021
922118
922120
922200
922220
922272
922308
922522
922598
922698
923026
923052
923077
923098
923126
923139
923365
923377
923579
923637
923666
923670
923690
923915
923986
924098
924144
924282
924294
924510
924628
924714
924755
924757
924782
925086
925102
925108
925113
925254
925298
925365
925487
925620
925706
925727
926050
926192
926213
926383
926401
926461
926562
926649
926753
926857
927190
927348
927477
927514
927618
927627
927699
927757
928124
928206
928231
928436
928560
928691
928769
929036
929059
929094
929409
929491
929910
929923
929947
930057
930170
930234
930365
930372
930512
930527
930683
930698
930699
930928
931066
931086
931304
931486
931595
931730
931761
931902
931918
931929
932067
932079
932177
932235
932312
932397
932403
932564
932668
932773
932803
932812
932892
932951
933061
933166
933291
933365
933425
933592
933622
933752
933941
934000
934094
934272
934295
934377
934416
934423
934594
934812
934862
934958
934999
935004
935171
935280
935325
935382
935396
935604
935698
935701
935859
935917
935941
936078
936109
936708
936717
936771
936818
936930
936931
937008
937080
937174
937350
937405
937602
937642
937663
937894
937909
937957
937960
938005
938124
938152
938200
938286
938336
938408
938712
938839
938878
938936
938983
939033
939146
939545
939586
939637
939715
939819
940002
940053
940061
940127
940137
940292
940733
940953
941189
941358
941494
941561
941623
941789
941864
942051
942071
942082
942266
942443
942551
942621
942639
942641
942771
942900
943226
943256
943335
943407
943419
943456
943620
943955
943999
944041
944205
944241
944334
944474
944503
944595
944926
944960
944967
945003
945072
945075
945230
945392
945690
945842
945848
945883
945942
946679
946798
947180
947423
947525
947618
947664
947982
948069
948406
948497
948521
948808
948865
948931
949058
949087
949285
949475
949697
949830
950037
950145
950599
950717
950730
950945
950986
951142
951345
951453
951626
951901
951957
951983
952111
952140
952158
952241
952269
952300
952411
952412
952489
952667
952773
952874
952931
953027
953187
953351
953373
953383
953410
953476
953528
953544
953657
954039
954101
954112
954117
954190
954204
954232
954252
954315
954340
954424
954450
954540
954548
954558
954600
954610
954653
955159
955397
955581
955651
955814
955866
955986
956084
956122
956179
956249
956340
956463
956532
956572
956595
956611
956704
956928
957000
957030
957157
957245
957395
957450
957475
957505
957528
957740
957754
957757
957832
957986
957988
958069
958340
958357
958465
958594
958630
958670
958893
958976
959005
959063
959080
959326
959365
959484
959586
959709
959759
959779
959791
959955
959968
960012
960089
960216
960254
960339
960382
960391
960825
960985
961175
961209
961305
961340
961389
961501
961624
961777
961931
962047
962169
962176
962189
962269
962287
962653
962666
962734
962890
962927
963048
963064
963077
963083
963146
963447
963461
963663
963830
963905
963976
964050
964299
964522
964525
964620
964762
964776
964779
965202
965207
965229
965318
965576
965747
965806
965950
966025
966247
966268
966283
966308
966515
966648
966837
966927
966974
967094
967144
967298
967520
967797
967801
967809
967983
968084
968119
968120
968235
968270
968321
968331
968416
968468
968561
968613
968626
968712
969092
969123
969249
969423
969453
969603
969686
969719
969773
969817
970197
970215
970325
970485
970498
970515
970629
970661
970670
970899
970975
971020
971029
971069
971131
971483
971557
971611
971892
971900
972359
972426
972430
972664
972679
972770
972796
972965
972977
973024
973195
973202
973360
973804
973811
973823
974039
974155
974273
974385
974417
974782
974788
974826
974855
974956
974983
975109
975134
975571
975586
975587
975668
975850
976093
976146
976179
976220
976476
976599
976678
976752
976944
976989
977057
977061
977168
977548
977600
977788
977874
977987
978248
978382
978396
978403
978535
978543
978687
978707
978730
978746
978748
979094
979241
979361
979480
979496
979568
979791
980122
980256
980322
980379
980420
980427
980451
980469
980670
980694
980702
980786
980800
980917
981036
981095
981156
981166
981231
981254
981322
981653
981740
981941
982044
982225
982297
982446
982607
982657
982926
983425
983503
983796
983928
983931
983981
984031
984039
984181
984273
984348
984349
984580
984636
984638
984847
985096
985129
985199
985210
985397
985537
985550
985784
985857
986095
986123
986124
986331
986360
986507
986561
986662
986706
987177
987273
987307
987356
987507
987561
987869
987907
988052
988092
988285
988403
988491
988670
988730
988900
988956
989019
989220
989460
989685
989772
989789
989825
989845
989856
989876
990029
990172
990216
990275
990333
990473
990487
990574
990687
990730
990802
990853
990944
990971
991082
991199
991224
991375
991500
991556
991559
991615
991700
991988
992098
992195
992233
992280
992288
992375
992492
992620
992990
992993
993002
993061
993093
993466
993589
993697
993877
993935
993937
994002
994051
994115
994261
994385
994695
994727
994778
994789
994867
995307
995517
995540
995638
995683
995749
996158
996209
996355
996508
996710
996986
997040
997178
997179
997329
997580
997631
997648
997687
997757
997910
998191
998207
998278
998388
998600
998645
998760
999197
999351
999576
999802
999881
999998
