1953
2342
2515
4533
5340
5532
5946
6095
6921
7209
7263
8144
8145
8727
9883
10579
10589
11569
12295
13616
14227
16783
17448
18249
18424
18921
19740
19860
20291
21181
22170
23082
23135
25057
25589
26871
28010
28677
28959
29522
32315
32585
32730
34619
34677
34800
35159
35490
35502
35976
37815
40810
41608
48563
48637
51303
53496
56806
57427
57937
58730
62618
64806
65321
65487
67690
68064
68112
68369
68781
71562
72783
76027
79342
79370
79521
79651
79843
80494
81746
85447
87656
88550
90126
90752
91024
94506
95361
96407
98921
98950
99761
100882
101091
101829
101953
102936
103191
103881
104527
104994
107583
109293
110772
111026
114727
116370
117298
119399
119626
119687
119923
120615
120961
121478
124354
125744
126308
126987
128821
129492
131470
131983
132446
132904
133755
136384
137046
137204
138103
139504
140367
144790
145230
146811
148448
149937
150706
152073
154410
155777
157467
157622
158703
159747
160207
160655
161024
161033
161972
163081
164313
165161
165651
165828
165908
166448
168584
171552
172583
178982
179888
181840
182177
183112
183355
187357
187946
189611
193044
193171
195820
196391
198100
198560
198601
199511
199808
202505
203288
203945
206682
207354
210238
210568
211951
212516
213259
215679
219745
220111
221517
221889
223211
223292
223700
224025
224506
225586
226197
226490
228524
229300
229613
229725
229741
230251
231100
234346
234456
235891
235947
236066
236716
237092
237243
238807
241358
241401
241957
242460
242908
243869
246646
248597
248811
250861
252818
252881
254480
255552
259588
259607
260380
260770
261956
262635
263612
263742
264096
266784
267570
269077
269256
270154
270320
270860
271245
272515
274384
274512
276209
277321
281659
283500
284478
285872
285966
286042
289176
290360
290705
290889
291881
291882
292297
293290
293717
294732
295387
295970
296746
300513
300639
300897
301189
304269
304895
305787
308225
312826
313725
314501
315247
317911
318911
319244
319732
322077
322408
322690
322947
323914
325745
327217
328918
329582
330069
330075
332119
333187
333275
334863
335567
337331
337398
337413
337843
338999
340808
340910
341379
341381
341513
341694
342724
344347
344814
345422
346467
346703
348324
348905
349905
349952
350572
351831
352124
352749
354187
354240
354817
355209
355214
356570
357263
357666
358902
359034
359206
359230
359971
361217
362401
362659
364337
364997
366148
366161
367655
368880
369442
369568
370434
371044
371939
372844
373347
375224
375757
376088
376234
378183
378306
380902
383365
383391
390279
391026
391935
393296
394110
394117
394642
395156
396507
397316
397392
397465
398620
398856
399947
400761
400920
401581
403349
403490
405889
405913
408101
408729
409885
411295
412902
413529
413584
414640
414815
415331
415832
416008
416406
416541
418159
419140
419217
420144
422251
423319
424448
424761
424875
425002
425062
425654
425756
426533
426991
429695
430132
432271
432540
432717
433553
435947
436374
437369
437645
438336
439128
439562
442912
444752
445960
445971
448710
451245
452181
455076
455851
458293
461907
462004
464068
464384
465058
465549
466921
467324
467972
468242
470004
472441
473915
473952
475547
476101
477006
478419
479254
479450
479682
483406
484860
485129
485624
486069
489855
490094
493188
493601
493996
495667
496603
497722
498251
498613
500896
501094
501857
503510
504089
504394
505029
505062
508719
509199
509943
511127
512003
512274
513430
513521
515385
515503
515881
516457
516628
516688
517723
520492
521994
522980
523182
524100
525046
526373
527446
527481
528305
528815
528878
530363
533428
533568
534425
535503
535653
538794
541077
542132
542201
545774
548593
549499
549553
550313
551948
552354
553091
553393
553926
554122
554360
554396
554497
556363
557128
557760
559057
559634
561100
562830
563017
563180
565911
567316
568732
569431
569561
571737
571894
572357
572838
574372
580732
583812
584247
584978
585408
585955
586515
586637
586671
587980
588177
588242
589010
590883
592999
596014
596188
597404
597703
597938
598333
598594
599511
599604
600147
602648
605909
606441
607550
607858
608314
608561
609191
609410
611040
611418
612254
613115
615239
616675
618731
619729
619807
619880
620503
620980
622555
622671
623930
624931
625239
626874
627923
628085
628595
629577
630257
631362
633084
635612
638693
639170
640009
642856
643860
645029
646333
646700
647925
648185
648688
648865
649335
649391
649397
651021
652849
653584
653923
654156
654700
656436
657111
658170
660088
660250
660937
661129
661360
663890
666406
669206
669551
669783
670410
670755
671136
672561
672596
673241
673317
674357
674425
674925
675131
675351
676120
677768
679268
679360
683266
683824
683884
684419
685312
687957
688397
689169
691241
693353
695758
695790
698289
699460
699467
700620
700764
701558
702275
702471
702487
703187
703442
703944
704417
706565
706823
707520
707747
708641
710987
712772
712885
715895
716583
716945
717044
717444
718520
719044
719197
721869
722636
725581
725741
725748
726383
727467
728131
728443
728819
729813
731080
731499
732635
732804
732818
734938
735722
736022
737425
738656
741367
741380
741617
743296
743912
744397
744933
745085
745370
746286
747262
748601
750291
750620
751757
754587
757525
758826
759224
762481
763008
763281
763505
764451
764476
765084
765528
766395
768428
768551
768583
770442
770484
774624
775268
775559
776985
777539
777795
778160
779440
780051
782019
782286
783644
784488
785203
786567
788658
789995
790977
791351
792046
792871
793521
793804
794136
795568
795790
796997
798094
798349
798373
799268
799479
800371
802377
802559
802784
804690
804727
805819
806358
808082
810566
810806
811477
811809
812991
813609
814444
814606
816271
816830
817724
818061
818984
819406
819682
819938
820365
821117
822023
823688
823798
823992
824567
825356
826336
827052
827115
827731
829037
835351
835649
837829
837958
839230
840398
842136
844418
845096
845402
845788
846892
847719
848605
849144
850024
850148
851210
851339
851485
851854
852298
852426
852949
855021
855060
855716
856776
860281
860966
867886
868487
868854
870846
870880
871613
872340
872574
873290
873837
874129
874638
875363
876745
877564
877734
878155
879299
879432
881767
882155
883385
883451
884249
885227
885387
887277
888107
889376
892905
893204
893528
893736
894720
895453
898567
899089
899296
904132
904494
904630
905654
905959
906866
907055
908264
909453
911131
911745
914994
915855
916786
917449
917525
918189
918902
919484
920127
921431
921653
922028
922318
923987
924757
925096
925666
925734
926205
926577
927314
928255
928948
931453
932985
933826
935185
935334
936507
937748
938393
939157
940828
941129
941818
943871
944311
947812
948186
951234
952004
952176
952225
952615
952838
953501
953604
953731
953966
955360
956883
957254
957606
957652
959087
960391
960819
960966
961822
963472
964745
965532
965610
966120
966388
966608
968223
968472
969796
969861
970548
970634
971992
972640
973217
975254
976942
978856
983056
983981
984539
984770
985185
985520
985939
986035
986923
990084
990460
994501
995544
