538
2291
3585
3738
3748
4638
7454
7810
8484
8733
9157
12621
13482
16403
16999
20501
21804
21918
24727
26535
28230
29113
30017
31382
34013
35114
36300
36647
38689
38842
40248
41758
42400
43662
43863
43899
45289
46021
47104
47240
47644
50692
54092
54475
54664
55380
55523
55909
58775
58836
59005
59661
60052
61734
61797
63507
63918
64606
66711
67176
68808
69245
69877
69985
70530
70554
71703
71962
72290
75131
75345
76385
79193
79301
80532
80861
83594
84604
84806
86868
87710
90232
90613
92549
93952
95595
95884
97208
97495
97688
98781
99827
101050
101441
102684
104176
105501
105827
106150
106219
107125
107644
107657
107744
108780
109593
110831
113722
113997
115155
115242
115396
117309
118435
120388
120898
121503
121682
121683
121718
122319
123800
123921
124324
124477
125351
127019
127805
128990
129299
129820
133399
136658
137764
139789
139844
139998
140057
140098
140830
141153
142117
143678
144039
144467
145787
147009
147167
148072
149340
154235
154589
154804
155504
156728
158601
160411
161955
164620
165276
166944
169785
171090
171789
172205
176297
176527
178523
178822
179109
179137
179336
179828
180198
181685
183301
183368
184533
186213
188928
189722
192146
192863
196341
197124
199817
199851
202028
204468
206979
207175
208571
208806
209593
210575
210962
212441
212646
212742
213847
215196
215667
216455
218188
219249
219444
220451
222915
223058
223934
224513
225248
225943
230126
232846
234740
235105
235658
235685
237289
237726
238176
238839
239141
239462
240321
242962
243086
243922
244362
247356
252079
252351
252512
252893
252896
253456
253953
254369
254662
256053
256862
257880
258090
258882
258931
258984
259471
260317
260632
263097
264137
266090
267148
267237
269882
270841
271168
272403
274499
276949
277857
279225
281821
283214
283346
283954
285354
288010
289554
289793
291784
293978
295062
295533
295794
298803
301434
305404
308527
309119
309742
309787
311281
311422
311450
312477
312667
313645
314453
315695
316544
317232
317768
318284
318428
319053
321890
322155
322247
322719
322827
323311
323527
325772
325877
326416
326561
327117
327238
327379
328223
330670
331098
331155
333541
334815
334944
336819
337459
337729
339513
339850
339897
340406
341387
342247
344202
345964
345989
346197
347061
347082
347324
350583
351701
352154
352276
352890
355614
357110
357716
358319
358509
358603
358618
358919
359271
361878
362649
363785
364259
365034
365632
365681
366175
366617
367418
371665
371870
372561
374004
374255
374392
375226
375321
375661
376109
376572
378135
381163
382353
382617
383737
384870
385772
386789
392248
393672
394212
395353
395498
397621
398246
398647
398900
398972
399047
399562
400628
402022
402561
403330
403741
403878
404675
405199
405522
405620
408481
409623
411321
411466
413172
415236
415898
417305
417625
418519
420389
421412
421914
422953
424446
425009
426748
427218
428649
430634
433662
434805
435219
435812
436655
437420
439039
439431
440104
442804
444793
445761
445980
447023
447947
451003
451033
451094
451796
454431
456496
458296
460656
461783
462732
462735
463402
463686
463691
463693
464244
464824
466051
468833
468905
469359
469705
469812
471694
471778
472504
475585
475658
477274
478974
479313
480496
481364
482657
482776
483031
483392
484016
484499
487316
487359
487569
489730
491298
491688
491875
492748
495153
498200
498305
499469
500420
500465
500483
501606
501721
501937
502172
503449
504007
505843
506851
507389
507394
508674
509582
509629
509788
510500
515777
516340
519727
520542
520995
522047
522485
523369
524032
524321
525139
527182
528454
528723
528846
529299
532256
532395
532964
533972
534830
536110
536647
537292
537440
537844
537855
539033
539600
542151
542594
544312
544876
548089
548224
548772
549696
551948
552468
552509
553614
553997
556352
556884
557511
558913
559845
560595
561635
562680
564118
564362
565224
565903
566640
567059
568694
569049
569270
569564
570211
571325
572448
575438
576965
577317
577490
577808
578211
578744
579161
579762
583199
583846
584416
585148
586667
587609
588163
588318
588506
588535
591755
591782
594506
597173
599100
599535
599624
600798
602162
603153
604078
604183
606825
608290
609518
612721
613218
613348
617925
618035
618245
618622
618703
619633
620113
621550
621803
622576
622807
623806
627194
627745
631657
632811
633526
634948
636034
636045
636665
638592
641108
641547
642409
642627
642841
642942
643672
644889
647770
649648
650178
650582
651248
651640
652249
652746
653119
653395
653631
654003
654857
656899
657242
657894
658370
659222
659570
659824
661196
662443
662614
663351
663992
665527
665663
666562
668609
668815
670148
671637
671994
672253
677325
677669
678562
678849
681929
682441
683314
683951
685741
686322
688225
688981
689484
689726
690234
690614
690982
692586
693413
693973
694304
694635
694841
696291
697146
697789
702126
702512
702795
703506
703631
703727
703994
705115
705526
708188
708901
714096
714593
714793
715689
717684
722744
723365
724352
726146
727448
729213
729234
729973
732648
732949
733146
733513
733573
734900
735204
735325
735484
736829
736952
738086
738729
738930
741673
743067
743408
744553
744738
745138
745154
745634
746038
746352
747493
748378
750653
751952
752933
753036
753789
754144
754461
755442
756120
756237
756686
758620
759136
759384
761544
762163
762563
763949
764309
765208
765326
765933
766909
767513
767807
768527
769043
769580
770064
770145
770357
770666
772714
774347
774750
774954
775437
776104
776378
776589
777285
777354
778027
778648
779253
779526
780143
781589
783224
783274
784223
784998
785841
785899
786169
787208
787674
788225
789296
791426
792045
793167
794160
797100
797145
797914
798191
799211
799619
799909
801121
801276
804872
807582
809777
810752
810828
811227
816656
817526
818768
818985
820090
821218
821366
822774
823711
823833
829131
829580
829805
830034
830961
832163
833840
836400
840944
841097
841525
841764
843108
843542
843673
843689
846961
847746
850071
850179
851697
851800
851992
853163
854309
854549
854937
855044
855532
856106
857522
857725
860084
861698
862929
863012
863042
865864
867901
870294
871554
872247
873589
874033
875166
875448
875828
877864
879476
880665
882855
882864
883863
884118
884168
884690
885398
885457
888258
890272
890918
892290
892398
893004
894968
896541
896802
898063
898441
900277
901627
902590
903548
906081
907827
908146
909389
909688
911461
914667
914928
915539
918268
919975
920697
921661
922361
922962
924463
925425
925485
925633
926062
926335
926965
927554
928986
929399
935354
935492
936389
936575
940237
941207
942107
942844
942881
942940
943992
945138
946357
946751
947034
950247
950873
954388
954649
955383
956715
958127
958811
959152
960931
961298
961509
961630
961681
964668
964750
965780
966242
967990
968584
968734
969300
970331
970668
975408
975507
977143
977532
977942
978323
978766
979128
979168
979454
979975
980285
982698
985320
985424
986103
986772
986946
987316
988801
990988
991075
991361
993062
993279
995737
995765
996264
996359
996846
998999
999942
