636328
559732
394839
268186
525073
518121
740489
814930
325076
93699
638703
829058
32021
29647
764398
555708
674728
366884
225975
778077
3269
527559
269776
414348
285422
301670
976712
976188
474248
740271
830707
110576
300003
225546
892966
339280
743667
633455
154211
582947
727153
307118
926209
759173
336764
690607
829085
525696
571695
55061
817977
574964
96824
601957
989311
382245
903627
966023
358434
892079
220500
703345
516859
520502
928890
409825
859782
186762
43280
528197
283913
770433
835314
210123
529606
686282
414934
872896
211978
986629
442161
29955
561593
538984
146116
550904
435434
49743
31133
308072
941821
765836
11417
972885
286338
454511
382710
660324
641273
425990
702725
439390
196423
538039
163717
240233
224321
92856
113129
950502
79485
69494
494661
155282
608478
640777
220390
43912
204724
765726
351983
660750
531562
877603
633635
332105
332114
16345
506633
487591
956538
209359
926981
152961
261602
604902
907398
128
697757
534731
950629
291446
604225
959495
960931
726907
600272
181322
285023
319200
461252
151210
494154
992814
543017
127789
839123
875130
658338
345756
362722
614876
555114
803907
282042
816716
408809
703644
816843
620771
238375
281677
912216
356804
241172
873148
597915
355648
568674
397142
189053
29926
62556
683206
536944
605572
325200
376067
480703
983537
721823
357629
112618
276937
161536
394659
607857
84549
612507
938904
705319
850882
220582
131741
721890
975957
519093
834010
331606
601971
745356
34863
631896
807912
718068
168841
927688
43268
59112
922595
541009
780934
280224
653627
572076
955963
48286
179933
40513
660793
118838
260036
25880
853623
905980
261974
829580
939277
610188
675390
541248
355545
710252
687349
163457
942525
370394
91145
499997
429505
13741
41007
210440
808168
694633
296720
764132
257123
990856
318849
432120
623898
93089
972203
477521
513274
234178
821306
452551
844365
10901
993799
714114
235358
681148
877570
177883
51542
482920
677879
995250
10865
718885
719894
819032
927722
16614
97369
184846
7471
930421
616965
631368
23511
589169
623094
536784
337551
444400
989334
696120
455300
497338
410235
690657
692690
802009
382744
258436
799133
60624
253687
809997
293713
973580
143235
221436
504399
754807
406281
511869
685229
537450
657441
708739
640823
280535
759727
978373
239139
263266
188699
694439
274809
113138
899300
967498
915146
282045
740139
714280
856872
993825
38482
150585
481610
695920
886224
986008
450728
806709
12082
135957
344160
669523
358900
984982
464262
632831
477561
703401
896096
180464
912044
170905
293601
811344
652608
722951
607593
392747
437231
978669
386572
989917
643459
382386
685837
529683
882599
136565
336393
894680
786725
194757
78408
659829
693943
542670
292660
685708
246071
188757
866171
158115
873865
673976
483663
526473
396928
605461
919219
348363
584130
819995
338280
741793
716586
538322
271477
599185
189091
122074
493865
975816
831034
572273
149850
524977
114943
442510
724890
875217
145471
591061
547536
19336
265038
545403
60014
661965
150864
493437
524532
249199
313433
862812
990991
30019
915338
776672
143408
104429
412950
637272
80245
758188
723749
230095
283166
352896
186809
8056
742317
332279
113321
289853
865818
892562
835256
440036
68732
500324
933473
593264
263727
761110
970280
768923
305333
885618
59800
448740
990046
472750
600216
584496
230938
323966
328795
28308
191066
515603
550567
933383
362086
178093
737440
227904
70655
572696
182145
139387
587225
115618
732650
850951
876727
702930
134079
182060
102753
193879
630799
92799
180833
745219
677294
925974
69185
6089
954282
774455
521691
19054
222043
397981
197146
959482
140090
267801
46384
322234
407187
633608
437851
654041
998763
828782
871175
132843
10842
973927
326721
155845
66726
507553
901063
258225
433527
484453
264313
902013
258908
300209
435272
480950
212394
632417
440432
352483
414422
486815
674716
335813
634627
626771
989853
633391
455553
375233
766233
466394
349160
607158
622238
930090
114711
523302
188315
62442
521959
966831
478660
780866
781244
913931
776020
993638
546348
730656
346121
960770
731676
535042
296583
366303
161813
800641
513898
617366
175874
794335
83760
525034
401493
220203
969328
30408
257709
157643
607054
779667
638678
85714
74738
419923
999644
364962
413561
545992
95618
273886
20967
341498
808927
831754
222006
970740
632395
250108
588106
808268
44444
186070
847506
960140
920476
816834
990548
692389
488681
597602
986260
127360
683315
575202
547282
682959
940163
475047
743155
549986
748932
764122
891483
557860
595876
627693
528600
742475
877801
630910
64948
922244
331184
912454
396589
251661
243493
387137
458254
732174
498943
444515
859533
182258
19717
921019
379421
959880
396066
636781
24071
144998
915107
429758
217062
510983
57452
259866
767662
935252
890775
832609
371701
221960
745063
282494
987824
502761
669631
446078
234935
168574
404797
608672
865036
424514
43896
758661
898598
954165
395442
922668
99163
310549
352426
830429
335736
924081
90295
103398
373538
981070
450212
745238
717234
195275
27733
219263
698035
211568
179545
447174
894345
584342
570050
273586
8856
613945
32248
421658
568110
941893
344326
181478
766647
210956
11907
102383
135038
616405
719985
508575
111680
170197
768018
828913
879675
309955
562380
91916
521522
741925
53294
930071
326267
623344
203658
849326
237289
750109
270984
319604
206207
129514
501081
972853
340469
27192
589441
475506
643596
823630
984081
755276
993826
266304
98394
387706
576258
174979
611984
916903
47120
542055
757374
670463
259917
120905
421956
524230
391888
741559
730437
521401
756844
217495
376074
784035
806935
851580
941836
144770
349866
211317
652800
616169
823914
40507
192427
998892
34332
318615
430000
81451
374874
187374
266118
634791
308278
688074
673225
214370
943837
917866
249975
700682
135362
626049
484717
456501
477629
940757
601271
341699
152074
254071
957867
490193
808781
664498
489085
357318
983112
433290
952972
357986
620663
219091
506981
443146
421369
180207
171720
365206
612277
421695
65888
747638
561948
64810
718344
553781
5567
319615
895479
671845
87890
367551
162038
410876
32049
165327
768193
529365
598616
721165
401555
733484
454460
422741
690834
875828
117152
376758
241035
729428
312657
821126
477067
874604
885935
195411
428385
405707
29230
838068
591756
631323
205619
267998
42199
751871
433324
324596
795440
546145
559966
711200
793833
14426
133941
484667
404459
251092
861424
159698
980519
688286
980823
971790
562890
380964
681405
505480
300875
710634
343548
892630
856162
63372
674832
898360
815242
108156
737161
124888
168505
297127
836087
962337
311552
970027
961208
230215
735323
336838
389912
715842
25124
370736
687633
588013
265904
883242
607697
566778
593877
951245
973612
964243
528821
648444
376808
344063
270804
113969
983154
439309
411095
819241
915850
236852
303473
877059
467066
38796
213897
856978
754638
753224
741918
956475
341237
522026
839717
948934
88804
947798
414384
576620
912041
943204
225064
803054
801471
10072
917022
