636328
559732
394839
268186
525073
518121
740489
814930
325076
93699
638703
829058
32021
29647
764398
555708
674728
366884
225975
778077
3269
527559
269776
414348
285422
301670
976712
976188
474248
740271
830707
110576
300003
225546
892966
339280
743667
633455
154211
582947
727153
307118
926209
759173
336764
690607
829085
525696
571695
55061
817977
574964
96824
601957
989311
382245
903627
966023
358434
892079
220500
703345
516859
520502
928890
409825
859782
186762
43280
528197
283913
770433
835314
210123
529606
686282
414934
872896
211978
986629
442161
29955
561593
538984
146116
550904
435434
49743
31133
308072
941821
765836
11417
972885
286338
454511
382710
660324
641273
425990
702725
439390
196423
538039
163717
240233
224321
92856
113129
950502
79485
69494
494661
155282
608478
640777
220390
43912
204724
765726
351983
660750
531562
877603
633635
332105
332114
16345
506633
487591
956538
209359
926981
152961
261602
604902
907398
128
697757
534731
950629
291446
604225
959495
960931
726907
600272
181322
285023
319200
461252
151210
494154
992814
543017
127789
839123
875130
658338
345756
362722
614876
555114
803907
282042
816716
408809
703644
816843
620771
238375
281677
912216
356804
241172
873148
597915
355648
568674
397142
189053
29926
62556
683206
536944
605572
325200
376067
480703
983537
721823
357629
112618
276937
161536
394659
607857
84549
612507
938904
705319
850882
220582
131741
721890
975957
519093
834010
331606
601971
745356
34863
631896
807912
718068
168841
927688
43268
59112
922595
541009
780934
280224
653627
572076
955963
48286
179933
40513
660793
118838
260036
25880
853623
905980
261974
829580
939277
610188
675390
541248
355545
710252
687349
163457
942525
370394
91145
499997
429505
13741
41007
210440
808168
694633
296720
764132
257123
990856
318849
432120
623898
93089
972203
477521
513274
234178
821306
452551
844365
10901
993799
714114
235358
681148
877570
177883
51542
482920
677879
995250
10865
718885
719894
819032
927722
16614
97369
184846
7471
930421
616965
631368
23511
589169
623094
536784
337551
444400
989334
696120
455300
497338
410235
690657
692690
802009
382744
258436
799133
60624
253687
809997
293713
973580
143235
221436
504399
754807
406281
511869
685229
537450
657441
708739
640823
280535
759727
978373
239139
263266
188699
694439
274809
113138
899300
967498
915146
282045
740139
714280
856872
993825
38482
150585
481610
695920
886224
986008
450728
806709
12082
135957
344160
669523
358900
984982
464262
632831
477561
703401
896096
180464
912044
170905
293601
811344
652608
722951
607593
392747
437231
978669
386572
989917
643459
382386
685837
529683
882599
136565
336393
894680
786725
194757
78408
659829
693943
542670
292660
685708
246071
188757
866171
158115
873865
673976
483663
526473
396928
605461
919219
348363
584130
819995
338280
741793
716586
538322
271477
599185
189091
122074
493865
975816
831034
572273
149850
524977
114943
442510
724890
875217
145471
591061
547536
19336
265038
545403
60014
661965
150864
493437
524532
249199
313433
862812
990991
30019
915338
776672
143408
104429
412950
637272
80245
758188
723749
230095
283166
352896
186809
8056
742317
332279
113321
289853
865818
892562
835256
440036
68732
500324
933473
593264
263727
761110
970280
768923
305333
885618
59800
448740
990046
472750
600216
584496
230938
323966
328795
28308
191066
515603
550567
933383
362086
178093
737440
227904
70655
572696
182145
139387
587225
115618
732650
850951
876727
702930
134079
182060
102753
193879
630799
92799
180833
745219
677294
925974
69185
6089
954282
774455
521691
19054
222043
397981
197146
959482
140090
267801
46384
322234
407187
633608
437851
654041
998763
828782
871175
132843
10842
973927
326721
155845
66726
507553
901063
258225
433527
484453
264313
902013
258908
300209
435272
480950
212394
632417
440432
352483
414422
486815
674716
335813
634627
626771
989853
633391
455553
375233
766233
466394
349160
607158
622238
930090
114711
523302
188315
62442
521959
966831
478660
780866
781244
913931
776020
993638
546348
730656
346121
960770
731676
535042
296583
366303
161813
800641
513898
617366
175874
794335
83760
525034
401493
220203
969328
30408
257709
157643
607054
779667
638678
85714
74738
419923
999644
364962
413561
545992
95618
273886
20967
341498
808927
831754
222006
970740
632395
250108
588106
808268
44444
186070
847506
960140
920476
816834
990548
692389
488681
597602
986260
127360
683315
575202
547282
682959
940163
475047
743155
549986
748932
764122
891483
557860
595876
627693
528600
742475
877801
630910
64948
922244
331184
912454
396589
251661
243493
387137
458254
732174
498943
444515
859533
182258
19717
921019
379421
959880
396066
636781
24071
144998
915107
429758
217062
510983
57452
259866
767662
935252
890775
832609
371701
221960
745063
282494
987824
502761
669631
446078
234935
168574
404797
608672
865036
424514
43896
758661
898598
954165
395442
922668
99163
310549
352426
830429
335736
924081
90295
103398
373538
981070
450212
745238
717234
195275
27733
219263
698035
211568
179545
447174
894345
584342
570050
273586
8856
613945
32248
421658
568110
941893
344326
181478
766647
210956
11907
102383
135038
616405
719985
508575
111680
170197
768018
828913
879675
309955
562380
91916
521522
741925
53294
930071
326267
623344
203658
849326
237289
750109
270984
319604
206207
129514
501081
972853
340469
27192
589441
475506
643596
823630
984081
755276
993826
266304
98394
387706
576258
174979
611984
916903
47120
542055
757374
670463
259917
120905
421956
524230
391888
741559
730437
521401
756844
217495
376074
784035
806935
851580
941836
144770
349866
211317
652800
616169
823914
40507
192427
998892
34332
318615
430000
81451
374874
187374
266118
634791
308278
688074
673225
214370
943837
917866
249975
700682
135362
626049
484717
456501
477629
940757
601271
341699
152074
254071
957867
490193
808781
664498
489085
357318
983112
433290
952972
357986
620663
219091
506981
443146
421369
180207
171720
365206
612277
421695
65888
747638
561948
64810
718344
553781
5567
319615
895479
671845
87890
367551
162038
410876
32049
165327
768193
529365
598616
721165
401555
733484
454460
422741
690834
875828
117152
376758
241035
729428
312657
821126
477067
874604
885935
195411
428385
405707
29230
838068
591756
631323
205619
267998
42199
751871
433324
324596
795440
546145
559966
711200
793833
14426
133941
484667
404459
251092
861424
159698
980519
688286
980823
971790
562890
380964
681405
505480
300875
710634
343548
892630
856162
63372
674832
898360
815242
108156
737161
124888
168505
297127
836087
962337
311552
970027
961208
230215
735323
336838
389912
715842
25124
370736
687633
588013
265904
883242
607697
566778
593877
951245
973612
964243
528821
648444
376808
344063
270804
113969
983154
439309
411095
819241
915850
236852
303473
877059
467066
38796
213897
856978
754638
753224
741918
956475
341237
522026
839717
948934
88804
947798
414384
576620
912041
943204
225064
803054
801471
10072
917022
784626
963584
328118
118072
879435
564969
421545
270699
546239
974544
998799
403217
243387
752023
659339
714066
607464
181365
553784
70603
784372
15787
999190
360992
442033
942394
100260
245087
258071
110332
676313
556901
73916
4431
189177
467555
83604
124926
252458
629843
99471
251257
547264
342857
517484
720808
56924
124949
902172
124912
709755
686545
654902
708946
561741
611139
165545
662001
370430
423615
286537
46744
494720
874656
51174
683897
342212
648982
808822
108874
793029
908292
360131
854497
765354
877614
575305
336482
516767
477478
975597
226523
678227
630499
449673
754172
755843
615217
416173
126273
38833
216914
173016
47757
91571
738394
731653
947986
387376
540476
56860
694609
962972
416990
549106
728326
808809
124412
579012
839780
116094
554609
580507
308525
699313
30180
62697
455156
645397
478870
581428
198434
209988
754444
246190
301558
7043
977843
249544
394418
32524
306404
89027
995495
237598
152337
238027
560611
276748
817038
914596
907045
885852
495103
215570
585165
525283
278267
40321
170680
271341
135953
883317
481328
890396
129507
782886
897438
621554
546634
806060
168282
367242
409291
677982
119045
561628
916008
193860
352580
247251
108456
259626
133103
603559
475195
232472
128842
753461
272792
813725
539006
408745
211247
20335
813345
854957
317425
224989
990716
864058
545253
158998
745505
954544
836979
864549
30377
267192
58409
382956
28648
681069
642581
161750
284628
631981
908426
927673
899646
181218
255603
438653
104167
466849
973191
431717
321806
290616
656705
826726
668878
201958
985724
928587
670706
822703
307341
701082
604100
879954
84039
632747
561023
240824
308701
359855
387009
217127
287528
286656
912549
57335
239513
16716
38388
212704
448432
874397
17524
619341
701124
686401
821299
686848
614989
6210
23756
922329
707292
627855
802283
305535
774806
877510
60563
83508
237365
447572
814838
524892
734227
727387
96431
973739
258308
134818
700647
706739
9216
718170
326081
710339
918775
661584
397187
47969
667793
935146
484503
889289
77207
800990
194824
852012
678501
255387
449724
915865
702958
778767
954962
951389
506154
51393
439333
764461
186211
139980
985405
709630
858149
825690
419969
291129
1479
331360
339098
669271
266506
823600
558561
343712
624590
267589
709929
303091
522975
673857
733161
740137
452624
688123
205731
472983
253720
645063
751648
954134
299247
737053
663764
671600
76948
597937
962729
78426
929296
301827
261902
710007
125427
334667
567923
264221
602255
277852
567312
639435
465914
300473
893776
918537
502800
99508
391520
756519
258775
143169
710654
72227
394426
888622
743826
471374
486560
220760
64004
415856
522586
840109
640067
162217
174776
207991
426438
291236
485842
507954
444875
465960
808426
338651
384498
825430
952362
290222
96154
725342
433390
806807
797568
342021
209635
55599
327599
696194
276359
391602
626254
313149
745916
266322
475366
920691
988516
416008
211927
474358
923961
171006
454523
246592
509657
839020
72022
976223
129242
168175
701565
76837
489187
13338
418857
698821
68937
260660
909219
345295
166466
49678
658443
912381
830203
648013
833073
818719
64021
559204
807282
502186
730210
261805
748777
754071
100825
335003
730294
744270
503178
946064
821106
506569
959401
754167
719594
28338
14827
628813
887836
181293
192695
60485
93674
22899
708497
440951
841617
286723
156
648899
788908
244570
424908
537686
998640
525732
872688
243139
784207
890070
189203
605313
396639
148605
873685
630437
691146
888511
773454
578983
584008
966149
639467
191887
503252
862168
632837
344869
148891
147197
507973
452004
905970
447085
989689
904610
972817
376582
661954
757024
266653
851156
876541
177496
999760
264431
807933
205112
152943
581387
784094
251155
61741
937765
443041
564992
799933
590083
909861
463029
737279
932038
915032
643250
379123
418926
62065
866144
795507
724018
137373
576364
89380
528119
268065
603344
792549
75998
808455
459696
171589
106754
710851
233330
44519
668096
798321
358657
258179
222387
821685
509663
668629
736717
667117
561957
155643
729181
428101
465354
967404
79679
41719
570988
607797
309783
174332
914550
899984
982787
374247
71573
89541
599302
819106
648264
267398
617428
6921
39782
354019
828605
549444
22649
79527
216561
584605
749373
459946
12706
214727
941554
606588
770649
512542
214385
594636
201079
128936
494620
698070
17387
80398
301815
616688
899503
950078
398290
516931
956998
438071
870950
299808
501719
407803
379334
232484
992407
642911
206635
519317
857638
148189
125906
142492
174936
854494
737128
376014
497634
745952
74084
515020
826349
375898
645912
725853
840181
44203
756988
797179
996477
142143
611192
498197
64150
990525
244885
56557
147642
451519
90079
519484
113913
215984
661975
288848
70478
399103
179066
82317
659260
767353
597336
485609
657455
757453
725666
497636
801655
996859
809020
312337
653206
420212
324738
717356
924941
569623
288117
72583
21142
378195
592066
649258
594178
768246
452310
178861
681553
631375
261177
340813
912932
372717
340627
570388
130170
66293
582228
446029
577356
391248
758366
744767
325664
83104
462123
764810
166931
750239
351597
702277
642639
457868
351535
751021
226114
803845
929881
907666
949424
705262
762684
862357
592184
103311
946949
722353
683807
529177
168383
775368
434630
440953
520135
760293
38261
982257
39308
205192
246701
390905
421673
403544
362977
773207
154566
589090
91257
598651
10961
40682
818118
287849
417243
410302
391159
364192
132655
589171
893368
815241
364539
327998
770398
884673
602496
808659
381135
156008
528055
142040
546912
949727
545584
909888
237139
700149
13183
842600
813004
538348
397486
631122
826196
814728
41424
731560
178920
688283
320731
586492
17729
199474
428695
788127
598351
31191
596786
979485
701402
639045
635729
248315
102977
181313
672407
340115
395666
199795
696919
208671
738142
94405
353997
564338
909132
395421
295898
602256
83704
130833
188749
101432
844510
617443
403763
442861
162838
514753
422346
864239
153798
58076
626758
256774
753592
813370
111094
663463
527369
808012
386338
265511
416622
740334
344053
325754
135755
154156
442215
733662
799192
145168
349299
643703
762610
753061
86564
439652
267815
23115
818095
421612
595394
959058
192591
348986
286633
817888
526653
814001
140105
912990
79512
556726
653325
937768
396685
303284
91924
838899
36947
891116
984066
900449
534819
260881
653510
621382
214737
921324
644496
32832
857141
239890
506094
563936
103081
792726
381824
629733
120932
521928
542724
714647
78655
710253
652416
989543
13537
258544
342647
564687
149660
326713
465136
198683
101798
632851
334270
316534
554175
978765
863569
925520
732860
883868
489456
350145
676594
385484
494082
311731
907412
551010
26378
500271
261263
678793
489814
789004
937337
832460
353691
601201
673377
333032
799884
775174
965882
134154
605912
34262
627123
983685
473987
874187
867553
963442
224332
58353
348927
232619
370083
770543
783628
396460
270814
44892
589458
274832
833895
41000
621496
701790
642200
809077
549026
956288
98456
514908
604646
704367
63375
231770
688052
537361
620161
69811
15008
358698
128163
878138
591316
498245
648681
374944
408909
433699
934039
512571
222735
767934
553570
844230
983929
709975
167512
532955
180468
265967
562068
785114
970333
139647
531088
172591
677007
151249
242401
206219
24151
370563
84358
615466
383012
247243
990410
306125
680942
924449
818696
417881
206589
886470
776316
704722
596445
943827
751881
776913
209795
313949
562027
694332
453595
607319
866922
644806
758567
623527
365230
782718
994089
449587
912388
891305
211034
417003
197431
406180
855657
16127
824061
62246
416801
600377
281172
13247
544204
33053
304364
268203
861206
866390
962535
829005
987913
343662
988016
746480
967189
353246
43403
475483
317037
955791
880993
528070
372794
78424
934250
742655
608754
758311
319105
25555
872892
600276
553005
931300
633329
857368
199504
8740
237963
676243
837744
225876
19905
825760
486561
501298
179006
44168
490986
496042
999958
371979
24113
886957
450402
472567
629612
573360
230878
462922
113119
617974
63198
666124
549274
210731
37697
262982
219470
275660
939224
57215
15740
473334
882974
502300
974631
576185
546468
465617
586431
60631
837595
124748
461792
802201
597314
605609
889765
342396
68531
517089
960369
131728
183213
23849
856663
735113
286830
76133
10773
226055
133347
540717
213593
530526
43017
188224
620915
103689
168046
207346
164320
519845
332094
140316
322047
443612
745924
726016
786008
814454
243105
260582
460387
940521
284430
317050
675635
571260
907386
200612
311519
40734
741328
525111
85464
298550
227539
220583
402238
909788
427928
566557
429634
274226
221078
265885
717838
967001
991900
503846
295661
749210
278632
270252
689731
563062
101506
879570
648526
8892
80183
474249
563829
821510
999359
163497
120060
741102
384079
36503
650891
812007
117264
80525
600437
338341
860613
318275
305343
852513
336325
115208
601723
614957
899663
805659
178019
1169
340749
10060
765411
814997
88094
101127
328561
251590
735390
69663
635669
771892
234758
961880
403361
829486
562317
741701
690099
394797
561248
56818
731121
676455
172745
346078
576118
978403
38301
91491
663633
379049
615755
943248
708250
703848
558579
36811
955437
808174
620678
105311
94271
369640
67191
497631
199127
143713
239333
403430
538509
800580
460247
783834
991240
632992
129913
81563
125600
682417
173054
303437
575671
788808
246686
283921
6861
319469
834936
962297
127643
969818
581813
221914
339458
649003
719544
52789
306920
958876
456219
359633
273662
430670
143468
779106
577866
787584
860668
703466
984205
547926
6903
559876
850938
767792
358002
857798
87262
707142
820096
729108
676960
401909
951021
530622
565116
184771
583411
386241
657851
553834
745873
931512
498708
403545
710618
76575
191129
85492
780040
175335
633417
786942
249415
484356
68940
121621
342154
156201
828762
676454
885308
19927
592567
350535
550549
671888
535305
648164
58129
193156
716202
318206
124669
214910
721751
349491
291484
427084
434982
71524
602418
582604
372671
366038
581164
441610
487658
923317
112015
316421
113977
511527
336347
706543
862061
401100
378431
397366
49264
950763
590522
765465
268970
229395
494580
504925
93090
786063
932008
42277
857587
534427
139085
744462
900464
720248
700276
902326
643565
812290
218747
271746
323817
69299
978289
185879
470398
870924
97449
33867
821688
202175
313536
604862
945773
808115
109787
38864
108384
41795
595344
480175
90426
734428
224637
505094
454676
924912
407421
612445
737202
140372
884191
575223
209670
862480
761101
194273
247609
372755
742343
69297
574929
55879
188363
520703
378199
298149
73771
486582
854148
669114
966756
944573
917746
705597
449668
372422
630509
857088
499071
881915
997459
383262
457138
721334
759946
732444
915606
7556
105199
172154
591056
194332
742236
779419
715034
120435
591772
303009
121221
445920
486327
602181
390494
404073
821982
354366
290699
966695
725658
789770
848610
237322
687236
819953
958655
447183
66602
388466
968942
686004
560619
74203
880335
302856
853621
109575
937494
959598
926787
572920
405518
413115
689305
310216
331392
511288
178786
622091
477983
904443
926065
840798
141766
613301
174956
614625
574688
241557
3092
57835
441765
77915
132038
836304
894974
499863
460083
346674
459461
386871
433798
379184
314190
123103
203604
645581
148595
382390
781876
626578
286833
707941
981580
942802
835447
156536
557428
410135
912296
74724
467970
868265
152638
114212
704569
561817
614074
678857
908490
73536
579932
856492
966923
894121
979594
170527
53907
128190
552916
835783
268972
839749
543724
250552
782551
893375
921291
854183
303511
833587
928906
285685
216057
595749
399896
920625
671770
528174
599482
580260
115914
179414
950956
82837
587739
930550
253364
641646
572944
320484
477429
356120
674437
535357
120876
971193
428733
42167
825376
246448
389958
268488
46337
606014
864236
960436
40845
536006
488610
154531
630470
604524
848149
581426
201565
435888
26181
454928
77534
113330
775412
69167
469449
964053
590325
935246
547461
146696
760623
308113
50859
29111
354449
656872
407551
314885
211921
943556
317699
366452
88231
436427
214601
669656
637992
164693
210041
92920
242227
323370
382536
825597
792819
346590
944325
897348
796040
491786
44044
556663
799898
609106
99978
668551
265979
507528
983435
992103
965288
815339
358555
53519
251766
87360
237379
889757
252053
447420
496882
8484
770789
393622
834080
77813
254416
778406
975160
50457
784396
533409
121324
584295
142515
221302
252846
922697
243034
750486
429006
208323
565825
787560
776045
331795
389125
13425
735757
641177
975048
232639
649660
745837
626260
997944
337855
394881
290555
827219
445337
74952
874832
80865
659246
531552
816370
426296
454249
59405
690986
883254
781931
771015
185020
557976
102811
574144
85605
838567
729525
60653
585410
893389
320695
211670
891333
658549
120755
181889
485768
80296
256840
360601
161161
430290
892152
977530
370790
860605
36935
61777
258065
333070
832791
957288
405251
935601
531432
490855
288373
260957
551508
873782
668550
386407
599657
559883
44956
720411
255976
44928
800707
27020
919732
961867
971513
326089
453602
342304
186695
490537
404080
958963
337811
236871
916251
743061
686677
961887
233917
489254
737048
299629
363037
405598
686035
476898
479685
245195
197309
735661
290122
512220
762680
724059
988291
248399
50148
441894
590702
751046
446635
994781
710009
784445
745856
140465
527507
946737
616556
761423
435992
353604
575256
799028
273406
775495
275926
753091
20690
987438
488752
825015
13864
765636
549074
2155
14035
599222
444048
118941
864472
404887
627926
88687
189333
373783
229151
231044
834724
359912
506671
270716
713515
81927
583948
986921
857421
374078
254217
878110
361517
742968
217330
375380
22809
766404
891738
551048
879830
849991
184193
744302
254878
812119
347193
444210
700106
90549
189458
534830
450460
696128
805546
163975
778054
903698
665100
149680
277777
919316
541994
153498
176489
759324
43082
713502
39933
934819
778754
919762
784810
962946
178269
553893
775065
39667
512307
475171
130215
701765
524206
580674
397893
329752
258853
175948
747654
438158
325627
25431
871678
381826
178928
48168
141150
736213
275874
181082
671033
54628
615048
970047
531778
307521
523940
821048
347187
36248
296219
477401
738012
820424
572279
135905
664380
831132
826056
412035
269290
665888
951669
140968
47714
644802
703339
703067
381015
493417
884148
52048
548044
13401
22096
594027
320921
60240
415075
182313
96487
225498
659713
834498
45923
231993
484608
224507
577329
310664
150746
846618
490756
102416
501790
538469
747217
719334
755740
128232
212751
639888
694484
275000
167493
230784
869026
2619
291023
284101
184931
387510
23803
844643
736212
583929
590840
735024
808436
682373
559893
959181
528991
50649
575801
544986
103323
837222
264320
859062
965454
477070
13156
659938
266274
180648
404926
135300
183266
695948
933604
368196
597662
957407
727044
848079
541336
832088
583103
863976
514462
142996
337363
557657
707849
913163
616847
325376
750386
881166
184438
230045
872441
711797
404187
652919
892445
809112
788219
589915
19265
236028
472316
616927
707639
713564
979210
763180
59857
562313
627156
574318
219514
964518
646180
441567
391887
263027
766942
656477
658398
465584
400726
45044
177382
804912
697962
584031
128229
386
688150
147493
236414
160466
278624
458257
388234
257834
221437
448091
334352
848593
536613
553865
327316
182793
509636
233407
960024
276578
404088
618422
742161
804813
177670
433747
123930
875631
17778
252158
390222
705928
399651
140840
380598
192479
599096
768832
450313
820533
731127
784664
183331
267740
852733
24851
964737
362369
772462
924761
153151
176550
57388
895311
981363
235057
843263
105293
624892
861040
871655
529318
81173
785510
670157
461771
977988
269254
744807
942505
603991
475934
727169
301526
257878
94107
326376
222615
456475
613042
147376
123830
789592
718967
19142
285160
468228
376609
904656
607325
237649
776311
136643
833026
561821
806800
809001
54015
590258
553808
996519
194249
543946
237894
9979
801823
332000
850558
24439
302680
463601
686018
426509
253193
919190
959854
52557
387418
336463
957212
994742
88317
733524
645590
435547
809549
452390
244548
863563
556852
312560
860083
751100
856505
612181
275283
172533
944180
125841
711175
761064
911398
701778
356838
830588
661632
409394
218006
512300
880811
726953
114821
128540
372543
550367
938088
339137
794914
315857
895988
107474
175940
161293
478183
788120
436575
164920
246505
562415
876095
7570
666061
787493
223552
618081
885183
946497
350291
911687
827308
591448
26508
955847
963990
576874
408140
817331
371788
723996
713319
993465
414140
388816
985852
716464
825390
664977
962969
902010
541072
484743
568071
842769
708294
105174
975054
107682
51671
839549
19370
393183
430998
45877
349030
909192
136956
757170
726524
22948
995370
954047
16414
409511
342864
516470
125975
682458
181447
603148
584468
236723
602095
666743
593696
824593
771917
568750
932275
337792
922504
465849
730975
353502
25930
594209
776898
162885
865583
17627
185833
860954
971674
716450
270465
828742
232920
910643
511200
928571
513792
609873
679498
630091
790820
273195
454685
562737
356149
386960
414734
278653
852808
145709
632154
878737
254122
923257
555827
119706
940883
741659
980659
912557
458109
765328
255504
691028
675971
766704
133804
703967
890781
813302
334059
681601
86497
788743
758543
442645
689907
173277
235503
56920
833189
381861
449861
87311
305118
5688
721220
246002
747346
701879
672763
719659
981411
928267
924892
657383
694971
58696
875554
99957
871997
723817
781557
472698
512560
540100
429548
716671
227581
665050
773590
60770
46911
223452
662285
352029
743343
383505
112235
490690
599589
784997
210349
581000
713264
135241
752587
922439
708141
142347
22396
94343
866163
803953
567041
892928
858257
510793
609599
85839
175843
383190
146608
736957
120846
323097
603190
864188
706602
715424
869082
306191
14627
593636
401395
727890
243081
153983
164535
951221
296329
186930
45565
676696
505087
126810
569624
363345
637602
179224
449183
327649
76618
109995
64606
197463
947296
182001
575855
653898
411629
444938
474293
426255
552778
389892
154146
795858
58079
832884
747080
354407
19814
792644
545308
524901
433658
114932
402450
71260
294155
365837
398908
370772
990035
977717
82439
937331
159718
658294
105434
571347
617436
93931
511806
170214
483823
180156
480276
541901
13040
227356
410513
32854
534204
955820
71959
967861
70752
988612
553325
879111
466437
249883
344484
444155
846526
796020
118077
504820
901453
203628
636460
509589
715434
320878
993411
895589
801153
49517
908629
542714
974233
455687
76918
444258
527645
558984
515010
516257
626513
908325
384910
92951
158208
243598
537105
518938
39618
169386
537962
455276
373014
174422
479069
602652
9504
472480
498241
810657
36201
921074
867575
524639
376761
458697
968896
418610
17681
483906
449071
158399
392231
833980
251349
64644
591783
788453
97786
631400
472043
635748
600880
845056
810169
79949
447708
333878
66633
460154
658739
617038
895432
526314
141677
786398
985010
110573
205008
516896
108684
168284
675294
15119
516468
926642
593966
108251
229300
691752
253856
701342
327500
854735
60604
651873
448889
22516
985750
29726
996873
644489
646763
892306
685007
788439
678704
670018
413217
397916
701118
521900
566199
890616
537018
596872
817258
645189
705122
560762
336941
958977
776308
664440
327918
836911
830517
291011
859427
816268
320736
370505
974961
481704
262811
174174
784347
455719
358396
197564
853635
59514
233668
934038
950129
284891
530910
281592
930079
236033
356558
267020
709214
132866
445664
551336
969777
276181
356551
343409
606653
677287
713913
581615
673195
490929
755788
457542
946647
628388
169311
800282
687901
402978
248526
152235
687868
779435
948030
617947
529672
304588
884966
437453
330630
818631
921434
121016
175183
779047
727668
366674
7166
309283
39869
12299
579275
11615
958945
721867
180925
273433
409768
583903
521958
76207
271771
815597
24237
403923
859474
843028
288889
612565
794686
133724
431196
230325
254739
120583
9373
982406
487256
530742
805894
41329
543040
899373
52944
16190
621241
748072
803826
545213
331975
839988
621420
117951
655586
159861
521873
515060
517094
324966
641829
311780
972893
587229
542104
227632
707812
65681
724243
709272
110627
44342
750601
653666
943714
317749
184061
79160
65821
987886
624373
912000
827875
759997
29951
997665
434062
66028
512725
465360
390993
668758
777139
363887
255987
833448
105723
478003
899128
344170
187276
9756
388511
452081
177626
846430
284034
361686
925589
349854
863777
64167
776058
691652
338368
320213
689317
286635
386240
716246
751994
291438
899208
529134
169529
155195
362582
275251
633198
775914
619421
334678
785669
522136
786758
477500
368566
70792
839185
294156
934849
217167
872526
225113
908818
210895
545325
112340
11734
445770
342790
763727
737207
241998
807065
906735
911397
169647
696190
58800
459766
829815
393477
759639
351952
234722
765230
590529
214284
807695
915608
439396
716514
640707
498926
343058
652440
944695
200053
930371
681902
442050
737437
102842
867651
907083
313236
926450
881053
657256
319927
640693
523412
14366
877831
758133
293800
468360
801215
22289
276056
231028
975888
506774
385939
474814
364036
552583
419509
564088
482954
615615
520343
220391
232661
387994
641679
60102
314445
522732
717357
148576
163425
240769
677146
555461
513106
485150
538025
828525
507438
814080
573757
997531
835058
959695
472345
199095
26483
406059
277387
509437
535878
797729
244032
282744
185724
885710
342845
14373
922647
60202
677152
815174
354298
155737
328280
353653
693762
671010
375295
22047
244767
372826
371310
204463
845171
570404
745149
765434
847790
254586
815516
159725
498618
98260
345448
898532
441104
874024
335384
15510
551176
935660
344888
419679
605601
187373
773331
813567
858382
148626
349819
103149
35657
721128
821815
880827
805736
566965
167731
335755
975981
327455
348577
74242
187107
761314
29550
61131
96698
559264
126512
546562
904151
60395
666368
605728
833725
994139
464110
496555
343958
81464
532211
579290
417483
927242
899230
498652
601912
66962
348612
577894
394416
697188
166340
581523
458502
710093
156858
69405
269357
283369
615966
687713
343763
796538
807645
691692
790678
785960
702452
648840
867423
748867
228131
799110
190315
127361
811967
306431
708526
160579
398529
102943
857766
564868
198670
830473
789166
869731
899877
572727
667305
30048
774644
525272
826586
582290
731169
131469
368250
433621
780308
749877
696692
522643
548987
401211
164209
875158
707642
872734
35737
106171
489881
893503
185244
202755
238181
974409
72487
652262
547136
253996
682309
321781
779267
23100
418275
510436
154568
786524
458261
934876
536401
154954
971723
599592
70369
135932
474751
778010
522871
24692
398386
12752
432399
583629
729711
670579
558038
316402
322841
619378
570397
519355
941158
349664
542454
359433
374305
211227
660161
832565
146103
710766
501723
632030
824563
572092
282167
813518
864306
805037
838209
262692
331993
270609
846320
61704
941187
918562
378105
778233
537941
462706
297588
993303
812370
354246
866941
700879
565472
527102
533444
225779
237869
549372
857809
62432
121464
139976
875949
499974
459217
228363
762666
791209
498971
123191
367118
954363
41754
745222
246801
579694
722133
58593
87202
48708
412838
954142
749586
978310
481245
283030
718293
233318
346606
576102
295749
982273
230282
685902
482248
689498
914264
759118
480708
927440
882308
847825
396008
924061
107252
642808
17960
829384
701400
619366
392296
114238
573508
141882
606752
54753
939116
325046
288070
285722
415352
98023
267996
645634
298129
750243
849336
509361
844248
654038
905873
206278
50046
344140
313530
207058
876303
657118
908457
495669
563619
536899
69178
705500
657856
644616
497106
926204
930338
912457
24227
712538
72296
322356
976985
921632
48954
551
765880
217196
906423
486363
781445
250563
799892
988502
126867
971214
411164
136740
534833
462267
205917
754538
634327
844051
399154
131433
284460
843696
43891
308686
70439
630390
145246
47424
66227
708403
47974
346312
439803
954397
832674
221248
719164
146771
723954
360235
117985
135118
496975
167023
111590
217096
921560
61147
834918
877349
345606
192820
435444
168497
263258
65834
827946
824886
646265
50555
872859
992576
490357
341461
825250
225810
574830
972020
949763
935064
604209
599086
946243
771231
710675
163340
206996
970795
738690
556119
848144
598501
263143
797792
766997
40605
377831
109148
865490
24096
159702
252555
16672
164264
108220
841921
390073
683049
813941
854040
132319
418150
453126
592766
703586
678005
270310
424786
648801
9001
495109
496945
607501
758251
808942
888702
798856
186773
512054
178551
210868
185961
945309
350224
53530
583664
254501
250783
911809
108541
897305
329959
561667
4277
547749
239672
274586
972535
888472
283586
981848
899622
405291
740100
708564
808197
53161
409541
320252
745915
134613
506212
691225
362151
370640
258959
460019
625140
23946
371828
733680
435456
215991
809551
439732
763740
49224
714317
250480
451900
512108
232328
865726
431603
486632
88495
754005
539792
498035
588461
285708
632647
94673
491137
509002
979516
750095
969020
604656
288245
855052
852540
723700
71044
662092
677636
348988
225520
906158
113672
677419
418266
860203
57351
364073
346836
145845
118078
400832
643880
706538
686539
790731
315415
691880
299734
809135
956179
782958
413791
244425
152216
780536
482329
737463
442628
159966
86451
182352
66124
714326
373975
998593
574529
431325
362666
921364
577170
994948
322197
735254
215691
522940
40190
45311
214821
854127
854445
171000
637086
268237
929628
303506
562977
926162
40969
5605
86128
641623
702160
666455
355949
76135
179253
930477
507460
56123
366047
598834
51071
688243
848292
780966
725387
888481
826276
940207
742609
680721
625412
379695
463162
69245
197405
26139
995406
238373
545947
595738
879995
248107
776397
750148
324242
955649
680625
345906
525977
46672
944739
91252
249119
793031
872217
974506
681512
698493
428918
424121
893419
568534
318020
356581
637779
515424
382720
147390
268001
442871
257333
662200
690978
33730
412348
529424
503584
92974
875329
29561
653849
334273
635016
902968
127304
507234
391679
323020
719931
820596
261346
613350
389131
93570
484136
541114
123199
381060
202708
391199
823930
460040
567604
29113
7975
979951
558536
511558
587129
948069
55323
240979
282342
690338
658151
923849
711776
49830
761074
945912
384630
22420
73467
287965
630193
557602
829078
753391
938661
545991
658795
276797
6031
226399
305909
14005
206350
864445
39767
793479
812514
609293
548662
609061
813836
721017
532910
525612
285051
293984
471524
669680
830607
544991
471850
460801
616797
815132
214192
555459
361123
387191
832255
367154
613589
652368
895362
334144
516813
935129
127623
843532
544422
190489
452593
358258
425710
499707
398075
710760
307896
383803
894644
138503
928793
366494
113508
59796
181627
327700
615254
56954
229095
961713
424107
842684
614081
833674
176828
645099
768803
818654
2836
313225
523347
969632
185688
949056
469339
583762
659816
777234
967564
554460
915737
410563
435159
29245
470358
130990
871148
599816
187943
100244
75734
126255
457132
204019
959928
633959
363322
242936
966817
366157
556160
490164
335789
256052
439220
805128
839813
99036
582362
807378
167700
12304
732145
117063
555753
202503
248052
941105
316523
950199
555553
392256
590658
12685
596274
550586
646643
959596
793521
127665
325753
863885
617828
175747
119938
57048
980874
473955
670287
77441
281333
352192
603949
527682
469254
673906
730184
231511
615011
46707
181710
684769
438962
772367
697453
549441
837157
858301
23242
630678
985965
348994
8768
603794
38945
642909
175046
534023
116865
845333
125669
398197
197525
729617
925879
180983
917727
170268
412493
46943
731179
594202
731711
684345
880773
429165
233786
717930
801670
257027
787635
120226
871580
905633
159170
514489
80680
693193
631353
926012
818861
543755
637741
62683
983838
818723
980409
668310
231217
541556
399489
339623
273268
83835
220397
702432
317620
938326
18307
88852
801139
805941
209077
186924
711575
882450
701412
306459
89848
846970
232471
422913
904929
384416
999799
888767
203139
980208
557077
948559
35970
470771
288183
309237
554605
508579
525873
386429
446905
544179
475280
762248
350120
198561
949171
575899
595216
650584
882357
199268
11759
629032
622181
916687
527652
621980
805454
730791
116394
876735
193555
152363
347506
481737
461599
416315
504520
987471
802744
951425
45855
792228
227878
395974
504994
177050
486078
614414
827633
882639
813681
353596
511672
435862
270283
553528
572047
589941
284319
688440
466676
992078
840802
328387
988019
816605
258906
492540
318281
61650
958169
364135
368083
186047
274313
387281
363096
760390
1695
704933
157235
329580
58529
183111
765442
843015
736638
851693
432956
535162
540133
413837
527240
895139
256428
515259
711744
515333
522003
544229
576983
480172
908363
459270
666219
696880
846550
543519
457271
362449
248453
128710
692028
821185
311820
664201
48458
823367
611361
583619
877704
25198
625063
772843
281625
654527
998791
796958
176530
543020
888145
656702
965587
861619
837125
662468
222374
380644
633943
584822
143301
762652
791054
478691
588676
276934
657096
637133
100301
268457
734957
978005
293655
874224
265053
89484
528751
263845
400646
705281
321069
802995
876187
800861
664614
713312
463329
886987
608160
611476
986013
265666
888332
777068
744356
477008
54002
401452
628345
668506
669908
877506
160716
477767
751731
425769
81456
280482
203818
482101
499967
39091
285097
376154
839951
949710
603670
817484
350903
211831
943164
336916
991700
831496
628188
736056
308504
196394
137508
451054
864900
321620
328560
539820
313592
80291
965588
395047
874977
683610
877147
722701
676448
751098
562652
626159
868972
894341
491266
595007
837505
828181
586707
669002
456370
322763
491710
166968
974474
456968
546072
810299
785528
85893
123891
380023
565685
518937
255000
249296
910288
629944
971996
586737
895246
48853
727100
764218
457398
218366
359226
294904
560751
460137
478110
17121
782900
484024
698293
271579
940992
244365
81878
240725
330257
205768
620747
895942
238909
875747
659442
663402
505691
631438
250139
915141
194495
491443
679359
166098
709808
552789
461001
270559
12927
453315
801884
310031
451543
500177
581609
392535
744541
177692
147464
589003
897663
768211
999149
136573
158163
658591
799974
663853
290029
564317
93199
998727
55760
286762
164825
765567
839551
140030
550330
366682
107549
352214
190917
559092
366595
772525
465831
625341
464421
613295
214344
362085
895710
213493
12862
53873
872083
327040
231930
676316
891356
325128
189248
461320
611889
354073
741091
965644
8307
291421
332326
115856
157840
37447
674947
524434
809972
654982
149775
274393
268277
878322
150682
678191
606019
163543
732063
478102
490582
963992
668622
381938
289120
857870
843257
415214
726147
584348
380858
734453
389974
227389
364513
547813
264835
553664
586451
589011
208647
250431
377609
991127
128753
528290
669319
734772
206038
401382
727078
696619
879579
395701
592762
682903
253571
950223
98117
493922
48777
478975
742579
438750
220568
107093
500767
485402
660756
87218
588618
383607
337648
966226
888939
980605
8721
558258
229582
214758
473844
956659
911377
353423
866564
18344
550531
120135
968566
648647
128261
17343
641826
870840
970296
862393
977932
471063
862000
152893
72486
450618
50705
924337
931048
939643
904942
939768
12106
648728
668731
485949
605388
94313
353577
471952
112656
904107
106292
595426
66959
234552
126974
708785
619596
97270
85383
597528
82538
947382
264626
669227
912204
315330
593564
357457
254973
12712
811430
267078
661439
480161
267231
781031
574473
135012
767188
201333
39119
873479
796758
620282
622235
437936
329067
241832
535206
414449
353564
131948
876036
132394
801174
302445
447723
908942
659902
216900
921653
471332
998181
97298
465697
779617
878328
554374
914628
645516
755706
467952
33200
66669
88234
169640
504605
931504
925675
554015
345953
279239
200167
736193
925837
515545
38639
887764
424487
212745
104665
860345
684076
617050
957642
149773
396667
350175
218351
311296
509896
974056
293452
57300
554929
381685
226939
573738
313189
152614
641957
173346
946057
842123
909539
871894
357668
462382
759658
296360
675126
378527
156705
873406
509782
628551
537383
906448
492930
755733
731948
2826
243994
25400
574330
798922
921288
801268
886865
748681
468087
528822
922027
414144
885150
345771
800242
757022
322357
74105
53382
511687
452632
724290
385093
962413
352841
922475
383066
359976
192413
629219
877005
436406
654618
451335
749532
90112
252604
150602
838792
234895
679424
275024
649038
78779
620794
963484
835800
457355
37589
889182
969041
4425
613472
354134
481042
480518
790813
378313
354698
497430
7532
231703
933835
176354
683038
197573
266465
449846
348174
619462
684740
541802
894485
847982
134785
29485
325671
970585
486839
877463
373972
455881
396093
501648
324219
877134
496370
629237
769651
851067
126667
777182
82771
574707
953536
280013
772279
734205
244063
634657
867871
443007
690664
762357
290989
825448
306046
130864
796033
307089
8327
170005
277174
404419
185858
601393
795758
682227
230630
565409
533295
871500
342592
616065
446207
810332
410282
218486
58742
654344
367348
926613
97351
58012
203175
902543
883459
509220
33407
193698
330513
41733
877906
607687
960356
63764
209080
756114
745991
953913
321523
793490
825413
178319
409555
785825
502855
334041
4311
75802
988384
885862
2415
599939
943873
719793
502482
341538
743217
535888
535235
73730
91825
927345
681416
566385
505314
404700
322499
251305
872817
158227
44795
212436
850749
968553
998260
353605
816798
516775
429406
805182
402638
946024
405121
346511
665817
907602
202253
923238
957694
251692
996967
563723
179038
192589
130109
684351
597288
966811
449860
984310
639242
8859
196746
489992
491616
195006
357801
308414
711780
301411
627800
628622
247435
32921
975133
427456
454727
691590
350694
926625
943282
861865
4553
636524
54454
648865
835079
165947
129882
284939
150257
769123
808001
347002
259115
299617
56212
131120
122235
282196
432530
750034
910818
194169
297159
400156
621624
751885
91746
486522
192715
549232
862592
197267
185756
917045
360337
20835
597196
490218
819977
261657
259341
627978
122863
32661
441799
179074
163780
564033
461270
110515
314067
886292
304683
611225
286448
440512
877314
378193
927033
584233
927425
789625
295705
113181
220876
656041
648220
818071
146259
468197
79729
919803
610380
716795
466668
52179
895869
144653
616212
871343
255167
444483
757635
559849
569913
44083
361
961431
936479
441599
545665
863904
231224
355574
491290
966303
653714
298580
672077
121911
892512
106085
732290
609307
572753
298674
505176
717405
914885
890723
972571
873572
648358
46625
957689
206645
561190
919121
143125
516993
978990
521233
262421
334564
526727
228725
346178
180441
527304
532459
816556
419816
638543
63051
29123
211296
361724
48504
442905
939226
929680
178591
101790
490510
136280
308434
51700
55401
965762
568692
34391
1201
831112
368954
527927
574041
229336
222573
101345
275999
39129
35365
914542
616383
578692
640042
492312
141400
597152
283125
594830
526832
461715
17342
112200
519258
583245
167600
999224
666141
716195
425
11459
599353
528352
99704
342894
265129
201049
618892
818461
750617
47639
434844
329309
201886
927155
470708
799037
724485
65539
325869
700404
276362
857415
812603
309824
954864
494408
309049
135211
724807
309473
660873
324160
760576
667053
617157
475829
800150
435618
226447
847788
384667
69960
49674
826026
54873
848710
550511
120411
688784
765120
910976
60404
91928
220801
529472
100540
529849
664682
825346
353526
325555
149507
705555
600336
330764
836916
76165
130914
786739
302611
492907
171406
372571
542580
997431
427443
905495
62148
62058
108484
341472
487238
168887
433399
708038
212563
533939
752091
877245
873489
619822
717004
22996
325377
317340
867964
676497
393505
513082
463236
210320
5989
148846
97095
62774
146278
38742
482473
722629
100799
590956
578305
102242
274047
11704
810279
486609
59847
76576
878058
933336
696397
109268
470536
535978
940811
852704
212475
848520
365787
189916
58841
885979
338761
670139
462957
999242
708881
945429
721871
323884
50590
814380
426125
324636
340289
750609
325450
400135
827184
717712
847675
37786
826979
832416
87968
281996
685120
814646
130516
565111
4562
703560
965295
343323
373700
428252
342565
82581
373682
578641
406464
424271
393021
346794
263112
733309
97403
588561
647649
438791
820477
9529
476576
647457
564543
443657
555474
379189
574172
120585
897955
791937
600084
241278
165637
28337
98047
762421
916222
190892
683089
854697
98118
29883
117809
831426
127285
220574
993279
566075
41052
517013
556855
202713
873161
635602
160574
428635
528996
734745
63425
426951
526682
663508
182433
206523
206049
794683
483148
122271
985575
166238
491173
83693
710324
123186
429323
351814
857964
422603
432093
899015
453820
988948
615932
326981
138755
776505
269821
667750
25455
847449
608905
66342
510957
791337
787068
231211
586021
270217
867685
571596
950658
358858
169493
175187
482044
598815
527000
340008
535622
959093
753227
989441
462246
883363
830627
601000
174073
614652
268751
713731
462101
877655
294277
487262
183198
81346
718472
769218
865766
586158
855018
330629
459220
538715
505815
455468
137530
547020
309680
187357
506113
577111
691002
968358
974678
521629
83563
148751
650485
866517
376687
112586
744173
670963
599848
441575
266513
318320
210793
132279
418682
580015
977111
392107
118730
482927
361779
770463
29947
671459
957819
50264
248570
163027
532826
737453
684655
616388
400408
335141
482906
777094
961930
741283
448058
561778
182858
714570
394303
907854
361054
327189
2074
338165
719295
120803
335296
595279
891265
365242
266738
363290
929709
29512
526316
462535
766964
725175
593128
167373
574520
76034
458671
536451
331521
420933
612433
28583
649708
6736
936436
10762
848129
938509
863130
81629
573516
198427
676907
978985
77873
943644
342275
7583
487361
382795
984321
768529
622175
577449
450106
196695
167687
908777
247350
499207
329710
373988
527789
979417
380723
978429
990178
228852
916938
367514
310481
4659
565940
987387
983644
158017
445237
840123
165599
446802
222919
664125
215331
359298
241574
665437
555992
409261
574214
317547
908467
903923
691534
950461
397546
586461
387724
329518
360034
269442
154203
364692
349586
655794
348336
507603
615235
188460
187406
62037
925582
851530
277368
284880
93105
457009
355076
16570
31223
186827
439241
449350
392565
389702
846895
979026
832797
748824
822748
192831
18266
976950
71727
367852
146949
420063
875454
762184
122727
577064
824220
562513
428595
615792
361597
35904
72801
230877
52473
618227
417704
491713
67578
324473
395620
428677
303499
228417
177501
640451
935451
709971
131606
7178
77823
278555
427240
467481
554943
64171
558749
893367
140888
987343
509160
502484
23247
96165
247566
589923
714392
665269
81637
296174
989741
477256
724850
807445
219877
902351
962100
155328
612322
93707
162505
204349
886465
103950
186034
441408
168120
744782
334775
823212
246331
358139
325696
269577
454304
573261
859500
682900
752734
455341
979073
256681
932596
703923
578330
152473
120479
540430
822004
247005
148341
984508
451353
34806
88458
151591
476213
256578
410578
325193
79790
656908
197536
919689
440689
166044
7156
814393
848943
274094
269734
828016
530774
716534
46145
623308
383211
166623
163739
205215
927832
312079
189724
379185
861089
278181
44981
851506
48963
455558
176699
642956
112466
374235
76851
67359
540278
84006
881752
903426
872303
151486
245647
917282
868020
291791
540590
765435
972618
218533
970650
900450
44817
674578
793839
905905
952758
353024
757411
515926
808581
934110
158882
435251
822549
235732
502610
877031
833941
384362
780457
706245
50052
26105
432276
832099
678321
197712
318922
896854
168362
733576
941670
842939
527416
847575
309902
394644
119191
825827
203226
53301
984709
152681
390054
734645
169495
267086
82792
68061
561747
303241
118113
102056
440972
550388
934155
119293
748099
253077
530351
430665
500858
472021
273604
28274
833800
97711
422917
952991
923537
140347
520496
422451
807232
424755
671301
976726
206045
754092
44788
767791
571537
162900
869847
12509
227492
318207
131801
975591
85488
662152
406256
586345
648377
194065
128823
996382
291775
65945
463578
729516
206291
498278
666172
13523
923032
337473
504454
129077
605769
549241
411073
177306
226345
795124
189814
453836
113331
835818
943631
198818
12175
864092
299368
174757
58157
428190
171139
864135
494134
148921
107856
214630
647198
774027
742356
570231
625704
246810
213512
231473
310255
138789
922982
50804
933912
627000
504640
47243
462819
962475
760265
989197
826567
573837
163954
398928
2027
849296
263063
10366
998216
370919
224995
159620
659150
481555
729850
284855
728365
457566
30532
552824
596355
467719
603628
44472
94719
622472
91715
71742
584947
366184
60940
925719
940020
739097
324647
456251
588394
101915
980820
100815
987037
205815
260434
646187
687370
504488
445246
929939
476259
989982
72614
457701
600595
631289
552419
737271
237208
624161
836423
603391
199305
762142
57616
938401
600993
28072
702907
141815
689944
728911
402248
336132
930485
420941
295582
374629
897199
285564
371596
484017
743264
972191
115306
809888
223667
352514
948253
60090
470109
147558
336436
41930
600163
937429
70001
641163
640336
593096
297182
330281
322007
213634
180617
766696
634574
476198
141325
531773
275967
512921
15790
533435
999316
645300
222983
997813
805780
797277
467922
467542
133713
509851
581910
71142
94056
223073
711478
687152
520254
555963
523363
733887
736579
290060
882666
726981
431384
414439
2948
944304
944433
50588
457825
103938
908114
680808
101751
713895
478085
83877
695641
611797
107933
277551
197144
716192
14828
908621
403344
49286
978788
440912
783173
229572
730971
180044
956552
676559
594482
473705
135069
53120
524292
592893
157057
946610
787905
773011
660505
780194
371093
870351
906196
479025
147902
103340
195217
162730
526165
112766
212015
504953
67882
509392
734524
798852
689435
205281
989615
798122
678985
124684
365446
717481
231782
522503
664092
19687
809718
838801
314086
180811
709152
220282
174040
371259
323621
369257
48193
849785
996226
774411
868942
64108
283804
117671
377164
487443
322951
366779
799769
516141
5668
165216
233622
751653
201923
411918
285544
525845
764924
599629
706656
474076
819910
880695
359539
657735
764156
407731
21725
274587
182143
890666
338694
980150
8337
230062
981797
845492
111046
781567
361633
630917
460987
109459
382570
662909
521377
182318
188754
286301
781947
409614
274581
116062
804514
148325
773797
568670
556055
309726
252402
200393
696155
746756
722933
440422
728554
568425
65672
24326
444262
696588
485312
553721
593362
662425
589302
775679
365383
389807
71831
774997
178592
702097
579511
326916
990098
662385
397176
299824
19847
649577
14421
230207
910538
737354
670628
639092
819983
736299
177622
778450
947091
662933
332171
540453
839562
435677
830336
204945
339688
902167
494146
518279
118469
587861
359400
108567
764451
756575
408390
784297
920356
422811
14504
345099
674369
199336
498395
8557
449839
676016
787006
396930
853153
633381
451587
692715
583262
281924
411865
922949
698295
420215
955433
816763
8077
314833
925329
286732
585612
847923
71029
20173
784938
599737
365272
973511
799072
863666
982068
763116
53888
283279
160046
907040
916660
125838
599756
499922
407761
525825
937076
106056
946039
892509
922818
468320
721546
362352
755051
821362
724479
340285
355739
509418
940021
235215
997133
253298
613086
979201
530618
666973
262481
574013
693345
330706
687973
707471
738466
213798
644547
358726
674042
51261
795748
656566
287011
158100
925822
622577
396783
266107
492521
906200
206128
727735
417539
973629
340821
396740
504248
7794
173425
709116
581807
380974
39822
783984
88446
292492
997782
247197
651217
186029
812662
446965
842594
613877
119269
768416
236455
516051
548727
728975
936456
269059
970914
353995
242689
311736
264939
261141
833733
438364
484461
929744
819337
524282
713729
421987
330978
225716
669184
982194
411744
481846
429159
768542
95723
548427
51164
846381
578682
599890
89561
515138
868949
60476
869132
625842
886415
134072
401187
720148
86640
885647
649893
420181
924133
877826
842168
255111
103542
511352
237305
515285
507402
180668
798031
117329
243299
849194
963710
821980
963289
567475
851323
346443
142155
720455
972284
542774
368731
887675
777127
969574
287527
941224
389756
211660
819050
231924
980974
922591
257480
732483
952080
764881
913150
750111
882209
670653
599306
360124
492633
562595
927599
343956
423242
583958
578616
909730
126733
461551
797405
903859
945330
84932
845083
335086
810795
178338
81214
791769
100929
338693
38457
53009
103574
951606
803119
985782
136464
916629
345907
629096
993428
787710
487257
416670
371668
580077
326400
12605
555832
638009
916463
501162
722940
275751
836247
47940
454088
917460
353913
69221
256153
392369
122229
359726
858179
439553
859713
994642
870386
719824
137944
863815
21739
625200
794689
907610
719481
635294
920215
275313
273303
350883
776475
996243
140839
612722
558387
594926
44388
912300
178352
814744
304669
814784
688675
162849
254337
548388
671695
638928
782416
809638
16948
804154
949042
811636
711764
668523
446930
146184
943836
234438
497067
720311
744885
637905
847237
303272
747035
405829
215572
925386
34446
740171
909248
711498
508712
971840
383193
147640
754256
707036
164587
72615
656078
490428
298583
324602
451562
444767
782642
685999
941833
17158
430884
93943
864394
734156
840977
270224
463932
766364
5002
498377
20740
914249
209875
529451
886089
593068
191296
154550
300104
355882
227164
470386
360514
525746
309192
812076
91834
498075
426550
108991
928959
34697
487590
177320
875674
272018
641251
156243
277019
139629
176982
705472
349503
220637
105766
456775
411932
260315
271083
282019
1683
741469
642532
41633
50661
454608
526350
656699
952683
467104
279894
395847
501801
767483
573166
891679
553705
214417
47922
830723
354045
739107
50400
217753
473948
156165
188732
885880
416479
459815
167899
932365
715488
810430
973998
280353
265039
14553
937051
731926
995860
216946
127773
497661
984428
215143
903544
52339
429559
951465
883061
297809
204777
933461
515561
678725
89626
704292
78810
20310
678311
246708
952674
393799
571342
440877
674152
350585
455429
611203
82511
451290
342353
724487
463155
840986
453834
366700
893324
883393
832369
290590
181202
551351
224051
210967
230076
827881
915258
308885
362395
593570
69797
829273
501573
641138
270151
175725
505928
239784
301133
102643
205278
643485
827130
182638
484471
280964
63542
891999
678561
895910
182590
373967
447261
920844
584933
191541
262930
500192
14630
625324
607966
598630
454598
109539
753973
238953
285264
259901
992940
100601
362543
198219
744085
703877
895060
742761
499046
958601
148965
177607
854511
331554
551574
815977
252399
136507
521722
29533
150903
50557
654857
758868
649186
623659
382612
403159
862611
182080
177264
855551
282680
539807
567974
540969
243684
463034
797934
742729
421635
946899
434541
790351
792657
500319
120533
559260
151030
642254
588793
301933
207015
243650
575005
856201
867308
957616
773564
244124
653900
950828
613879
936579
4840
696058
991753
762727
673296
789687
505457
609136
250791
454202
399487
43449
954520
34224
602708
105550
190682
191501
921686
397697
949354
496692
768102
330867
968512
55871
89195
136618
520903
703074
587401
525742
913336
579154
288470
586632
883046
308131
709972
133837
276537
623663
691489
231057
657886
294198
850810
848568
999902
772497
760469
463462
783393
528571
794328
266110
98646
883523
402727
619549
100802
990128
659495
528342
83487
947964
629178
966532
770299
339151
614574
46836
962813
820267
792096
620700
628669
642907
983472
628572
929608
743941
606238
227206
786716
400566
7520
399566
798293
924451
19115
413299
428784
678610
941640
512270
140779
85024
993007
911078
424174
121786
957913
901191
942052
264215
36096
570722
907121
19568
713498
350934
277713
319736
92344
578633
720301
614067
978199
32800
538518
511518
446098
967301
190128
901943
993776
845111
986966
986783
756189
925344
108569
228307
826535
50621
862631
135547
913846
396403
849044
778984
188321
168780
385532
766953
403286
999599
259357
436085
538117
770875
396387
19624
475207
812534
13400
834522
799500
183
590711
239049
622955
333223
65585
187780
339948
442420
323327
253795
838822
172371
546983
541347
855355
932515
308301
258641
932114
81862
208930
984435
366941
605316
4059
356353
417851
17458
190875
731555
531844
781586
484809
154799
629013
550393
342579
968960
507017
180110
736959
860043
866684
283943
401391
722039
730662
223896
980679
176981
305757
189609
161416
672698
309130
679679
29051
241185
697136
734129
486944
743185
29920
971752
897983
658932
36350
754766
627893
543366
449080
879056
917614
315765
162999
319005
37804
893660
542900
532688
70641
848656
236501
746261
35559
59835
425940
578813
301019
637280
312943
787963
380465
342862
273920
792653
1795
310270
547419
143892
367840
510704
285454
826468
700151
604458
378476
108016
661562
911163
692861
510219
661869
439122
59982
721703
379266
638795
22723
530750
465942
324890
911215
808803
113014
703868
324802
937487
765491
982897
305328
790399
5846
104986
616867
220201
223649
995343
328216
885210
420711
21077
909633
82580
974402
969615
318488
867872
122615
855414
398623
588556
694508
824042
911563
807521
42115
236366
745009
807605
564541
598005
739312
669526
729076
959512
407379
238624
801933
806794
659335
337214
716427
256119
825821
200247
574606
693693
837065
430020
606520
425621
124528
430562
337185
932049
472676
87755
191263
794486
307017
755803
906695
560534
939533
635771
34251
861117
874395
836183
667911
47935
687602
898542
304053
513423
612994
392864
721320
450059
337088
327841
389885
461616
272607
241274
907869
745283
329028
613336
539769
150249
369139
446464
710782
822876
596439
745033
683993
985038
95421
351904
547177
297227
764651
851230
810649
377645
758298
46175
341908
95386
888219
731792
557001
160826
973065
979074
420313
816297
592410
960081
966546
475753
920749
191533
298630
31394
450770
496827
16432
546191
362936
563609
843417
127587
929043
168272
19436
687341
728650
361343
296931
616869
93136
368137
291899
580405
347211
712212
396703
453826
186498
877453
929578
621452
68986
742412
652845
519756
239240
183481
580151
602175
261294
937772
243966
704541
620248
263401
906086
348898
624743
203018
479971
232083
571154
286075
326693
432569
998286
237600
886394
698988
115053
330178
320440
698242
72590
973284
217998
826033
670970
312353
428208
932263
250126
672173
636805
870373
935573
542891
733476
74522
260113
213447
820808
831266
499521
147501
263836
12012
385100
664434
711000
14357
994611
31440
712599
581406
518929
930596
407439
189899
757154
349852
122162
7280
22025
273171
877652
471803
816062
611128
60529
76175
338780
881336
421646
352505
28838
199686
364517
928141
378324
75517
942498
372936
621160
655097
468546
140089
99898
390189
329987
857051
740040
966353
864330
276270
239524
256188
262277
569790
381520
322805
160170
720299
204141
581815
72805
747182
781500
951525
675324
159824
27042
617822
46964
648201
787123
29714
788290
887020
419903
632481
744072
674147
122607
950416
838358
378794
726897
408148
274519
49702
568317
994817
768047
664336
581826
515229
960040
533351
704757
634069
74597
836783
195237
237003
623906
224951
539497
25132
159058
171978
283408
347409
770812
406014
812030
123375
299013
538927
45727
573531
588629
128249
82553
356676
792584
178584
386109
266830
226139
605071
900898
300736
441854
96135
537738
579965
835289
591439
605096
508551
763416
888503
855960
48433
808721
182195
686011
107734
721121
731738
195469
309750
374191
278022
180630
166775
970809
80944
433604
196948
686014
848706
11888
642072
459046
63830
222037
808539
655268
341337
317091
932889
744044
687255
981321
552766
869449
667333
174704
590570
913275
370173
414525
287466
162399
109359
968444
647412
704506
916253
844359
390520
764959
856247
546797
738209
434281
283038
546749
89550
624375
378044
22439
882623
579503
517964
435389
963156
699501
124298
67931
612776
494470
996659
414446
171073
106019
382891
818484
810524
813348
177048
715249
92512
547499
262046
830721
981780
59288
891674
71330
197867
783922
607972
80491
363425
125936
30084
326581
825437
154381
908715
952417
163055
905375
366864
848331
11394
263959
666815
336122
77307
843863
51371
684022
391362
827620
514743
887346
886908
920621
472880
84775
704543
80852
679469
67968
720992
709553
908752
60634
863933
817468
13051
541193
722843
894118
389524
248441
672281
56340
584562
263792
414407
150138
947814
319973
491962
976761
207320
378870
897383
194404
977849
601926
275256
657318
184099
510452
881075
607055
571085
424523
98340
800406
661570
992458
189930
910010
664739
760473
8778
928531
689084
673119
390550
9058
165081
367311
730581
58156
264694
924984
36005
380825
714444
207527
79128
224896
88603
686182
795980
347816
624910
894320
148222
800684
400983
852355
224900
579926
612829
747881
508457
301913
421000
413211
825174
586080
780522
555755
644235
559420
994944
194444
454449
709388
401971
533576
934284
490573
733963
244469
352593
873077
652993
15019
187966
53976
867373
412865
633902
480202
160746
656563
296320
581745
69775
121494
682030
364501
677249
326265
923920
672193
520709
378370
895785
436884
426150
830069
441661
674317
588743
794253
61599
241736
809271
249565
809916
676644
662429
443818
671051
337380
614585
967370
919124
684359
88864
115359
48860
766112
441624
486985
952509
476537
379559
848295
913420
805708
192569
355081
994230
781311
149334
55829
537252
472809
305393
347168
149453
482027
305190
820503
819406
919774
302078
252735
118339
390942
368094
681402
671258
809717
168387
623768
286254
547945
986267
713878
867858
178836
68959
376293
474352
218292
432121
11604
205305
251719
358771
354757
733745
663960
689465
553151
97939
991542
320090
216277
896688
688183
411884
567947
12105
580270
705919
812562
642420
692186
526440
24483
385226
595398
400775
859577
327894
347100
871180
533198
598818
744155
402160
332563
922319
605829
399918
20259
597371
720008
750739
494060
922395
162623
576211
934500
257098
282130
261267
413722
974315
787707
438204
359541
897309
353183
733323
225204
700282
604503
272606
299101
348659
674765
145868
785182
280594
59991
805440
392170
294203
556180
400434
216598
233007
976644
665302
490104
772978
926569
903825
261498
228481
856233
135243
125790
209416
868565
865197
423903
473069
137804
335932
326773
897279
121114
121572
957269
440759
27946
251472
511143
428379
468070
744149
919227
647576
748458
206410
574145
652283
467907
802625
22722
603149
928415
746341
471715
307817
684448
458988
445620
921655
309124
286598
818935
944441
922373
290409
385200
950318
56086
410547
892901
524155
154697
326333
685935
903154
532742
260081
69642
649
62706
606567
118002
505325
352909
103921
813142
37357
562908
772966
473217
386236
573768
806356
330678
496141
96765
230082
960663
152850
640629
853564
191209
309530
179897
877144
726888
226843
651429
796529
741695
714134
403097
859697
733664
270210
963617
61011
821770
40731
348181
294987
426966
921949
101343
271848
932294
712312
501930
892958
865161
142559
746522
570575
966292
440624
961923
693180
181671
613352
489709
923366
841690
407010
783063
575354
191424
260885
150569
13195
301615
498750
308181
242786
934903
409524
514633
867197
636040
16563
760155
501201
673325
20883
585980
639617
975710
547903
847001
157381
161255
850915
80747
2946
257925
378014
92504
963553
638899
757277
976747
454718
256027
284928
697503
190930
208656
212137
58127
844695
742903
332487
860101
930433
867573
446081
84255
843283
508189
931256
514868
183648
782171
109820
186593
40096
487833
793301
517853
640936
550578
494600
95655
320809
293733
307362
511738
16593
33703
84069
375493
776606
930759
749798
221244
798332
710083
305498
155820
218272
236754
184893
401920
18925
294712
102717
573225
782544
896017
91078
937685
960799
585678
33340
281608
393615
854905
307550
410207
888608
905823
299904
179419
836582
400662
149120
759785
706159
819143
978056
942913
4036
379976
961837
812951
996897
535062
595496
407119
140345
533181
367919
240227
80725
163731
633841
935629
985485
558252
824237
891308
858156
517860
242095
907857
918521
905418
667642
624681
724562
159904
567594
242802
54084
43636
55754
50981
92903
165454
458100
747451
212839
340223
987677
807767
18158
621518
743396
3643
693974
81839
409155
552130
599698
165455
974192
32425
70873
156039
657105
309639
830146
738903
552441
884230
296743
122399
449415
903849
287852
421719
651300
14895
276146
638977
822661
294304
774699
80262
812150
468674
676304
735510
535008
790207
900964
23405
822631
971836
693648
993940
281476
523794
732843
348121
408024
543790
470519
857439
447640
272575
793362
98940
801673
69509
252122
624334
878016
26821
218800
690166
9699
895104
939880
58912
685311
840844
82316
507942
326886
290168
16087
122566
813962
748929
470686
736190
806923
455409
107834
254563
242188
901196
867707
558065
970704
119829
696603
848720
146649
915402
53091
670552
810506
992971
729463
10022
833815
325983
32168
674905
616151
48254
797470
430113
311387
782360
680507
118311
751973
788341
887077
508365
689537
754784
66430
660241
874612
763032
23166
535466
678435
76256
720222
3146
69227
449685
527372
417247
289872
559539
92152
420227
121998
403827
364544
433384
700391
45052
65899
452365
833392
952976
960729
522929
221965
27160
697374
610782
790191
720539
660452
982830
310999
380674
500181
380226
344563
27553
311677
634434
101296
918032
568866
223293
321859
933409
170882
536455
978460
750984
988819
811852
218165
949548
848985
440130
490912
60564
795308
781102
225568
292343
606306
606241
792523
500736
465008
820075
812412
613646
921371
244649
182512
658868
80713
115922
829749
617167
94382
580734
605986
420439
313103
69739
753232
74856
844192
318348
870163
139499
58120
162506
745804
178565
469234
246540
643572
289309
573156
257219
724884
817805
439730
383753
412722
555651
727706
29889
164238
822644
150079
98881
135748
219817
882508
403184
294672
726700
235737
679039
380404
293856
355750
126208
986625
824983
886952
630197
628496
460108
887415
353381
792117
841350
251338
204839
911205
493248
748931
75443
315893
899009
688527
965844
118827
571036
883232
927702
811940
633173
606742
192344
927029
476696
832756
427859
301679
719708
58056
930174
694020
459676
797759
343
301026
49097
719385
726435
542345
468317
801878
372442
367326
4610
852490
357
575645
735722
928059
901790
368896
49006
94134
810129
525701
441094
237988
341584
675006
810247
271758
883231
269923
69518
883573
85153
632818
117163
811588
689367
585479
127671
61809
467010
132280
428503
981570
222130
164226
909629
123920
47326
472839
732257
371659
512744
687556
609646
854327
362562
419893
640290
245793
204021
224012
643570
289173
371034
760733
614965
60402
860416
742635
636414
327426
389120
64918
308997
611249
743347
732830
249373
790672
719874
495834
162331
746822
183390
286181
115355
545952
220278
755644
791744
938502
493860
949519
227676
864893
356845
439499
570668
613685
75914
412299
2805
655035
235500
128258
398382
482534
377630
703258
202408
873463
379793
949230
571058
665973
64585
117010
400455
334433
422958
338958
342497
372477
80838
721594
596933
437682
161094
681806
51367
751211
94105
568375
406246
843808
696632
318832
326342
588466
22090
42955
976134
401882
506389
547192
582059
85178
178406
982513
419610
601363
321471
276311
488045
402308
512109
599182
839990
673202
280988
405561
938617
889296
973936
859067
733104
670568
177899
573651
259035
714192
616605
116074
122994
296565
698132
208171
474970
680646
141985
590537
516321
418295
78582
918629
444608
677764
272824
632015
472956
678384
570632
362253
166525
943904
95357
351298
121803
183212
610332
835995
799816
873909
466273
922809
170474
645184
645443
873460
787168
750184
389781
719667
828766
822614
164276
20735
95438
796290
493690
288027
366922
855942
454551
310826
465504
805848
946833
648715
930384
297033
962736
804293
277510
885545
488971
956119
530730
648618
829579
832102
398803
733565
551770
741773
556179
716045
762507
165822
512335
770401
968052
393461
140549
936807
218492
606052
256861
679529
768971
187245
976561
731707
505743
768275
131458
508918
724395
176392
157537
68179
8494
556339
801743
560263
812316
872127
790512
574823
37949
817051
345224
6001
724717
485772
942807
457413
606028
199668
136942
889204
901117
627707
135116
921064
395982
266573
429982
634581
442964
101723
702760
965662
172266
504503
40130
984581
890834
830642
73609
928782
647693
418833
448987
886614
418809
905999
344027
539042
105667
480968
428246
520988
622879
563361
956256
533066
344139
900443
167647
301307
2166
870406
266969
174432
889114
307099
673217
779948
651945
746826
222936
813842
679863
671922
700457
98672
577921
558688
151918
197793
553861
94368
232985
176740
171934
189242
709805
516072
89685
877452
331583
91850
262063
112757
780485
151177
934059
453703
445330
586004
714733
668265
914050
394596
340187
128712
7472
432313
687400
159390
144310
241261
253757
377294
418000
425690
566535
642010
455966
170424
33667
787549
776478
295729
414510
71168
961110
348569
39075
406440
448777
753807
74705
362827
148403
929095
491539
670079
875612
178939
829468
19922
420199
597429
911420
352403
537324
992159
508617
993289
162584
542283
295043
939061
838012
709552
524433
799122
58121
563508
205562
21102
317315
794470
383929
979922
237770
875467
650001
113383
568610
993673
133304
503013
591102
558928
369620
128426
551088
878237
635920
713671
420520
930962
166937
772736
154720
691369
86063
769081
805828
748146
86397
114503
132075
580523
352273
521746
230524
465655
604560
224197
113163
107573
329503
672091
477192
457929
223179
869633
93849
804358
539015
132195
91299
693734
337768
177362
420779
106850
497394
683129
707450
611897
815203
287973
964169
851153
32701
944028
455713
771101
57191
77490
100604
729281
68886
72737
466664
938519
680789
917717
257082
219805
49912
348380
913538
901884
39946
848521
8734
537340
531650
716183
663441
861057
518360
627610
712210
551060
571638
682127
836365
143033
759616
451173
386519
828502
523910
853182
281226
204699
285105
538307
938707
849220
886686
852246
751104
440837
214972
759837
978176
746622
990224
155822
121884
508584
783431
834094
573848
869273
30426
410213
526510
790042
375591
913028
132749
899500
280416
413974
618403
565520
952280
557111
414740
353171
923561
165845
794007
138533
439886
286388
399359
430111
442209
521243
452899
739844
869541
26748
123322
899966
951164
649832
204213
326755
77065
851165
740459
357480
265139
873067
922999
731623
