194243
551371
854586
459585
644961
727379
214672
757845
789533
478738
889930
306253
645485
461758
214602
756982
611725
753458
797562
299996
358893
562692
124933
709812
257906
901965
64834
93345
678872
473058
239183
387320
538633
607974
846904
183594
849557
575781
455644
639090
54519
859778
945342
700003
321537
674149
456986
933261
941811
254548
747461
300704
331445
386598
10517
103555
288563
589554
196899
967435
62612
950285
868959
601244
558259
715863
299043
407816
291644
754686
561111
860366
614464
20658
560370
450205
209011
17356
897670
665027
786107
645132
479935
117552
545934
4656
735310
834497
594209
932208
316137
171025
396699
185096
286474
469162
415163
585516
391183
221012
854406
952293
81378
468870
487155
155952
433280
210371
687511
330950
875397
473619
490286
869536
105375
550425
874192
840685
384922
982605
287098
215263
667835
683796
914562
954308
152959
843929
54029
58346
64941
908434
524843
660523
891508
11998
816474
324788
736572
503986
169943
126174
491809
174433
995710
597183
724857
384107
952072
623983
880916
239171
839245
548751
437171
268012
17264
104334
111942
71292
162679
691086
493930
687521
865813
385439
213724
682288
224431
950295
700478
394373
76470
192287
83011
586384
303674
807867
484695
255747
431851
365611
9122
785300
428567
960496
53313
445830
579035
679458
517122
741713
884748
525256
943439
750562
910694
671367
432850
135126
621662
647532
43703
212336
839818
126713
312924
657696
448785
797618
427647
880635
163230
436768
665935
106001
911469
719247
551830
490504
912909
583156
746421
797658
108413
204065
62425
19107
875431
9479
668436
11299
657010
226344
737838
496828
867260
50763
154524
316045
362585
96376
710884
40019
533143
376820
146019
958816
610271
697849
963524
523181
795209
224151
835043
903621
428215
897467
436933
817851
906945
619573
829149
563955
360121
81192
574987
741586
646158
243715
57631
8744
340090
282720
562966
387438
659539
708985
860458
269810
921038
823983
307195
716247
48134
656442
134074
990552
553909
571006
808403
975058
704783
151757
53218
64905
232949
628204
806490
393311
386124
378325
402054
240418
661044
479225
627855
320583
188210
2519
104598
623452
826501
925996
339699
388839
582439
473772
379391
650552
558982
187795
625611
263766
339551
678828
842874
86704
821237
649364
480015
721565
27689
396273
961982
688733
875497
104043
523520
577911
106561
142322
201363
933061
68319
55267
321900
650757
43243
215495
301309
602225
403289
926919
380195
257045
119953
223069
343748
455394
386637
337967
176959
414325
734240
138941
617262
123942
242983
654987
701853
863747
797308
903215
311013
865626
958481
147117
516383
1725
362612
817692
118154
765900
258816
12553
22945
892972
235621
880897
348366
622257
218864
525324
550786
467308
178470
682253
591250
421452
337240
293103
799404
134548
710522
110417
514379
183209
257534
30762
699137
620145
362658
817290
900249
135679
344047
437399
28651
93872
318296
377017
230333
51364
416545
781118
518672
595014
977575
624126
530671
314815
917228
330075
963567
141955
954695
477946
325163
212229
22912
538504
346578
899774
869998
246828
35453
214045
198431
64103
307916
516726
955323
538248
82294
886073
833571
600965
481087
811146
225091
11758
640166
656523
856036
117938
312683
810732
595883
152050
537165
132999
690554
883743
32773
560552
644775
68225
774597
843205
646532
596717
359931
116060
134966
442224
2133
482741
557394
483220
293887
296689
9182
448257
467417
865218
566194
780099
190155
676281
