194243
551371
854586
459585
644961
727379
214672
757845
789533
478738
889930
306253
645485
461758
214602
756982
611725
753458
797562
299996
358893
562692
124933
709812
257906
901965
64834
93345
678872
473058
239183
387320
538633
607974
846904
183594
849557
575781
455644
639090
54519
859778
945342
700003
321537
674149
456986
933261
941811
254548
747461
300704
331445
386598
10517
103555
288563
589554
196899
967435
62612
950285
868959
601244
558259
715863
299043
407816
291644
754686
561111
860366
614464
20658
560370
450205
209011
17356
897670
665027
786107
645132
479935
117552
545934
4656
735310
834497
594209
932208
316137
171025
396699
185096
286474
469162
415163
585516
391183
221012
854406
952293
81378
468870
487155
155952
433280
210371
687511
330950
875397
473619
490286
869536
105375
550425
874192
840685
384922
982605
287098
215263
667835
683796
914562
954308
152959
843929
54029
58346
64941
908434
524843
660523
891508
11998
816474
324788
736572
503986
169943
126174
491809
174433
995710
597183
724857
384107
952072
623983
880916
239171
839245
548751
437171
268012
17264
104334
111942
71292
162679
691086
493930
687521
865813
385439
213724
682288
224431
950295
700478
394373
76470
192287
83011
586384
303674
807867
484695
255747
431851
365611
9122
785300
428567
960496
53313
445830
579035
679458
517122
741713
884748
525256
943439
750562
910694
671367
432850
135126
621662
647532
43703
212336
839818
126713
312924
657696
448785
797618
427647
880635
163230
436768
665935
106001
911469
719247
551830
490504
912909
583156
746421
797658
108413
204065
62425
19107
875431
9479
668436
11299
657010
226344
737838
496828
867260
50763
154524
316045
362585
96376
710884
40019
533143
376820
146019
958816
610271
697849
963524
523181
795209
224151
835043
903621
428215
897467
436933
817851
906945
619573
829149
563955
360121
81192
574987
741586
646158
243715
57631
8744
340090
282720
562966
387438
659539
708985
860458
269810
921038
823983
307195
716247
48134
656442
134074
990552
553909
571006
808403
975058
704783
151757
53218
64905
232949
628204
806490
393311
386124
378325
402054
240418
661044
479225
627855
320583
188210
2519
104598
623452
826501
925996
339699
388839
582439
473772
379391
650552
558982
187795
625611
263766
339551
678828
842874
86704
821237
649364
480015
721565
27689
396273
961982
688733
875497
104043
523520
577911
106561
142322
201363
933061
68319
55267
321900
650757
43243
215495
301309
602225
403289
926919
380195
257045
119953
223069
343748
455394
386637
337967
176959
414325
734240
138941
617262
123942
242983
654987
701853
863747
797308
903215
311013
865626
958481
147117
516383
1725
362612
817692
118154
765900
258816
12553
22945
892972
235621
880897
348366
622257
218864
525324
550786
467308
178470
682253
591250
421452
337240
293103
799404
134548
710522
110417
514379
183209
257534
30762
699137
620145
362658
817290
900249
135679
344047
437399
28651
93872
318296
377017
230333
51364
416545
781118
518672
595014
977575
624126
530671
314815
917228
330075
963567
141955
954695
477946
325163
212229
22912
538504
346578
899774
869998
246828
35453
214045
198431
64103
307916
516726
955323
538248
82294
886073
833571
600965
481087
811146
225091
11758
640166
656523
856036
117938
312683
810732
595883
152050
537165
132999
690554
883743
32773
560552
644775
68225
774597
843205
646532
596717
359931
116060
134966
442224
2133
482741
557394
483220
293887
296689
9182
448257
467417
865218
566194
780099
190155
676281
932148
727319
809280
622702
611062
842052
183255
255837
424482
472056
99042
71014
68773
973176
187073
203738
929605
703410
686478
1204
186630
494570
297892
710015
457031
279513
575233
23226
59612
765387
699506
991760
6912
22991
614462
617973
379248
311921
388015
803729
783976
1261
388947
852749
488642
90224
570691
932451
793633
771374
933654
980262
780148
745750
204483
237179
25264
293920
774608
599079
59308
988319
590839
66219
11310
719506
198396
390557
31427
586410
194286
329608
101876
583232
696561
590517
673456
781456
522968
981293
552830
970826
475761
847182
230781
680243
84362
256044
974162
858969
855123
547674
847288
960166
128097
372803
193877
326493
763359
739508
427107
471850
69116
528982
569286
279881
633703
756946
61337
670875
738240
614167
641701
214001
461349
872482
894243
59915
642730
382610
433089
12058
930284
794581
486429
58381
167384
680305
899077
444948
419813
840389
431002
488928
369371
514492
768808
517279
271439
344350
188154
523883
958516
829855
737883
934069
216542
146331
508189
859271
43145
941277
385534
973428
735858
871962
546014
417447
552267
445091
376599
972080
285480
807600
975212
169056
322092
258226
686334
107735
602575
874487
631617
75296
218547
883704
9365
435088
544239
517553
808564
587384
973034
194098
560812
708893
66060
106826
640544
132531
66122
17143
104611
351601
338947
594028
520656
175243
852253
721194
282978
969032
595682
428799
44328
328433
312504
567896
763521
370947
599654
572085
958330
572688
280387
33348
795785
860650
654377
950533
993180
720498
967675
611996
72100
820826
206024
106960
996069
572481
828154
793251
541513
938040
222050
100045
266473
48758
667940
544198
933909
267594
630487
892239
354487
910873
925586
150272
771523
579964
100806
278909
300462
582685
890904
886765
403512
611132
993725
913785
183613
336084
221241
239330
274124
957494
339374
540596
6253
7314
598999
940161
789112
229486
346605
143599
140360
786396
808074
426087
366360
423084
219200
181026
5770
110104
581996
923485
235440
89926
351475
933256
426009
572715
172586
214337
530209
26164
269137
50666
33478
868135
505031
336794
97622
851636
994596
237981
638032
802670
178272
518596
739959
397472
213826
745728
21780
310026
183418
257220
399951
534892
190476
825959
107607
877266
40296
152020
903429
309433
202686
451111
177568
707716
787904
789393
73557
296705
27374
711588
613580
719850
744388
353539
117322
472419
99267
139101
782444
796888
910524
182396
331780
615205
522559
953590
492471
77060
105610
395900
900696
822499
361216
592468
44421
663324
381862
117977
960029
923439
343770
573609
643289
602362
927147
274815
74781
540618
413916
371430
337506
838644
553825
183490
453849
590588
651284
460524
667647
271098
370629
82548
93598
731844
675016
138018
395168
571082
770198
869401
494521
113968
443010
652015
230535
884361
926829
305315
939183
854949
676744
276689
693594
744773
974382
661647
335362
625666
122172
517213
896764
492800
113966
990361
738848
788981
642583
134016
874267
412781
517622
882992
40954
960631
535007
271488
359198
461837
91007
298381
316786
767751
89275
524584
26729
63657
186232
876294
689323
308403
393508
100292
315407
507473
604857
54255
810658
247440
702474
684925
174425
220096
567917
729582
694932
617129
515274
54130
78966
606281
352510
909955
888236
955988
434540
914964
19646
134976
791259
223173
957582
698971
323464
272989
206444
928320
327243
531306
689964
543921
730435
378593
764017
298352
108176
458949
429685
623449
513078
508650
229730
379792
932810
117966
335781
881554
547135
869630
16530
852598
607007
974111
551569
930470
761304
272217
372995
602751
803522
577163
146672
533957
955755
910688
346513
63931
883841
776198
687380
396919
799052
431314
290916
246067
63485
140901
127621
610619
524735
658354
463217
131742
146670
528990
576416
907973
801206
949410
24929
604728
526573
171601
652889
482328
596493
999401
60464
480335
289804
747843
391458
603061
693361
682373
849127
756845
337478
976748
881668
862212
149307
859089
993953
295977
388079
570369
718154
189285
33984
743083
308217
74761
914683
961105
71294
511176
474712
131757
991510
278720
393804
382969
881780
87165
579546
730908
844010
917024
221861
239883
293441
371167
98973
287395
667143
1256
371968
385298
190541
920156
128381
12962
994916
557268
974067
66210
582648
962983
197966
88364
241703
591769
985536
123484
193139
565082
854391
37149
996310
76252
791235
803956
961622
890207
605555
628766
891463
977522
528268
596208
897678
170853
609169
406800
728120
97441
987213
824972
574628
185180
913335
816331
291153
898871
939814
484291
978158
308410
35644
488673
898865
826879
292629
860487
231291
898183
3458
636958
389911
45930
747370
801793
216782
870744
208593
459106
968184
195807
284079
542813
895190
711618
873348
700547
610490
813162
184839
102853
635776
220482
105730
48846
561565
398359
909332
792856
810746
426995
944018
200657
472924
691389
516655
203911
562133
239452
663016
44522
949462
461299
587334
844652
172918
974886
545200
297612
302253
244243
400464
938028
978928
506193
986873
540494
418756
410411
847554
229503
351610
791572
944363
824533
997165
975222
28444
559298
214675
205665
603820
164137
666963
705358
8790
839880
680245
68194
651696
982497
826640
566364
434731
805568
586762
421604
860266
5518
346219
222025
749224
697828
527802
207793
36567
524967
183015
579214
84266
397689
784878
202290
561826
966046
907647
84820
320131
102097
667217
971827
84595
493857
538191
519325
813629
124953
455133
673896
644675
315557
895920
393899
13385
937926
115896
49951
462894
298911
143370
547159
210804
928247
263653
286834
894293
171300
371653
728629
273397
553074
700456
872195
561135
752851
391520
374765
877804
360857
562865
36684
676413
972989
430582
204003
910916
546478
253953
373810
359593
911526
435173
570396
839774
698825
857230
248272
384329
743087
976900
657725
810366
191561
529920
371501
944412
435644
260470
336421
796501
823334
373104
987118
310529
317890
191121
221445
378572
959278
109459
738164
870804
544631
822765
224783
757660
194200
473055
141989
451491
964159
313919
776061
669925
843838
147563
128542
793687
922236
464962
104393
259776
352270
91511
570304
670159
282632
791748
562936
241910
415411
815304
626918
474246
638069
851701
231906
346473
324756
888098
312169
803119
202017
88230
987248
560060
749996
115790
867951
672233
580751
972343
932008
447225
63854
16517
117385
860689
322469
194525
616803
737879
9829
243722
212125
162103
95423
958234
508575
934382
360537
334948
251706
76759
423178
238955
151023
687378
354744
18974
359611
449700
991316
805823
896924
569374
822339
528513
944268
144808
723037
561071
396891
247071
318997
123220
409173
414419
81454
431952
348801
956195
766900
114712
32954
704282
353666
183976
391660
708409
202949
751271
672313
708469
71299
83443
792047
893638
611955
736315
552650
849197
811591
463746
96268
130588
586965
505440
59212
182624
937391
922216
138819
218496
36928
171772
922777
390593
869951
314438
613207
72900
579913
799724
295573
651211
883166
87620
59054
9327
338140
125909
858523
149731
589654
468995
794522
176619
488639
853733
873446
426030
775950
12265
158731
327082
698240
81508
231880
568191
395945
845086
155295
490062
159015
965071
141274
42182
52692
200327
51508
905035
326235
424235
568970
430093
893229
363492
606712
381868
731430
480158
322102
21585
6628
480832
348666
704867
76545
580545
787263
986693
939835
456762
476756
98851
421834
618029
141032
474525
332560
706743
893764
173000
130978
462734
603092
24207
340430
209804
406074
71860
204167
242380
607648
724998
723212
956314
944069
799756
51064
731332
786449
505104
188095
777409
118159
124133
395438
773394
112862
727998
480137
6626
900997
611114
469359
18294
149525
323993
742302
69803
395853
946468
312182
3501
185671
549598
474019
129740
863558
39288
375277
164213
58596
77576
941621
176754
201708
337060
950147
314569
579262
430284
321194
994463
555602
304757
12757
219331
628749
755058
289133
538806
215731
115519
56512
401401
665117
530530
531141
528675
84022
906417
207092
142617
498197
148714
319370
699904
999977
783721
14473
579239
214005
849870
87907
283811
154627
100663
503141
297580
369926
792273
836386
585656
421997
892897
987057
87114
937631
32403
129993
535858
453024
337085
678474
951220
485798
512049
651124
999979
295770
179801
579218
23980
29671
181329
821994
698501
281991
325136
996080
651916
631613
346671
237573
53610
239568
738834
654927
691404
285441
784920
227262
738464
636209
419940
203889
636211
446193
369217
636190
256168
549017
729612
280147
92892
910940
616345
791392
707135
941480
301677
359052
87299
648348
110829
140908
402120
363867
310040
607728
649307
609164
349194
901975
245373
769134
620068
395788
729531
989284
31978
985698
538301
275794
780049
145397
186734
396395
936788
408073
852079
238465
767124
939377
401017
392157
594490
803137
270228
904529
925069
433739
27898
274264
335714
273270
43398
469986
183262
287133
459270
729443
272832
511775
5237
567085
657171
706174
963479
108164
114247
815559
860833
395576
269141
261850
787732
863630
579191
572165
282364
504261
5904
310261
778524
855822
97735
336126
325808
280996
137463
785078
10439
410294
811057
15675
491584
982433
236053
455063
90597
350300
784826
951429
745875
53968
213280
47812
431802
306675
134181
714166
325140
140085
538631
103664
995906
636366
953993
835918
917361
91457
135201
927800
15955
946258
457679
507538
928691
693732
476806
19288
558236
775836
484922
818315
344008
212406
380331
775810
519080
514512
4181
844220
654596
542811
462088
164707
179177
930286
625
96539
21743
135826
538543
551901
596288
996221
59440
39184
204158
50450
572675
762393
826285
57597
94913
170294
270002
475244
946103
303287
989755
464488
661711
158556
7299
123799
837466
186476
568289
352295
797218
590031
2325
849965
656137
598612
360391
229781
152000
564549
280230
724675
841146
106515
782271
936059
791012
566478
411303
251320
383969
915262
715807
45680
73818
723106
683682
911283
423786
251972
777782
735208
356207
780107
585173
12344
378719
945563
242124
530719
510112
36558
769598
865463
143073
551869
801522
448289
632551
727029
699609
530724
642291
415416
576403
230313
138522
774290
655800
76512
26262
433582
811719
896672
213689
911096
423221
106613
856660
179549
637331
880976
216107
406929
746439
873383
473002
62166
321672
619758
789194
21281
150482
945689
436697
241090
176002
89423
15380
831801
680139
41641
265384
6063
452517
993276
917159
875737
99889
773819
55287
737219
169000
785597
658352
429644
658980
645559
494856
265317
795208
516137
930002
740897
467038
171092
916899
70665
186471
262905
265008
742315
528288
271071
194833
35770
188230
70570
135658
476253
640060
387082
645252
425657
45434
74896
598841
205197
566705
93698
984717
361913
609834
914720
617014
591076
85812
533913
175945
786487
796818
440953
528802
839310
712023
723634
875079
900252
308409
524942
890709
462673
912023
535961
888330
471661
125062
487171
676858
691766
580868
661575
567883
704906
90500
184897
810186
690516
233015
986131
477003
544037
941288
5805
383347
653311
243644
772631
67768
66257
297573
958476
528929
209596
8642
931463
195461
133703
418635
872318
339673
513707
48099
907555
218614
138598
606657
543004
829113
839671
529135
820320
383708
470423
826125
281259
637938
583973
568094
219910
164434
865666
178386
693362
589466
187028
624826
784927
320730
557665
171450
660403
71372
219548
82163
804189
872350
203024
347194
215668
556899
390533
35989
454811
375161
376318
736070
527303
474495
304164
747213
638928
684035
925598
846494
273501
626830
985524
572632
461765
543189
744082
636372
128766
477834
232739
932954
864388
435763
794352
594261
992661
699090
144454
447473
588455
34976
697747
115758
509470
516115
862970
662602
200150
302774
23301
987855
443808
8826
74692
905572
552014
332978
56149
194984
810812
288888
642143
189405
724650
436495
297870
231516
135585
442323
193193
724039
477298
890939
354002
500972
921259
216972
677778
635613
33950
701079
623468
477758
709904
212365
897534
776122
545342
953683
485311
356154
756775
127454
59764
481425
563948
357633
227145
213738
314161
420338
451981
791458
825481
805982
806635
260945
537159
484413
896558
85313
699696
34231
563070
409600
246595
974809
699927
791937
928492
185238
662295
685267
312691
722058
680896
390843
593896
422245
604580
908056
356787
570766
213719
696473
376748
534558
957417
428111
18972
853975
513424
718667
402411
590698
642472
649005
565507
856603
440942
8204
556045
617442
207675
382940
853704
888570
773782
447600
825020
892567
869860
181807
463333
83580
878279
354285
618137
349902
296601
151313
718081
324229
384185
120492
914926
540861
283702
994638
911668
238848
2842
467713
856289
210517
364857
709994
613291
652843
671798
952515
545410
541659
134323
522947
139443
526806
391437
271784
390912
202242
937301
108994
526470
321486
743689
955600
376551
27391
950238
288219
266239
467285
270136
122528
192006
149197
832521
319501
802039
504320
272017
861654
560183
920543
384601
699625
447349
290242
485613
352466
492483
422914
461459
533157
258604
205148
488758
635154
232539
953200
437577
12982
420485
221917
135509
126695
885317
482235
446196
687357
500759
718212
549011
60942
638755
447816
274771
600308
252263
760383
952773
258950
183298
928436
792107
956105
133585
795069
591260
880327
748269
543041
893308
682959
279163
543021
809653
164480
25256
255849
851836
40219
488265
915051
615364
127020
877072
890134
241533
129335
164723
708510
388284
862224
636947
694595
818329
284736
3869
923793
165063
266343
466835
572575
949301
745997
629800
273159
424681
169261
43213
276518
209479
531477
705773
824843
172702
582845
229182
928438
712179
393904
636948
614668
256128
273895
823467
74458
558630
827336
998250
237897
93679
979289
324676
557184
239491
954476
830342
664172
637941
387759
454894
847419
433441
160667
186467
606142
743512
415649
48785
969895
809552
685732
98768
65681
473832
922235
654342
546666
263776
166797
784563
357454
146087
623443
428842
385577
92124
773388
563953
730064
161148
18847
91689
594588
179514
278155
714934
923025
693803
763718
407125
17561
963654
505893
597445
437486
942332
251787
984152
206108
932787
282920
77766
78874
906362
506607
978655
512691
279995
542608
242755
955346
561455
334443
549934
740968
612598
264868
178198
820605
542790
99527
838165
506445
119624
435610
943930
61956
201601
442287
782267
134389
725206
374237
727466
145774
880843
220326
658464
675043
762934
415423
630389
838593
749866
180324
93766
876668
959395
786167
697273
16391
885693
535439
522835
5318
485253
980969
581477
201059
423257
363745
849651
662667
737981
577117
322645
133030
797443
981108
322277
74582
396532
952665
427379
660602
647193
521144
537270
120794
307311
234543
137184
707208
284186
174223
712525
283644
155192
294003
484702
92653
171952
334353
755320
424137
425674
592169
557166
737321
573278
879442
326107
484014
346313
753485
144616
507710
788833
681885
628503
610348
430632
765686
317557
714818
454113
30082
512666
609305
838288
997367
216162
524444
845924
485686
948581
785802
77856
19952
37329
165338
413599
363435
649351
274116
631125
793966
781825
419958
990055
410329
30307
934891
690219
862067
649709
144333
892148
676579
267842
244642
188151
484003
769085
34075
483894
231871
334082
561749
766027
371410
727086
179626
249049
890641
453741
880173
198812
235566
814336
188867
160099
358847
123758
850318
220914
287672
508855
627266
964250
776696
386112
152402
774903
155198
700680
258797
901272
548966
334750
667299
920375
61836
361129
683629
952476
814869
78007
151288
564640
892342
854358
724738
765393
492321
89261
986306
779992
598115
613573
258447
374811
999684
925052
663919
669086
139938
922715
84564
688903
771670
751862
833505
112992
807112
300187
442065
885118
965678
520909
291666
334242
245648
57059
826562
849112
43366
120759
447228
171143
893409
336243
685031
332667
162
868322
472604
437082
952885
675711
208752
218952
799194
556461
846147
120511
370852
288213
519834
850735
323326
811499
184977
83178
868557
525743
932290
426127
160706
379518
111474
54115
229965
310710
900985
230127
179032
373589
181413
646121
49301
390164
865072
362699
460829
711220
483210
831681
513637
517248
682416
836962
328747
381597
920140
711508
907339
852430
651840
68045
746152
763313
636363
976116
74023
537349
206243
767258
425142
387655
413379
988646
292023
278452
865550
752852
989671
862964
584533
17513
380212
781153
854474
708958
162750
774614
934670
70089
141249
586510
652337
887400
864028
802904
863517
452255
854457
583964
219514
793804
485824
147097
782450
777846
425548
648000
44903
929423
510964
143640
946935
405380
924792
315615
628542
601746
90229
563213
671834
231478
663927
838375
118878
42160
155485
496599
494415
9942
80564
228133
803745
566387
375229
100401
858437
314982
262605
903340
244405
287774
46980
705545
693153
485977
21160
321696
87723
625592
884908
273762
857069
63040
626341
490152
105200
500955
113819
305972
581518
341951
623921
662109
717179
724321
34752
32161
501131
938091
790770
788904
499275
496315
482057
499456
31679
803752
587179
657270
202865
375145
28545
780109
1486
32901
885308
783311
533855
999126
603487
629578
855281
227408
805891
572460
465934
840642
118826
967064
292938
423800
755968
306418
434319
752229
805873
465997
70187
907256
637471
273051
282401
180220
53160
283887
213120
452672
581402
261180
966002
184889
404962
821283
926500
725057
907948
392434
565700
540978
873702
372842
964777
143875
193464
399096
896104
999337
379297
966290
420798
16768
753545
703199
196988
320910
501290
924311
773581
82692
699695
253789
781784
104657
75072
222489
343919
497224
129128
423823
38202
2830
796664
517183
146705
990128
916278
557013
503670
809779
523303
438672
340752
791052
656075
51944
111962
157365
976254
399748
754260
653536
50249
809015
242812
272738
152934
740036
401865
576756
778237
404694
373421
809625
65603
877753
240108
622615
895627
49888
660122
848503
390639
965379
504579
956786
77341
661943
447245
477088
930408
637399
644828
980656
446415
887640
767598
599348
627676
169463
176105
920117
88362
63730
729742
668168
455687
969850
804988
865518
533942
979314
714021
438785
944693
732804
395571
22035
394748
842815
13327
839360
480215
172360
820016
440834
60000
587615
40182
201880
271282
730490
121997
359643
308424
365944
542016
278315
849998
347004
658037
383940
326318
886263
822724
271012
619067
218295
807250
13815
575314
334781
367379
55529
507140
187396
496362
567139
289215
50749
769018
560496
295443
405220
434344
118072
771163
976359
396386
135366
323363
568628
519305
163885
454891
856233
434896
73958
74528
242146
601977
164046
576927
969355
219575
598271
670955
230141
165411
960169
795093
448633
34871
90537
853852
983418
722812
139220
473982
633402
788789
311549
202030
308094
475433
656920
164327
910329
245083
753058
666679
847059
917104
757810
330619
650883
356082
1575
395228
35697
475948
190322
484329
510818
795062
852386
8441
517874
505810
482422
151276
294600
793970
353306
116898
783608
524430
795429
693937
769512
62692
874820
616571
494000
146836
947190
659087
17122
948764
54316
52818
938916
244637
51351
963939
39699
417941
972379
71777
923751
969006
223052
732555
762976
576357
849452
546584
100788
159086
754725
870299
221778
143751
1076
715777
290586
462470
374865
307707
925438
943384
874728
864354
188021
926078
828293
741923
344020
800673
813699
781975
283884
550955
514530
46860
127313
878186
107649
742304
37273
376578
126808
259050
520328
642087
489031
325118
104557
378100
147029
29995
321484
21757
408554
23709
462040
236847
765631
320264
551724
93535
102239
835607
644490
130973
396672
286007
9159
542515
560635
395102
669322
333889
915430
825614
822920
754752
930170
715224
901781
474370
36709
437742
882923
574621
413986
119770
734249
185699
947991
350692
21306
106686
995868
417977
392692
519232
436501
935206
79867
831603
118734
413756
261238
944347
750880
530194
388722
466104
431975
863091
17017
383922
260219
591638
797907
379989
446095
46362
79892
908290
397053
101197
14977
392922
33379
921872
912153
984083
857079
506224
329891
490017
919979
105333
948568
185064
635527
337290
651168
581706
714586
182389
479832
974804
288231
277740
868997
734325
324101
948888
156821
235358
564290
171797
628279
111873
93669
54637
610160
464952
560861
940051
954968
480840
45384
417741
665904
195115
755031
831276
291026
983821
527869
770857
472830
816100
48597
856032
886901
319125
707245
122260
397619
393246
264743
509491
1120
319380
119652
466071
394445
573907
935244
389489
133495
352985
569597
328610
622220
400873
619635
606041
928742
904696
593076
744842
467498
449108
809471
354399
768232
30922
990862
165852
938371
769810
189547
939490
89190
823402
405562
997838
397309
340806
387327
530804
207995
956924
373618
830215
357797
507457
950460
800743
412153
543536
59790
879650
506848
383466
748254
789285
928591
253321
469341
866962
23131
173092
320658
626524
996494
726219
624362
393803
581229
11690
438811
303428
968613
812428
133643
840614
834089
84104
155563
246243
141844
729556
640097
162897
113022
902555
952181
555817
155877
421522
422780
179007
594613
743437
805531
105312
983860
429893
13320
79294
955786
452130
382721
924399
778763
516364
279219
612852
114672
434781
373299
770719
164337
527601
933615
791563
430156
400001
347380
586032
335727
284364
279244
444545
542005
598979
549856
40070
543076
563175
119363
498863
529510
16289
937466
822477
46857
216685
949533
161528
165670
322833
446451
844211
364638
894271
149979
794793
294272
497358
895030
629999
295927
688478
74544
837931
287457
138604
878001
830532
701779
511568
329395
745493
527856
781066
567970
574712
511955
517503
250444
677625
354540
696895
521836
719177
591166
186019
28176
399642
683376
923205
543845
493507
611683
132593
331439
413344
271197
723644
243876
487180
235212
87476
232673
763068
868541
314847
337780
380496
832349
588224
572325
186890
799323
608365
420271
904693
794383
448446
818539
991964
885855
362385
485471
497538
494977
816909
425086
280378
54758
668962
281762
289970
270642
28639
567242
653387
343485
905021
548087
175835
7450
634617
876928
320977
242982
297199
225670
551570
259850
558414
543534
145705
920798
29005
157448
929979
360119
582533
210358
414876
765699
492119
219050
550545
520758
786291
203932
378447
205518
266224
68486
212967
900840
945413
48149
143822
756817
788022
695391
530871
346436
753129
676575
267234
782134
834022
197214
656457
416556
921775
71333
696459
928098
290383
247005
963060
76674
965140
341508
282191
231364
409993
9363
132204
869611
57511
790230
140633
359737
999825
671503
706173
752955
348078
973406
535089
696305
684824
191546
627065
120804
777082
323524
48903
581669
570528
526167
172548
535669
867674
968942
281237
791872
492509
413441
175688
550019
203671
316320
909756
717700
502027
130134
470655
364309
617744
519948
60614
302569
711493
687678
937576
2781
525407
500683
98654
610139
26851
271201
660012
408729
240144
941249
200601
732652
354690
890492
796876
72565
206812
220837
790264
223043
350970
260920
587352
482918
780867
647965
785486
6566
849848
237268
523550
375255
737950
622203
499598
279005
407609
159611
687734
647752
100860
402539
894608
969753
293032
205689
42318
14048
940729
346786
237091
805903
121910
824442
288822
416982
986611
588512
937751
836459
825779
975505
725918
77935
597708
225517
356939
519521
385127
44673
681477
191
447212
576086
969943
254448
295979
526465
268495
236709
873250
505585
556816
509365
330027
845637
440551
830843
434150
378302
667302
774133
353807
907425
852067
465719
132942
209007
985240
32273
253679
666717
32463
215095
757007
2406
983746
567191
43075
252242
803899
430529
272031
874919
939893
116263
720557
894648
947105
668911
272950
614407
443044
140961
36037
295112
120885
168978
18323
620329
715454
786205
287046
747916
515505
558258
264526
499251
125449
307600
265697
443552
252334
537728
318471
706431
653990
553232
601080
601095
222143
874029
729706
179392
529195
765743
988707
650079
448925
7030
784612
164380
793234
71658
426500
308739
144120
205231
322195
783772
27035
587891
227324
279368
639823
985799
293813
613231
586879
409112
349579
975112
653023
528970
18512
932970
31882
182795
381895
38911
967406
60479
346349
553269
1184
169293
697388
206414
491487
481161
233448
593582
222689
27021
233406
796892
527024
527218
924328
113903
450535
273907
603219
103558
317081
621731
550732
348962
318730
932626
387872
286137
507310
248425
839405
508493
417717
50998
229111
909203
532158
976762
502786
269052
3783
250396
65944
45011
777613
990271
158913
742352
778382
276337
845909
95463
412272
396641
958628
731001
843472
860704
17138
864986
109130
370747
887683
526846
421745
116794
950254
468107
607760
967244
737158
125748
217640
317307
170758
509457
307578
843875
251810
600165
120212
611923
695627
46688
522769
168461
777688
880445
29165
309031
745431
138294
679777
633114
179345
615726
264112
129599
83834
386076
611047
335196
511823
828686
652502
682581
338143
474285
526456
589952
74450
160872
716080
284281
207559
238849
452741
499451
119294
996110
808481
378929
134404
2464
526247
827952
618189
304563
957550
216227
690638
82802
551423
202462
911487
203925
885042
763835
678209
925702
867991
266863
86574
584071
65349
808336
822919
518089
307787
456417
514199
630473
835345
162808
632936
361592
990759
765329
666154
462515
981556
870997
59521
532979
73459
971008
251108
472705
734843
929317
398407
117039
710384
999184
701110
775732
321725
38234
808026
143716
494651
836429
774188
844200
999236
921328
719997
504201
686658
900355
480920
182419
771352
540440
715397
359015
25653
966504
831719
274700
410026
744330
391739
634615
257719
607053
410347
579443
645286
732577
237364
654141
569007
11552
12547
82448
932880
732543
586648
133743
147103
581772
316161
432660
636417
545762
791674
662069
26471
623394
936769
950701
881928
842712
585316
139648
449765
509867
233295
609255
242445
470658
263397
811451
996414
790147
893898
443499
36895
994751
577241
183997
576523
407606
616656
727144
467572
922535
389214
494042
545929
840187
958947
942061
197104
544263
81709
646868
568335
829208
256123
810779
814070
33724
136435
810484
823870
30333
253983
860764
539288
345428
558966
630016
267238
689826
357160
734809
612361
260578
743056
158290
100765
702003
614556
297868
760471
696264
458940
328806
39677
229268
139585
853747
262991
790223
664231
601066
820555
432419
461830
874048
292051
535000
504064
73494
224827
375428
808302
837187
636006
65563
509682
250975
281771
124238
63048
42242
820501
521987
885251
374383
751254
24836
228130
528450
329263
406565
129516
149818
838983
105550
538070
645239
640550
42134
718732
865376
931766
41239
702563
567772
621006
212245
818746
902776
336482
881793
459222
671188
917985
344473
45571
669239
883512
711893
212775
194469
841408
876796
547657
946958
414867
192896
587508
971204
425832
967088
902970
467070
669651
470742
88076
396101
803693
505056
246787
685486
964277
432179
117676
308750
991953
786915
192262
779857
13013
919240
974326
854421
796037
36188
315584
210904
743287
417296
696312
169119
384384
599283
150393
54035
70025
238469
964339
387922
257729
211127
587613
222007
643305
705288
44961
635259
6408
751427
929320
19421
670667
903646
873841
466704
454038
189425
191812
197325
606720
888124
366443
505308
1612
516836
73547
71636
269509
37887
973762
527237
249013
561375
263448
406522
266663
555985
273071
59836
485306
292491
244707
903156
680536
225616
357195
384165
417427
554519
505089
819755
435167
10397
821366
466207
83943
407207
249920
121829
380969
291361
885045
942343
554809
805772
209006
377422
361757
996280
951461
361267
802975
196168
264424
483511
421783
621618
867675
353415
690341
372764
173170
639712
897364
508741
620123
981307
915947
870042
617340
296916
161404
16591
753463
230417
822362
476673
122043
698323
472954
73504
59591
275929
269671
838218
273645
205659
974040
141320
559073
664381
28289
246447
818298
925652
755187
438421
421164
185339
308464
38505
996458
984071
55095
749921
728692
391661
740799
850734
604188
727957
924237
663778
518090
708112
501996
791734
913770
990240
447259
987047
168827
989751
747699
987124
915403
502886
425545
850772
202430
248213
889276
198888
746488
458575
463014
475180
364440
203813
325914
968627
931769
764355
146611
964063
472468
162811
755798
900442
153052
717261
401695
321878
707012
149394
309002
136620
166484
248751
987391
368913
11169
876667
567801
757656
849446
30815
747041
213886
748831
72955
696718
194805
351515
843328
158868
823982
6139
428870
724424
673394
660335
126119
995271
367347
789716
818477
503967
956200
581433
5563
325113
592601
396435
407118
864461
245881
952136
611502
973971
700967
198662
184894
409976
550176
28222
83049
888362
548564
26123
126991
221959
686458
767314
731434
53805
557030
549912
71976
513230
131345
77539
838343
238150
473973
759665
616815
234058
711802
228318
722233
926973
941183
907126
336950
5564
935347
419998
893925
998116
446120
535120
734279
132578
302434
465713
700587
859464
529829
286767
372694
175378
878509
725241
413527
866686
484907
544547
100745
710913
287069
822977
637886
228252
730104
489040
748019
179656
909037
156149
691976
869362
691268
426255
516144
993702
406173
730935
367371
936001
17703
740064
625584
410416
979510
39111
277103
978621
97862
892051
689534
384930
715028
841624
613181
959336
330665
875404
653197
753906
31553
345173
623268
237026
285633
653617
744932
691805
384552
112303
142011
916458
366571
767594
326875
346081
603977
838906
418771
496028
42645
803701
725260
884269
931086
198802
214934
806491
851998
483044
352248
711375
106313
589273
511212
759929
334205
717221
144481
960711
859232
575144
327283
141031
902018
187568
461940
505995
26475
880711
516227
583323
198617
241487
467592
129703
440288
196730
450398
679774
802646
32071
300291
906123
543282
574424
240329
260504
718904
201040
633940
808252
42527
774970
710270
230095
751115
216265
770773
631826
246696
354096
344647
488183
335893
988553
442675
532622
438952
249166
726600
241598
281236
26891
147721
338722
902253
113430
834423
617498
747369
156880
660024
36545
867150
404323
787659
597619
175096
933689
844315
529192
278336
332498
379289
266889
775172
911910
220045
538542
152716
461642
333982
693810
123568
672704
809329
540025
786133
157957
157523
47708
314836
331752
84252
181986
736074
871910
293810
425375
319804
138125
468771
598139
470622
848059
379232
759998
274174
599277
298541
426889
575123
632522
634904
212895
819430
444233
752920
605564
116394
424647
167476
945433
270603
765931
641624
520882
152046
935433
946256
471849
73558
415027
584192
58384
263086
963423
818381
537259
76905
631126
478353
652028
777853
627461
379127
597283
585898
132047
717051
702291
70899
884526
647724
341501
650457
289348
862382
802502
224781
322843
788555
812542
737869
372747
870925
515159
850375
689307
566623
927279
834637
44976
93512
612490
672436
472639
209774
258334
118890
441029
474829
189788
325556
636757
45494
490217
440310
422080
806924
179295
744923
595479
991837
996996
482431
862762
512156
332806
66274
78779
260085
900911
637958
867801
513401
824598
340440
237379
597136
973533
678408
71965
163322
518168
708721
723019
522589
663235
659303
329513
842530
404226
439197
834367
401223
921627
697129
427583
768637
277608
506361
28722
178519
658523
896522
206124
483121
751166
443503
80257
724700
636115
152221
402226
668487
